4
Instancias/Problem_0_71.txt
                   1               70415               70580                1500                1500                   2
                   2               33990               57700        -1.15422e+06                1500                   2
                   3               33110               56710        -1.08925e+06                1500                   2
                   4               33110               56380        -1.02604e+06                1500                   2
                   5               32985               56145             -962821                1500                   2
                   6               32560               55830             -899856                1500                   2
                   7               32560               55830             -837737                1500                   2
                   8               32560               55940             -775617                1500                   2
                   9               32560               55830             -726802                1500                   2
                  10               32560               55405             -664692                1500                   2
                  11               32560               55310             -602573                1500                   2
                  12               32560               55310             -540454                1500                   2
                  13               32340               54995             -478338                1500                   2
                  14               32135               54460             -417702                1500                   2
                  15               32025               54790             -361738                1500                   2
                  16               32025               54790             -301867                1500                   2
                  17               31915               54915             -240821                1500                   2
                  18               31680               54665             -198768                1500                   2
                  19               31680               54900             -139453                1500                   2
                  20               30785               51585            -96226.4                1500                   2
                  21               30785               51915            -57705.6                1500                   2
                  22               29700               49400            -34286.3                1500                   2
                  23               26190               50450            -17761.5                1500                   2
                  24               23000               46490              -14063                1500                   2
                  25               21790               45170            -12922.9                1500                   2
                  26               21225               45435            -10654.9                1500                   2
                  27               19450               47940            -9802.52                1500                   2
                  28               19010               42025             -7721.8                1500                   2
                  29               17895               50030            -13377.9                1500                   2
                  30               17580               44540            -6100.15                1500                   2
                  31               16825               39675            -4722.58                1500                   2
                  32               15020               52540            -10298.1                1500                   2
                  33               14800               46095            -4846.11                1500                   2
                  34               13560               62620            -39661.1                1500                   2
                  35               13560               61850              -23026                1500                   2
                  36               13560               55765              -13976                1500                   2
                  37               13340               51350            -8505.32                1500                   2
                  38               13230               44545            -5556.74                1500                   2
                  39               12680               42375            -3894.96                1500                   2
                  40               12240               45045            -4658.49                1500                   2
                  41               12130               31945            -1511.79                1500                   2
                  42               11800               47250            -4782.52                1500                   2
                  43               11550               32435            -1362.57                1500                   2
                  44               11000               67270            -45234.8                1500                   2
                  45               11000               66090            -29516.9                1500                   2
                  46               11000               62460              -17284                1500                   2
                  47               10670               54695            -10840.7                1500                   2
                  48               10340               49985            -6140.76                1500                   2
                  49               10340               41610            -2952.44                1500                   2
                  50                9555               61500            -17424.7                1500                   2
                  51                9555               56975            -9073.35                1500                   2
                  52                9555               46180            -4151.75                1500                   2
                  53                9460               41605            -1561.64                1500                   2
                  54                9460               40305            -2865.93                1500                   2
                  55                8940               28440            -773.584                1500                   2
                  56                8815               66900            -22476.8                1500                   2
                  57                8815               62830            -12998.7                1500                   2
                  58                8815               53425            -6383.14                1500                   2
                  59                8705               45740            -3103.52                1500                   2
                  60                8690               38245            -1976.37                1500                   2
                  61                7370               53330            -9701.62                1500                   2
                  62                7370               49165            -5276.33                1500                   2
                  63                7370               45770            -2667.26                1500                   2
                  64                7355               37130            -673.545                1500                   2
                  65                7355               33140             31.1446                1500                   2
                  66                7135               58970            -12822.1                1500                   2
                  67                7135               56550            -6989.53                1500                   2
                  68                7135               43715            -3181.35                1500                   2
                  69                7135               35760             -1304.1                1500                   2
                  70                7135               33440            -170.133                1500                   2
                  71                7040               59440            -10627.1                1500                   2
                  72                7040               56095             -5641.3                1500                   2
                  73                7040               33640            -1294.93                1500                   2
                  74                6725               48175            -5510.45                1500                   2
                  75                6725               42285            -2351.65                1500                   2
                  76                6725               41155            -1179.58                1500                   2
                  77                6725               29100             409.409                1500                   1
                  78                6725               43070            -1192.82                1500                   1
                  79                6725               28645             346.895                1500                   1
                  80                6725               25410             1097.35                1500                   1
                  81                6725               47375            -1966.01                1500                   1
                  82                6725               32635            -29.3156                1500                   1
                  83                6725               24245             802.672                1500                   1
                  84                6725               42805            -3220.98                1500                   1
                  85                6725               40730            -1488.74                1500                   1
                  86                6725               28350             159.044                1500                   1
                  87                6725               37255            -828.582                1500                   1
                  88                6725               30215             662.924                1500                   1
                  89                6725               43340            -1064.23                1500                   1
                  90                6725               34585             435.897                1500                   1
                  91                6725               32400             616.134                1500                   1
                  92                6725               23445             1120.87                1500                   1
                  93                6725               48490            -2908.84                1500                   1
                  94                6725               39330            -468.269                1500                   1
                  95                6725               28145             619.184                1500                   1
                  96                6725               22740             1055.53                1500                   1
                  97                6725               21875             1232.12                1500                   1
                  98                6725               47945            -4962.65                1500                   1
                  99                6725               47380            -2498.84                1500                   1
                 100                6725               29685              475.49                1500                   1
                 101                6725               45615            -1036.36                1500                   1
                 102                6725               33645             452.993                1500                   1
                 103                6725               39505            -167.749                1500                   1
                 104                6725               29450             1004.75                1500                   1
                 105                6725               17870             1526.58             1526.58                   1
                 106                6505               53945            -9437.01             1526.58                   1
                 107                6505               49955            -5480.04             1526.58                   1
                 108                6505               46480            -3053.53             1526.58                   1
                 109                6505               33705            -590.024             1526.58                   1
                 110                6505               34395             102.533             1526.58                   1
                 111                6505               29210             928.969             1526.58                   1
                 112                6505               42805            -1219.53             1526.58                   1
                 113                6505               34650             204.522             1526.58                   1
                 114                6505               32245             649.484             1526.58                   1
                 115                6505               36345             236.788             1526.58                   1
                 116                6505               33030             657.997             1526.58                   1
                 117                6505               16390             1549.84             1549.84                   1
                 118                6505               51415            -5157.93             1549.84                   1
                 119                6505               42285            -2659.27             1549.84                   1
                 120                6505               27425             157.497             1549.84                   1
                 121                6505               24990             611.138             1549.84                   1
                 122                6505               40870            -2371.68             1549.84                   1
                 123                6505               38780            -163.743             1549.84                   1
                 124                6505               28270             641.685             1549.84                   1
                 125                6505               20430             1196.51             1549.84                   1
                 126                6505               52705            -4006.69             1549.84                   1
                 127                6505               45145            -2122.56             1549.84                   1
                 128                6505               30390             944.278             1549.84                   1
                 129                6505               19265             1308.01             1549.84                   1
                 130                6505               39865            -1388.52             1549.84                   1
                 131                6505               30405            -183.267             1549.84                   1
                 132                6505               30830              272.09             1549.84                   1
                 133                6505               36475             -249.91             1549.84                   1
                 134                6505               29890             793.101             1549.84                   1
                 135                6505               38420            -308.163             1549.84                   1
                 136                6505               28350             722.266             1549.84                   1
                 137                6505               33515            -539.536             1549.84                   1
                 138                6505               24385              1002.5             1549.84                   1
                 139                6505               40400            -2066.25             1549.84                   1
                 140                6505               38560            -398.884             1549.84                   1
                 141                6505               27880             957.998             1549.84                   1
                 142                6505               16455             1518.36             1549.84                   1
                 143                6505               13345             1713.97             1713.97                   1
                 144                6505               50900            -9794.68             1713.97                   1
                 145                6505               49800            -6320.01             1713.97                   1
                 146                6505               47270            -4746.17             1713.97                   1
                 147                6505               36565            -1191.17             1713.97                   1
                 148                6505               34525             67.2746             1713.97                   1
                 149                6505               20585              1004.9             1713.97                   1
                 150                6505               43230            -2719.91             1713.97                   1
                 151                6505               38925            -1415.13             1713.97                   1
                 152                6505               24500              1006.1             1713.97                   1
                 153                6505               39835            -1090.49             1713.97                   1
                 154                6505               32230             39.3302             1713.97                   1
                 155                6505               26105             549.253             1713.97                   1
                 156                6505               19615             1415.19             1713.97                   1
                 157                6505               46750            -4056.86             1713.97                   1
                 158                6505               42885            -1812.72             1713.97                   1
                 159                6505               27925             604.376             1713.97                   1
                 160                6505               22035             1361.82             1713.97                   1
                 161                6505               42820            -1214.97             1713.97                   1
                 162                6505               32340             314.611             1713.97                   1
                 163                6505               26495              600.94             1713.97                   1
                 164                6505               15750             1463.53             1713.97                   1
                 165                6505               13220             1462.92             1713.97                   1
                 166                6505               45635            -6237.59             1713.97                   1
                 167                6505               40590            -2847.49             1713.97                   1
                 168                6505               29950             -848.47             1713.97                   1
                 169                6505               24230             45.5275             1713.97                   1
                 170                6505               21310             568.084             1713.97                   1
                 171                6505               19865             724.415             1713.97                   1
                 172                6505               35985            -1521.46             1713.97                   1
                 173                6505               26605             135.403             1713.97                   1
                 174                6505               36155             280.896             1713.97                   1
                 175                6505               23805             1154.22             1713.97                   1
                 176                6505               43510             -1971.1             1713.97                   1
                 177                6505               40525            -566.812             1713.97                   1
                 178                6505               30660             841.058             1713.97                   1
                 179                6505               22945             1359.02             1713.97                   1
                 180                6505               45790            -3818.17             1713.97                   1
                 181                6505               42395            -1697.22             1713.97                   1
                 182                6505               31145             440.785             1713.97                   1
                 183                6505               32750            -268.506             1713.97                   1
                 184                6505               27455             1074.29             1713.97                   1
                 185                6505               45975            -935.216             1713.97                   1
                 186                6505               32670             515.995             1713.97                   1
                 187                6505               36880              452.97             1713.97                   1
                 188                6505               21280             1464.62             1713.97                   1
                 189                6395               42240            -4045.28             1713.97                   1
                 190                6395               39095            -1118.59             1713.97                   1
                 191                6395               26840             486.695             1713.97                   1
                 192                6395               34145             58.6581             1713.97                   1
                 193                6395               26430             863.747             1713.97                   1
                 194                6395               17225              1598.1             1713.97                   1
                 195                6395               43540            -4526.72             1713.97                   1
                 196                6395               40380            -2599.78             1713.97                   1
                 197                6395               29480             160.735             1713.97                   1
                 198                6395               35655             195.387             1713.97                   1
                 199                6395               20210             1238.64             1713.97                   1
                 200                6395               29230            -2945.64             1713.97                   1
                 201                6395               27205            -97.3038             1713.97                   1
                 202                6395               25050             289.932             1713.97                   1
                 203                6395               21075             1145.82             1713.97                   1
                 204                6395               18120             1569.86             1713.97                   1
                 205                6395               36345            -5086.43             1713.97                   1
                 206                6395               33110            -2252.28             1713.97                   1
                 207                6395               29260            -546.032             1713.97                   1
                 208                6395               23555             903.861             1713.97                   1
                 209                6395               33470            -940.601             1713.97                   1
                 210                6395               25675             618.646             1713.97                   1
                 211                6395               34665            -438.259             1713.97                   1
                 212                6395               22835             932.361             1713.97                   1
                 213                6395               40480            -215.426             1713.97                   1
                 214                6395               27330             1019.47             1713.97                   1
                 215                6395               17505              1639.6             1713.97                   1
                 216                6395               39565             -5906.1             1713.97                   1
                 217                6395               37225             -2387.4             1713.97                   1
                 218                6395               31490            -964.271             1713.97                   1
                 219                6395               28050            -70.9664             1713.97                 0.5
                 220                6395               21875             519.518             1713.97                 0.5
                 221                6395               19365             1265.99             1713.97                 0.5
                 222                6395               13110             1510.06             1713.97                 0.5
                 223                6395               11570             1673.53             1713.97                 0.5
                 224                6395               43935            -1553.08             1713.97                 0.5
                 225                6395               34505            -378.679             1713.97                 0.5
                 226                6395               22315             839.251             1713.97                 0.5
                 227                6395               18230             1183.01             1713.97                 0.5
                 228                6395               30925             770.157             1713.97                 0.5
                 229                6395               20965              1320.5             1713.97                 0.5
                 230                6395               23620             1190.29             1713.97                 0.5
                 231                6395               16615             1653.44             1713.97                 0.5
                 232                6395               33390            -69.7866             1713.97                 0.5
                 233                6395               31300             761.428             1713.97                 0.5
                 234                6395               16960             1493.88             1713.97                 0.5
                 235                6395               11775             1758.11             1758.11                 0.5
                 236                6395               39100            -1727.43             1758.11                 0.5
                 237                6395               33505            -479.796             1758.11                 0.5
                 238                6395               19695             936.999             1758.11                 0.5
                 239                6395               14180             1294.63             1758.11                 0.5
                 240                6395               28555             24.8846             1758.11                 0.5
                 241                6395               25995             791.254             1758.11                 0.5
                 242                6395               16850             1667.29             1758.11                 0.5
                 243                6395                9120             1811.91             1811.91                 0.5
                 244                6395               37445            -2749.79             1811.91                 0.5
                 245                6395               35810            -1103.05             1811.91                 0.5
                 246                6395               33045            -419.252             1811.91                 0.5
                 247                6395               20115             833.627             1811.91                 0.5
                 248                6395               12795             1192.66             1811.91                 0.5
                 249                6395               27610              348.01             1811.91                 0.5
                 250                6395               21215             1142.31             1811.91                 0.5
                 251                6395               18720              1466.8             1811.91                 0.5
                 252                6395               12325             1727.95             1811.91                 0.5
                 253                6395               40135            -1740.96             1811.91                 0.5
                 254                6395               35940            -325.246             1811.91                 0.5
                 255                6395               30110             447.937             1811.91                 0.5
                 256                6395               14900             1488.23             1811.91                 0.5
                 257                6395               37710            -459.701             1811.91                 0.5
                 258                6395               34145             617.764             1811.91                 0.5
                 259                6395               18705             1527.52             1811.91                 0.5
                 260                6395               13140             1772.39             1811.91                 0.5
                 261                6395               38825            -1748.39             1811.91                 0.5
                 262                6395               33640            -215.477             1811.91                 0.5
                 263                6395               17710             1027.15             1811.91                 0.5
                 264                6395               14805             1288.05             1811.91                 0.5
                 265                6395               30960             158.894             1811.91                 0.5
                 266                6395               24785             1051.72             1811.91                 0.5
                 267                6395               18800              1356.5             1811.91                 0.5
                 268                6395               15390             1638.63             1811.91                 0.5
                 269                6395               33645             133.886             1811.91                 0.5
                 270                6395               24860             789.151             1811.91                 0.5
                 271                6395               18060             1585.66             1811.91                 0.5
                 272                6395               11805             1793.51             1811.91                 0.5
                 273                6395               28760            -1389.05             1811.91                 0.5
                 274                6395               27125            -104.041             1811.91                 0.5
                 275                6395               14635             1453.43             1811.91                 0.5
                 276                6395               26260             240.036             1811.91                 0.5
                 277                6395               23840             955.209             1811.91                 0.5
                 278                6395               13235             1612.22             1811.91                 0.5
                 279                6395               26795             138.514             1811.91                 0.5
                 280                6395               20510             675.479             1811.91                 0.5
                 281                6395               14870             1596.23             1811.91                 0.5
                 282                6395               23965             85.2526             1811.91                 0.5
                 283                6395               19190             1127.09             1811.91                 0.5
                 284                6395               22900             1326.33             1811.91                 0.5
                 285                6395               13425             1707.96             1811.91                 0.5
                 286                6395               25505             -409.95             1811.91                 0.5
                 287                6395               24750             570.156             1811.91                 0.5
                 288                6395               15200              1357.1             1811.91                 0.5
                 289                6395               11460             1691.82             1811.91                 0.5
                 290                6395               31730            -1661.07             1811.91                 0.5
                 291                6395               28635            -217.137             1811.91                 0.5
                 292                6395               23340             633.264             1811.91                 0.5
                 293                6395               18075             1014.97             1811.91                 0.5
                 294                6395               22300             698.353             1811.91                 0.5
                 295                6395               15780             1542.47             1811.91                 0.5
                 296                6395               25175             629.655             1811.91                 0.5
                 297                6395               19565             1299.95             1811.91                 0.5
                 298                6395               21985             835.607             1811.91                 0.5
                 299                6395               17005             1497.63             1811.91                 0.5
                 300                6395               23340             428.857             1811.91                 0.5
                 301                6395               20685             1327.28             1811.91                 0.5
                 302                6395               26230             1166.32             1811.91                 0.5
                 303                6395               16975             1637.55             1811.91                 0.5
                 304                6395               23935             784.357             1811.91                 0.5
                 305                6395               22160             1122.67             1811.91                 0.5
                 306                6395               19740             1502.75             1811.91                 0.5
                 307                6395                8900             1773.18             1811.91                 0.5
                 308                6395                8350             1826.02             1826.02                 0.5
                 309                6395               38660            -5817.27             1826.02                 0.5
                 310                6395               38220            -3552.75             1826.02                 0.5
                 311                6395               38205            -2186.87             1826.02                 0.5
                 312                6395               28775            -823.329             1826.02                 0.5
                 313                6395               24800            -102.424             1826.02                 0.5
                 314                6395               18735              1131.1             1826.02                 0.5
                 315                6395               32810             552.737             1826.02                 0.5
                 316                6395               22740              1308.9             1826.02                 0.5
                 317                6395               21375             1313.74             1826.02                 0.5
                 318                6395               13865             1750.37             1826.02                 0.5
                 319                6395               33065            -867.328             1826.02                 0.5
                 320                6395               29875             365.729             1826.02                 0.5
                 321                6395               19535             1070.59             1826.02                 0.5
                 322                6395               17935             1462.94             1826.02                 0.5
                 323                6395               23980             619.726             1826.02                 0.5
                 324                6395               18575             1461.82             1826.02                 0.5
                 325                6395               19300             1015.85             1826.02                 0.5
                 326                6395               13975             1469.47             1826.02                 0.5
                 327                6395               24515             912.338             1826.02                 0.5
                 328                6395               13755              1481.1             1826.02                 0.5
                 329                6395               31745            -407.704             1826.02                 0.5
                 330                6395               30520             397.747             1826.02                 0.5
                 331                6395               17495             1447.62             1826.02                 0.5
                 332                6395               12075             1686.62             1826.02                 0.5
                 333                6395               10565             1745.44             1826.02                 0.5
                 334                6395               33865            -1887.21             1826.02                 0.5
                 335                6395               33205             -260.76             1826.02                 0.5
                 336                6395               21200              966.78             1826.02                 0.5
                 337                6395               17005             1264.95             1826.02                 0.5
                 338                6395               23460             891.618             1826.02                 0.5
                 339                6395               19440             1683.19             1826.02                 0.5
                 340                6395               23150             377.684             1826.02                 0.5
                 341                6395               22915             1184.73             1826.02                 0.5
                 342                6395               22520             1348.41             1826.02                 0.5
                 343                6395               18090             1693.73             1826.02                 0.5
                 344                6395               24360             689.477             1826.02                 0.5
                 345                6395               22255             1364.49             1826.02                 0.5
                 346                6395               20070             1284.55             1826.02                 0.5
                 347                6395                8460             1730.71             1826.02                 0.5
                 348                6395               36490            -4919.52             1826.02                 0.5
                 349                6395               34070            -2951.54             1826.02                 0.5
                 350                6395               33315            -1541.09             1826.02                 0.5
                 351                6395               30800            -196.165             1826.02                 0.5
                 352                6395               20195             1028.25             1826.02                 0.5
                 353                6395               13220             1283.99             1826.02                 0.5
                 354                6395                9465              1384.5             1826.02                 0.5
                 355                6395               32485            -1846.33             1826.02                 0.5
                 356                6395               32045             -282.44             1826.02                 0.5
                 357                6395               25415             386.057             1826.02                 0.5
                 358                6395               15530             1387.11             1826.02                 0.5
                 359                6395               12875             1558.87             1826.02                 0.5
                 360                6395                9970              1593.7             1826.02                 0.5
                 361                6395               32670            -1905.34             1826.02                 0.5
                 362                6395               31020            -47.4421             1826.02                 0.5
                 363                6395               20840             621.366             1826.02                 0.5
                 364                6395               22490              1181.8             1826.02                 0.5
                 365                6395               15685              1441.9             1826.02                 0.5
                 366                6395               28490             377.922             1826.02                 0.5
                 367                6395               21720             1088.58             1826.02                 0.5
                 368                6395               15610             1572.47             1826.02                 0.5
                 369                6395               26810             431.344             1826.02                 0.5
                 370                6395               19520             1129.39             1826.02                 0.5
                 371                6395               16785             1420.86             1826.02                 0.5
                 372                6395               14725             1733.35             1826.02                 0.5
                 373                6395               11760             1768.98             1826.02                 0.5
                 374                6395               31525            -539.952             1826.02                 0.5
                 375                6395               25350             472.352             1826.02                 0.5
                 376                6395               14950             1211.76             1826.02                 0.5
                 377                6395               10235             1490.42             1826.02                 0.5
                 378                6395               29810            -2172.48             1826.02                 0.5
                 379                6395               27515            -509.663             1826.02                 0.5
                 380                6395               25110             111.698             1826.02                 0.5
                 381                6395               13500             1329.74             1826.02                 0.5
                 382                6395               31460             329.526             1826.02                 0.5
                 383                6395               23465             1102.48             1826.02                 0.5
                 384                6395               22080             1196.97             1826.02                0.25
                 385                6395               18985             1635.32             1826.02                0.25
                 386                6395               13455             1755.14             1826.02                0.25
                 387                6395               22570             1197.71             1826.02                0.25
                 388                6395               15515             1565.08             1826.02                0.25
                 389                6395               14085             1678.64             1826.02                0.25
                 390                6395                9890             1858.09             1858.09                0.25
                 391                6395               26655             123.877             1858.09                0.25
                 392                6395               24015             1092.24             1858.09                0.25
                 393                6395                9215             1552.68             1858.09                0.25
                 394                6395                8665             1706.01             1858.09                0.25
                 395                6395               26230             799.888             1858.09                0.25
                 396                6395               17650             1360.01             1858.09                0.25
                 397                6395               12545              1548.4             1858.09                0.25
                 398                6395               12200              1749.8             1858.09                0.25
                 399                6395               19285             1504.05             1858.09                0.25
                 400                6395               14005             1724.01             1858.09                0.25
                 401                6395               18405             1482.34             1858.09                0.25
                 402                6395               13770             1789.41             1858.09                0.25
                 403                6395               16205             1177.79             1858.09                0.25
                 404                6395               16095              1643.3             1858.09                0.25
                 405                6395               13300             1737.97             1858.09                0.25
                 406                6395                8665             1895.43             1895.43                0.25
                 407                6395               25175              40.306             1895.43                0.25
                 408                6395               21860             937.284             1895.43                0.25
                 409                6395               19910             1105.91             1895.43                0.25
                 410                6395               14305             1580.72             1895.43                0.25
                 411                6395               10455             1723.15             1895.43                0.25
                 412                6395               18390             1200.06             1895.43                0.25
                 413                6395               14100             1642.16             1895.43                0.25
                 414                6395               11650              1729.3             1895.43                0.25
                 415                6395                9780             1771.71             1895.43                0.25
                 416                6395               20040             478.519             1895.43                0.25
                 417                6395               16740             1355.42             1895.43                0.25
                 418                6395               15655             1469.72             1895.43                0.25
                 419                6395               12845             1746.18             1895.43                0.25
                 420                6395               24185             1288.61             1895.43                0.25
                 421                6395               17760             1627.29             1895.43                0.25
                 422                6395               13785             1790.23             1895.43                0.25
                 423                6395               17400             1346.36             1895.43                0.25
                 424                6395               14525             1694.39             1895.43                0.25
                 425                6395               18595             1743.56             1895.43                0.25
                 426                6395                7895             1598.13             1895.43                0.25
                 427                6395                7125             1887.52             1895.43                0.25
                 428                6395               22505            -752.977             1895.43                0.25
                 429                6395               21845              211.42             1895.43                0.25
                 430                6395               23290             749.759             1895.43                0.25
                 431                6395               17855             1028.77             1895.43                0.25
                 432                6395               10960             1608.44             1895.43                0.25
                 433                6395               21330             789.311             1895.43                0.25
                 434                6395               16945             1378.34             1895.43                0.25
                 435                6395               11680             1698.38             1895.43                0.25
                 436                6395               14665             1305.94             1895.43                0.25
                 437                6395               13000              1675.6             1895.43                0.25
                 438                6395               13990              1395.3             1895.43                0.25
                 439                6395                7675             1806.95             1895.43                0.25
                 440                6395               17005             655.657             1895.43                0.25
                 441                6395               16015             1179.22             1895.43                0.25
                 442                6395               11475                1465             1895.43                0.25
                 443                6395               17085             1008.92             1895.43                0.25
                 444                6395               16205             1614.68             1895.43                0.25
                 445                6395               11255             1749.87             1895.43                0.25
                 446                6395                8490             1884.07             1895.43                0.25
                 447                6395               21075              -147.9             1895.43                0.25
                 448                6395               17775             739.665             1895.43                0.25
                 449                6395               15245             1184.58             1895.43                0.25
                 450                6395               11540                1560             1895.43                0.25
                 451                6395               10550             1687.27             1895.43                0.25
                 452                6395               24550             150.252             1895.43                0.25
                 453                6395               21895             1138.56             1895.43                0.25
                 454                6395               19915             1382.49             1895.43                0.25
                 455                6395               12420             1682.22             1895.43                0.25
                 456                6395               10865             1843.37             1895.43                0.25
                 457                6395               18295             908.421             1895.43                0.25
                 458                6395               16740              1415.9             1895.43                0.25
                 459                6395               14445             1780.38             1895.43                0.25
                 460                6395               13895             1497.97             1895.43                0.25
                 461                6395               13205             1736.35             1895.43                0.25
                 462                6395               15485             1366.41             1895.43                0.25
                 463                6395               14935             1649.09             1895.43                0.25
                 464                6395               13880             1651.29             1895.43                0.25
                 465                6395               11790              1911.7              1911.7                0.25
                 466                6395               20980             709.538              1911.7                0.25
                 467                6395               18105             1179.68              1911.7                0.25
                 468                6395               15890             1555.52              1911.7                0.25
                 469                6395               14085             1756.01              1911.7                0.25
                 470                6395                7675             1943.86             1943.86                0.25
                 471                6395               21265            -236.683             1943.86                0.25
                 472                6395               19505             521.648             1943.86                0.25
                 473                6395               17935             969.944             1943.86                0.25
                 474                6395               16895             1464.26             1943.86                0.25
                 475                6395                9920             1624.91             1943.86                0.25
                 476                6395               16300             673.789             1943.86                0.25
                 477                6395               16080              1544.3             1943.86                0.25
                 478                6395               12750             1688.29             1943.86                0.25
                 479                6395               14775             1546.67             1943.86                0.25
                 480                6395               10565             1751.44             1943.86                0.25
                 481                6395               19660             1020.15             1943.86                0.25
                 482                6395               14695             1519.48             1943.86                0.25
                 483                6395                9215             1843.12             1943.86                0.25
                 484                6395               16880             401.489             1943.86                0.25
                 485                6395               16330             1230.04             1943.86                0.25
                 486                6395               13125             1434.64             1943.86                0.25
                 487                6395               10535             1806.52             1943.86                0.25
                 488                6395               19820             866.739             1943.86                0.25
                 489                6395               18485             1301.28             1943.86                0.25
                 490                6395               15955             1505.61             1943.86                0.25
                 491                6395               11790             1549.95             1943.86                0.25
                 492                6395               11790             1835.43             1943.86                0.25
                 493                6395               17965             910.744             1943.86                0.25
                 494                6395               14555             1475.99             1943.86                0.25
                 495                6395               12765             1647.41             1943.86                0.25
                 496                6395               13330             1288.42             1943.86                0.25
                 497                6395               11570             1771.46             1943.86                0.25
                 498                6395               17730             730.473             1943.86                0.25
                 499                6395               16175             1351.94             1943.86                0.25
                 500                6395               12765             1651.93             1943.86                0.25
                 501                6395               16865             1465.07             1943.86                0.25
                 502                6395               14885             1742.45             1943.86                0.25
                 503                6395               12640             1667.31             1943.86                0.25
                 504                6395               10755             1766.05             1943.86                0.25
                 505                6395               20290             961.344             1943.86                0.25
                 506                6395               17100             1477.89             1943.86                0.25
                 507                6395               12890             1625.11             1943.86                0.25
                 508                6395               14115             1352.31             1943.86                0.25
                 509                6395               12370             1780.44             1943.86                0.25
                 510                6395               12090              1429.4             1943.86                0.25
                 511                6395               11775              1667.8             1943.86                0.25
                 512                6395               18705             1131.76             1943.86                0.25
                 513                6395               15420             1642.03             1943.86                0.25
                 514                6395               14995             1739.99             1943.86                0.25
                 515                6395               10770             1847.15             1943.86                0.25
                 516                6395                9245             1916.71             1943.86                0.25
                 517                6395               26215            -206.536             1943.86                0.25
                 518                6395               24675             447.058             1943.86                0.25
                 519                6395               20715             1053.52             1943.86                0.25
                 520                6395               10865             1658.37             1943.86                0.25
                 521                6395                9875             1723.85             1943.86                0.25
                 522                6395               16380             556.024             1943.86                0.25
                 523                6395               14290             1388.77             1943.86                0.25
                 524                6395               11760             1637.41             1943.86                0.25
                 525                6395               14745             1626.84             1943.86                0.25
                 526                6395                9765             1809.38             1943.86                0.25
                 527                6395               21720             640.883             1943.86                0.25
                 528                6395               18075             1191.45             1943.86                0.25
                 529                6395               11305             1812.29             1943.86                0.25
                 530                6395               18200              1031.6             1943.86                0.25
                 531                6395               17195             1489.93             1943.86                0.25
                 532                6395               11540             1683.81             1943.86                0.25
                 533                6395                9560             1918.07             1943.86                0.25
                 534                6395               22005            -237.604             1943.86                0.25
                 535                6395               21675             845.316             1943.86                0.25
                 536                6395               19020             1234.97             1943.86                0.25
                 537                6395                9985             1587.35             1943.86                0.25
                 538                6395                8225             1703.68             1943.86                0.25
                 539                6395               20935            -66.9234             1943.86                0.25
                 540                6395               19190             846.295             1943.86                0.25
                 541                6395               18515             1309.53             1943.86                0.25
                 542                6395                9135             1738.01             1943.86                0.25
                 543                6395                8005             1804.16             1943.86                0.25
                 544                6395                7675             1842.45             1943.86                0.25
                 545                6395               20290             377.789             1943.86                0.25
                 546                6395               17965             938.304             1943.86               0.125
                 547                6395               14225             1227.44             1943.86               0.125
                 548                6395               10645             1546.72             1943.86               0.125
                 549                6395                9860              1643.8             1943.86               0.125
                 550                6395               10800             1448.37             1943.86               0.125
                 551                6395                9135             1758.16             1943.86               0.125
                 552                6395                9875             1863.29             1943.86               0.125
                 553                6395                9765             1897.86             1943.86               0.125
                 554                6395                9655             1767.97             1943.86               0.125
                 555                6395                8555             1830.41             1943.86               0.125
                 556                6395                7015             1642.25             1943.86               0.125
                 557                6395                7015             1818.27             1943.86               0.125
                 558                6395                9575             1349.41             1943.86               0.125
                 559                6395                9575              1764.2             1943.86               0.125
                 560                6395                7470             1763.55             1943.86               0.125
                 561                6395                7470             1906.44             1943.86               0.125
                 562                6395                7470             1924.43             1943.86               0.125
                 563                6395               14415             1501.98             1943.86               0.125
                 564                6395               11555             1595.97             1943.86               0.125
                 565                6395               10645             1705.08             1943.86               0.125
                 566                6395                9545             1876.96             1943.86               0.125
                 567                6395               11620             1602.91             1943.86               0.125
                 568                6395               10080             1811.43             1943.86               0.125
                 569                6395                9970             1862.97             1943.86               0.125
                 570                6395               10440             1575.23             1943.86               0.125
                 571                6395                8680             1871.02             1943.86               0.125
                 572                6395               10660             1297.88             1943.86               0.125
                 573                6395               10660             1701.86             1943.86               0.125
                 574                6395                9105             1798.52             1943.86               0.125
                 575                6395               10110             1791.65             1943.86               0.125
                 576                6395                8225              1903.6             1943.86               0.125
                 577                6395               12185              889.71             1943.86               0.125
                 578                6395               10095             1441.42             1943.86               0.125
                 579                6395               10095             1682.55             1943.86               0.125
                 580                6395                8005              1794.4             1943.86               0.125
                 581                6395                7550             1935.44             1943.86               0.125
                 582                6395               13660             1334.67             1943.86               0.125
                 583                6395               12985             1654.37             1943.86               0.125
                 584                6395                9200             1627.88             1943.86               0.125
                 585                6395                8100             1888.39             1943.86               0.125
                 586                6395               10880             985.286             1943.86               0.125
                 587                6395               10880             1478.49             1943.86               0.125
                 588                6395                9435             1738.06             1943.86               0.125
                 589                6395                9325             1772.37             1943.86               0.125
                 590                6395                9890             1524.12             1943.86               0.125
                 591                6395                8790             1913.07             1943.86               0.125
                 592                6395                7690             1934.83             1943.86               0.125
                 593                6395               10785             1112.28             1943.86               0.125
                 594                6395               10785             1583.85             1943.86               0.125
                 595                6395                9905             1657.86             1943.86               0.125
                 596                6395                7990             1803.37             1943.86               0.125
                 597                6395                6890             1900.57             1943.86               0.125
                 598                6395               13945             979.731             1943.86               0.125
                 599                6395               13505             1414.33             1943.86               0.125
                 600                6395               11085              1662.2             1943.86               0.125
                 601                6395                9670             1715.57             1943.86               0.125
                 602                6395                7705             1832.04             1943.86               0.125
                 603                6395                7140             1897.87             1943.86               0.125
                 604                6395               10880             1210.75             1943.86               0.125
                 605                6395               10880             1683.26             1943.86               0.125
                 606                6395                9575             1780.52             1943.86               0.125
                 607                6395                8335             1767.38             1943.86               0.125
                 608                6395                8540             1897.71             1943.86               0.125
                 609                6395                9685              1333.7             1943.86               0.125
                 610                6395                9685             1686.21             1943.86               0.125
                 611                6395                8005             1739.99             1943.86               0.125
                 612                6395                9135             1323.74             1943.86               0.125
                 613                6395                8915             1798.27             1943.86               0.125
                 614                6395                8915             1874.79             1943.86               0.125
                 615                6395                7235              1646.6             1943.86               0.125
                 616                6395                7125             1833.15             1943.86               0.125
                 617                6395                9025             857.127             1943.86               0.125
                 618                6395                8020             1330.44             1943.86               0.125
                 619                6395                8020             1718.42             1943.86               0.125
                 620                6395                7125             1739.84             1943.86               0.125
                 621                6395                9560             1469.48             1943.86               0.125
                 622                6395                7125              1859.3             1943.86              0.0625
Lagrangian Relaxation Time: 3.62187 s.
Tried aggregator 1 time.
MIP Presolve eliminated 272 rows and 645 columns.
MIP Presolve modified 45 coefficients.
Reduced MIP has 788 rows, 3109 columns, and 28245 nonzeros.
Reduced MIP has 1733 binaries, 0 generals, 0 SOSs, and 0 indicators.
Presolve time = 0.01 sec. (7.89 ticks)
Probing time = 0.00 sec. (2.80 ticks)
Tried aggregator 1 time.
MIP Presolve eliminated 44 rows and 88 columns.
Reduced MIP has 744 rows, 3021 columns, and 27595 nonzeros.
Reduced MIP has 1733 binaries, 0 generals, 0 SOSs, and 0 indicators.
Presolve time = 0.02 sec. (10.20 ticks)
Probing time = 0.00 sec. (2.78 ticks)
Clique table members: 100.
MIP emphasis: integer feasibility.
MIP search method: dynamic search.
Parallel mode: none, using 1 thread.
Root relaxation solution time = 0.16 sec. (129.90 ticks)

        Nodes                                         Cuts/
   Node  Left     Objective  IInf  Best Integer    Best Bound    ItCnt     Gap

*     0     0      integral     0     2050.0000     2050.0000     1546    0.00%
Elapsed time = 0.21 sec. (164.72 ticks, tree = 0.00 MB, solutions = 1)

Root node processing (before b&c):
  Real time             =    0.21 sec. (164.83 ticks)
Sequential b&c:
  Real time             =    0.00 sec. (0.00 ticks)
                          ------------
Total (root+branch&cut) =    0.21 sec. (164.83 ticks)

Root node processing (before b&c):
  Real time             =    0.00 sec. (0.04 ticks)
Sequential b&c:
  Real time             =    0.00 sec. (0.00 ticks)
                          ------------
Total (root+branch&cut) =    0.00 sec. (0.04 ticks)
Best Solution Found: 2050
Optimality Gap: 0.0546021
Solution is feasible
Total Time: 3.83347 s.
Best Solution: 2050
SubProblem Destroyed
...done!
