4
Instancias/Problem_0_342.txt
                   1               68500               68820                1500                1500                   2
                   2               29245               65020        -1.13447e+06                1500                   2
                   3               28145               64030        -1.07899e+06                1500                   2
                   4               27925               63920         -1.0257e+06                1500                   2
                   5               27925               64470             -972856                1500                   2
                   6               27925               64250             -920009                1500                   2
                   7               27925               63700             -867163                1500                   2
                   8               27250               62805             -814316                1500                   2
                   9               27250               63025             -762818                1500                   2
                  10               27250               62915             -711783                1500                   2
                  11               27250               63025             -668246                1500                   2
                  12               27250               62805             -616754                1500                   2
                  13               27250               62820             -565261                1500                   2
                  14               27250               62380             -513765                1500                   2
                  15               27250               62710             -462267                1500                   2
                  16               27030               61170             -410797                1500                   2
                  17               27030               61830             -370530                1500                   2
                  18               26480               59615             -319490                1500                   2
                  19               26480               59725             -269543                1500                   2
                  20               26260               59285             -219609                1500                   2
                  21               26260               59190             -184939                1500                   2
                  22               25945               57855             -135605                1500                   2
                  23               25710               58265            -98328.1                1500                   2
                  24               24925               57420            -59823.7                1500                   2
                  25               24925               58535            -35421.1                1500                   2
                  26               22990               49840            -24201.3                1500                   2
                  27               21230               52900            -17479.5                1500                   2
                  28               19910               46600            -14228.5                1500                   2
                  29               18540               44760            -8831.74                1500                   2
                  30               15650               65010            -65398.5                1500                   2
                  31               15460               64460            -44516.6                1500                   2
                  32               15460               62215            -25942.6                1500                   2
                  33               14800               59920              -12661                1500                   2
                  34               14565               48680            -6245.74                1500                   2
                  35               13025               60385            -19665.1                1500                   2
                  36               12585               56850            -11107.6                1500                   2
                  37               12255               41135            -5124.09                1500                   2
                  38               12145               40485            -3024.26                1500                   2
                  39               12035               63445            -29448.1                1500                   2
                  40               12035               62660            -16226.8                1500                   2
                  41               11610               52120            -9203.86                1500                   2
                  42               10920               48735            -7169.46                1500                   2
                  43               10825               41520            -3359.52                1500                   2
                  44               10715               42685            -2622.46                1500                   2
                  45               10620               43095            -1842.32                1500                   2
                  46               10495               57445              -18885                1500                   2
                  47               10385               51365            -10087.6                1500                   2
                  48               10385               42125            -3744.06                1500                   2
                  49               10385               61120            -12463.5                1500                   2
                  50               10385               54475            -7030.04                1500                   2
                  51                9615               57280            -5165.65                1500                   2
                  52                9615               47455             -5217.2                1500                   2
                  53                9615               39250             -2403.5                1500                   2
                  54                9395               58215            -12073.6                1500                   2
                  55                9395               49980            -7147.03                1500                   2
                  56                9285               47365            -3017.21                1500                   2
                  57                9285               41295            -1784.57                1500                   2
                  58                9285               46010            -3120.21                1500                   2
                  59                9285               35900            -1281.08                1500                   2
                  60                9285               48925            -2993.88                1500                   2
                  61                9285               53720            -8088.67                1500                   2
                  62                9285               42235            -2727.71                1500                   2
                  63                9270               60365              -10409                1500                   2
                  64                9270               50385            -5686.91                1500                   2
                  65                9270               51100            -5248.33                1500                   2
                  66                9270               34865            -1777.42                1500                   2
                  67                9270               44085            -2147.99                1500                   2
                  68                9270               45740            -3596.35                1500                   2
                  69                9270               43115            -2319.03                1500                   2
                  70                9270               60195            -12086.3                1500                   2
                  71                9270               54915            -7246.24                1500                   2
                  72                9270               47405            -3875.25                1500                   2
                  73                9270               55065            -5976.22                1500                   2
                  74                9270               40580            -1817.18                1500                   2
                  75                9145               59755            -13156.4                1500                   2
                  76                9145               52655            -6598.11                1500                   2
                  77                9035               47850            -3492.97                1500                   1
                  78                9035               37300            -1694.04                1500                   1
                  79                9035               46365            -2265.65                1500                   1
                  80                9035               31990            -409.606                1500                   1
                  81                9035               53375            -4542.93                1500                   1
                  82                9035               44635            -2091.07                1500                   1
                  83                9035               41030            -1368.07                1500                   1
                  84                9035               45580            -1637.58                1500                   1
                  85                9035               30150             465.397                1500                   1
                  86                9035               54000            -6112.56                1500                   1
                  87                9035               49695            -3549.54                1500                   1
                  88                9035               37045            -625.565                1500                   1
                  89                9035               45515            -2464.03                1500                   1
                  90                9035               37035            -685.387                1500                   1
                  91                8925               50780            -3014.07                1500                   1
                  92                8925               31995             196.035                1500                   1
                  93                8925               32305             634.855                1500                   1
                  94                8925               55355            -5402.67                1500                   1
                  95                8925               37265            -1275.64                1500                   1
                  96                8925               44905            -2452.86                1500                   1
                  97                8815               38040             -753.45                1500                   1
                  98                8800               32685             400.419                1500                   1
                  99                8785               48270            -4055.49                1500                   1
                 100                8785               32760             -502.51                1500                   1
                 101                8785               23490              431.75                1500                   1
                 102                8785               53625            -6871.09                1500                   1
                 103                8785               43615            -4062.14                1500                   1
                 104                8675               36250            -1311.32                1500                   1
                 105                8675               34850             195.554                1500                   1
                 106                8455               46505            -3468.13                1500                   1
                 107                8455               37330            -312.151                1500                   1
                 108                8440               51825            -2776.68                1500                   1
                 109                7985               33970            -50.9294                1500                   1
                 110                7985               44685            -2580.31                1500                   1
                 111                7985               33935             -253.18                1500                   1
                 112                7985               45125            -1854.78                1500                   1
                 113                7860               32745             60.8681                1500                   1
                 114                7750               28830             807.893                1500                   1
                 115                7750               45125            -2957.48                1500                   1
                 116                7750               33370            -279.047                1500                   1
                 117                7655               40725            -2089.44                1500                   1
                 118                7655               27385            -328.427                1500                   1
                 119                7655               47890            -3192.94                1500                   1
                 120                7655               33280            -306.923                1500                   1
                 121                7655               42250            -1999.01                1500                   1
                 122                7655               35215             20.9923                1500                   1
                 123                7655               31900             790.508                1500                   1
                 124                7655               50530            -3503.28                1500                   1
                 125                7655               37725             -741.67                1500                   1
                 126                7655               42820            -1527.42                1500                   1
                 127                7655               27720             493.558                1500                   1
                 128                7655               48090            -4386.93                1500                   1
                 129                7655               35995            -1361.47                1500                   1
                 130                7655               38565            -669.587                1500                   1
                 131                7655               47495            -1139.95                1500                   1
                 132                7655               34380            -17.0293                1500                   1
                 133                7655               43270            -2117.68                1500                   1
                 134                7655               29620              555.85                1500                   1
                 135                7655               46130            -3257.01                1500                   1
                 136                7655               36625            -715.163                1500                   1
                 137                7655               39325            -1324.97                1500                   1
                 138                7655               23430             805.155                1500                   1
                 139                7655               52825            -6680.27                1500                   1
                 140                7655               43380            -3362.55                1500                   1
                 141                7655               37190            -1024.73                1500                   1
                 142                7655               37115            -775.774                1500                   1
                 143                7655               25915             634.808                1500                   1
                 144                7655               22660             1163.85                1500                   1
                 145                7655               48515            -5672.39                1500                   1
                 146                7655               43145            -3122.81                1500                   1
                 147                7655               37380            -545.678                1500                   1
                 148                7655               47605             -1467.9                1500                   1
                 149                7655               40480            -355.776                1500                   1
                 150                7655               27265             744.661                1500                   1
                 151                7655               59315            -5969.67                1500                   1
                 152                7655               48140            -3290.77                1500                   1
                 153                7655               38715            -10.4102                1500                 0.5
                 154                7655               36285             544.548                1500                 0.5
                 155                7655               32170             447.654                1500                 0.5
                 156                7655               22405             1092.44                1500                 0.5
                 157                7655               48680            -1801.98                1500                 0.5
                 158                7655               27550             362.704                1500                 0.5
                 159                7655               35935             82.4062                1500                 0.5
                 160                7655               31070              659.17                1500                 0.5
                 161                7655               23730                1129                1500                 0.5
                 162                7545               43545            -1476.35                1500                 0.5
                 163                7545               31085             599.188                1500                 0.5
                 164                7545               32100             288.082                1500                 0.5
                 165                7545               35170             564.024                1500                 0.5
                 166                7545               31805             458.549                1500                 0.5
                 167                7545               32150             505.137                1500                 0.5
                 168                7545               26120             656.091                1500                 0.5
                 169                7545               35325            -46.5293                1500                 0.5
                 170                7545               30675             834.856                1500                 0.5
                 171                7545               33565               313.1                1500                 0.5
                 172                7545               33565             660.729                1500                 0.5
                 173                7545               39550             328.467                1500                 0.5
                 174                7545               27860             959.896                1500                 0.5
                 175                7545               41895            -371.335                1500                 0.5
                 176                7545               25835             1014.59                1500                 0.5
                 177                7545               38265            -673.755                1500                 0.5
                 178                7545               24955             974.265                1500                 0.5
                 179                7545               35450            -466.219                1500                 0.5
                 180                7545               30230             630.095                1500                 0.5
                 181                7545               36720             317.174                1500                 0.5
                 182                7545               26730             901.094                1500                 0.5
                 183                7545               43225            -552.164                1500                 0.5
                 184                7545               28900             982.469                1500                 0.5
                 185                7545               41545            -176.578                1500                 0.5
                 186                7545               22190             955.339                1500                 0.5
                 187                7545               48255            -1205.56                1500                 0.5
                 188                7545               26555             700.548                1500                 0.5
                 189                7545               34615            -105.061                1500                 0.5
                 190                7545               21420             1135.58                1500                 0.5
                 191                7545               46570            -1500.24                1500                 0.5
                 192                7545               29290             455.707                1500                 0.5
                 193                7545               33265             352.177                1500                 0.5
                 194                7545               26245             764.209                1500                 0.5
                 195                7545               35735             70.1288                1500                 0.5
                 196                7545               27765             992.629                1500                 0.5
                 197                7545               38515            -209.313                1500                 0.5
                 198                7545               27985             872.732                1500                 0.5
                 199                7545               32750            -99.5757                1500                 0.5
                 200                7545               25395              997.93                1500                 0.5
                 201                7545               37775             -554.32                1500                 0.5
                 202                7545               28350             650.805                1500                 0.5
                 203                7545               38985             8.05865                1500                 0.5
                 204                7545               27785             958.944                1500                 0.5
                 205                7545               41530            -454.353                1500                 0.5
                 206                7545               23450             1220.35                1500                 0.5
                 207                7545               43350            -1478.98                1500                 0.5
                 208                7545               36435             72.3123                1500                 0.5
                 209                7545               26540             967.141                1500                 0.5
                 210                7545               38530            -132.785                1500                 0.5
                 211                7545               27300             797.489                1500                 0.5
                 212                7545               35450             103.034                1500                 0.5
                 213                7545               31540             735.143                1500                 0.5
                 214                7545               34885              139.08                1500                 0.5
                 215                7545               25615             1087.79                1500                 0.5
                 216                7545               26215             1283.32                1500                 0.5
                 217                7545               35355            -79.3221                1500                 0.5
                 218                7545               26165             769.242                1500                 0.5
                 219                7545               40710            -260.432                1500                 0.5
                 220                7545               24985             985.557                1500                 0.5
                 221                7545               37445            -491.069                1500                 0.5
                 222                7545               25725             906.563                1500                 0.5
                 223                7545               38150            -461.275                1500                 0.5
                 224                7545               29005             757.888                1500                 0.5
                 225                7545               30090             256.542                1500                 0.5
                 226                7545               30455             852.487                1500                 0.5
                 227                7545               37685               43.27                1500                 0.5
                 228                7545               27860             963.442                1500                 0.5
                 229                7545               35060             62.5893                1500                0.25
                 230                7545               20620             925.186                1500                0.25
                 231                7545               31595              929.96                1500                0.25
                 232                7545               22490             1234.87                1500                0.25
                 233                7545               33610             702.551                1500                0.25
                 234                7545               25005             1390.12                1500                0.25
                 235                7450               32275             858.145                1500                0.25
                 236                7450               24345             1357.26                1500                0.25
                 237                7450               29590             946.222                1500                0.25
                 238                7450               24325             1289.08                1500                0.25
                 239                7450               19155             1484.96                1500                0.25
                 240                7450               27755             523.944                1500                0.25
                 241                7450               25365             1313.14                1500                0.25
                 242                7450               29245             908.961                1500                0.25
                 243                7450               20415             1382.82                1500                0.25
                 244                7450               30640             598.078                1500                0.25
                 245                7450               26145             1095.72                1500                0.25
                 246                7450               29405              1124.2                1500                0.25
                 247                7450               26400             1150.36                1500                0.25
                 248                7450               29195             1008.52                1500                0.25
                 249                7450               24610             1341.71                1500                0.25
                 250                7450               28775              837.94                1500                0.25
                 251                7450               24170             1338.65                1500                0.25
                 252                7450               29955             925.635                1500                0.25
                 253                7450               23715             1337.34                1500                0.25
                 254                7450               31995             799.841                1500                0.25
                 255                7450               22020             1387.88                1500                0.25
                 256                7450               32470             640.706                1500                0.25
                 257                7450               23180             1153.49                1500                0.25
                 258                7450               28790             1015.82                1500                0.25
                 259                7450               25725             1260.87                1500                0.25
                 260                7450               16805             1566.86             1566.86                0.25
                 261                7450               30910             294.796             1566.86                0.25
                 262                7450               25095             858.638             1566.86                0.25
                 263                7450               24890             1149.75             1566.86                0.25
                 264                7450               27705             1013.79             1566.86                0.25
                 265                7450               27000             1251.15             1566.86                0.25
                 266                7450               28630             1065.91             1566.86                0.25
                 267                7450               22065             1368.18             1566.86                0.25
                 268                7450               31635             790.514             1566.86                0.25
                 269                7450               25145             1383.38             1566.86                0.25
                 270                7450               30550             926.727             1566.86                0.25
                 271                7450               23980             1276.55             1566.86                0.25
                 272                7450               30755             920.747             1566.86                0.25
                 273                7450               23525             1427.23             1566.86                0.25
                 274                7450               35705             669.834             1566.86                0.25
                 275                7450               24595             1400.33             1566.86                0.25
                 276                7450               31350             816.881             1566.86                0.25
                 277                7450               22630              1461.4             1566.86                0.25
                 278                7450               17210             1542.07             1566.86                0.25
                 279                7450               32870             226.007             1566.86                0.25
                 280                7450               23105              1114.1             1566.86                0.25
                 281                7450               29640             976.938             1566.86                0.25
                 282                7450               26230             1349.95             1566.86                0.25
                 283                7450               30580             998.099             1566.86                0.25
                 284                7450               27470              1442.7             1566.86                0.25
                 285                7450               27000             860.972             1566.86                0.25
                 286                7450               23985             1407.84             1566.86                0.25
                 287                7450               28145             892.107             1566.86                0.25
                 288                7450               24785             1299.38             1566.86                0.25
                 289                7450               28255             1080.61             1566.86                0.25
                 290                7450               26405             1237.71             1566.86                0.25
                 291                7450               32495             1028.18             1566.86                0.25
                 292                7450               22760             1412.13             1566.86                0.25
                 293                7450               30170             701.684             1566.86                0.25
                 294                7450               21640             1527.65             1566.86                0.25
                 295                7450               31190             439.465             1566.86                0.25
                 296                7450               27485             977.392             1566.86                0.25
                 297                7450               25145             1200.89             1566.86                0.25
                 298                7450               26855             1235.04             1566.86                0.25
                 299                7450               28035             1047.43             1566.86                0.25
                 300                7450               23875             1340.51             1566.86                0.25
                 301                7450               31965             792.229             1566.86                0.25
                 302                7450               20825             1408.12             1566.86                0.25
                 303                7450               35305             405.139             1566.86                0.25
                 304                7450               31095             924.483             1566.86                0.25
                 305                7450               26245              1262.7             1566.86                0.25
                 306                7450               25650             1116.37             1566.86                0.25
                 307                7450               24280             1199.66             1566.86                0.25
                 308                7450               23120             1195.01             1566.86                0.25
                 309                7450               29465             984.077             1566.86                0.25
                 310                7450               22630             1404.02             1566.86                0.25
                 311                7450               31570                 644             1566.86                0.25
                 312                7450               25020             1196.93             1566.86                0.25
                 313                7450               27500             1101.98             1566.86                0.25
                 314                7450               25525             1245.45             1566.86                0.25
                 315                7450               31665              967.17             1566.86                0.25
                 316                7450               23115             1412.42             1566.86                0.25
                 317                7450               33015             756.606             1566.86                0.25
                 318                7450               23010             1398.08             1566.86                0.25
                 319                7450               32935             716.375             1566.86                0.25
                 320                7450               22945             1384.01             1566.86                0.25
                 321                7450               28165              927.01             1566.86                0.25
                 322                7450               22425             1403.75             1566.86                0.25
                 323                7450               36210             624.803             1566.86                0.25
                 324                7450               20525             1422.04             1566.86                0.25
                 325                7450               29150             670.265             1566.86                0.25
                 326                7450               24830             1171.03             1566.86                0.25
                 327                7450               23715             1298.37             1566.86                0.25
                 328                7450               30300              953.23             1566.86                0.25
                 329                7450               23260              1345.3             1566.86                0.25
                 330                7450               31260             753.728             1566.86                0.25
                 331                7450               24860             1402.21             1566.86                0.25
                 332                7450               31555             864.426             1566.86                0.25
                 333                7450               22460             1409.93             1566.86                0.25
                 334                7450               28350             729.005             1566.86                0.25
                 335                7450               23760              1199.1             1566.86                0.25
                 336                7450               27720             1130.76             1566.86               0.125
                 337                7450               19615             1495.62             1566.86               0.125
                 338                7450               14085             1599.33             1599.33               0.125
                 339                7450               30895             1077.53             1599.33               0.125
                 340                7450               21640             1459.42             1599.33               0.125
                 341                7450               27300             1376.93             1599.33               0.125
                 342                7450               18940             1517.16             1599.33               0.125
                 343                7450               15200             1605.43             1605.43               0.125
                 344                7450               30695             904.527             1605.43               0.125
                 345                7450               28150             1184.85             1605.43               0.125
                 346                7450               18925             1608.35             1608.35               0.125
                 347                7450               28930             1216.95             1608.35               0.125
                 348                7450               19250             1567.02             1608.35               0.125
                 349                7450               23195              1325.3             1608.35               0.125
                 350                7450               20620             1448.05             1608.35               0.125
                 351                7450               26120             1416.21             1608.35               0.125
                 352                7450               23620             1520.51             1608.35               0.125
                 353                7450               26420             1393.81             1608.35               0.125
                 354                7450               18450             1601.43             1608.35               0.125
                 355                7450               30080              1168.1             1608.35               0.125
                 356                7450               18580             1588.93             1608.35               0.125
                 357                7450               27925             1218.91             1608.35               0.125
                 358                7450               21670             1484.56             1608.35               0.125
                 359                7450               23825             1416.35             1608.35               0.125
                 360                7450               23230             1539.07             1608.35               0.125
                 361                7450               25855             1437.56             1608.35               0.125
                 362                7450               21420             1579.59             1608.35               0.125
                 363                7450               27945             1346.61             1608.35               0.125
                 364                7450               24645             1556.56             1608.35               0.125
                 365                7450               27630             1433.45             1608.35               0.125
                 366                7450               21800             1587.43             1608.35               0.125
                 367                7450               24860             1342.62             1608.35               0.125
                 368                7450               20525             1544.93             1608.35               0.125
                 369                7450               25930             1294.06             1608.35               0.125
                 370                7450               19050             1600.82             1608.35               0.125
                 371                7450               12075             1692.76             1692.76               0.125
                 372                7450               27155             859.591             1692.76               0.125
                 373                7450               23040              1338.3             1692.76               0.125
                 374                7450               24000             1382.42             1692.76               0.125
                 375                7450               26025             1521.45             1692.76               0.125
                 376                7450               26890             1446.05             1692.76               0.125
                 377                7450               16410             1643.56             1692.76               0.125
                 378                7450               28020             1113.13             1692.76               0.125
                 379                7450               21830             1526.76             1692.76               0.125
                 380                7450               25050             1502.16             1692.76               0.125
                 381                7450               23035             1495.43             1692.76               0.125
                 382                7450               23560             1517.51             1692.76               0.125
                 383                7450               21090             1508.91             1692.76               0.125
                 384                7450               23860             1410.54             1692.76               0.125
                 385                7450               19065             1613.54             1692.76               0.125
                 386                7450               29575             1187.63             1692.76               0.125
                 387                7450               19675             1659.11             1692.76               0.125
                 388                7450               29685             1202.45             1692.76               0.125
                 389                7450               19425             1616.63             1692.76               0.125
                 390                7450               25895             1356.68             1692.76               0.125
                 391                7450               19900             1586.13             1692.76               0.125
                 392                7450               24405             1325.26             1692.76               0.125
                 393                7450               19805             1658.93             1692.76               0.125
                 394                7450               30470             1198.36             1692.76               0.125
                 395                7450               19315             1630.34             1692.76               0.125
                 396                7450               29045             1256.81             1692.76               0.125
                 397                7450               23245              1477.2             1692.76               0.125
                 398                7450               26070             1486.77             1692.76               0.125
                 399                7450               24280             1566.28             1692.76               0.125
                 400                7450               24170             1450.16             1692.76               0.125
                 401                7450               19270             1614.16             1692.76               0.125
                 402                7450               31825             1124.25             1692.76               0.125
                 403                7450               20775             1604.67             1692.76               0.125
                 404                7450               26750             1325.63             1692.76               0.125
                 405                7450               23560             1448.99             1692.76               0.125
                 406                7450               25430             1494.02             1692.76               0.125
                 407                7450               21500              1553.6             1692.76               0.125
                 408                7450               28020             1411.81             1692.76               0.125
                 409                7450               16285             1601.55             1692.76               0.125
                 410                7450               28965             1105.11             1692.76               0.125
                 411                7450               23545             1386.34             1692.76               0.125
                 412                7450               22725             1539.18             1692.76               0.125
                 413                7450               26325             1476.07             1692.76               0.125
                 414                7450               24895             1564.03             1692.76               0.125
                 415                7450               22690             1471.85             1692.76               0.125
                 416                7450               22115              1533.9             1692.76               0.125
                 417                7450               30125             1402.25             1692.76               0.125
                 418                7450               21000             1636.38             1692.76               0.125
                 419                7450               26700             1327.98             1692.76               0.125
                 420                7450               17165             1647.85             1692.76               0.125
                 421                7450               31855             1081.65             1692.76               0.125
                 422                7450               19520             1541.27             1692.76               0.125
                 423                7450               16835              1650.5             1692.76               0.125
                 424                7450               29370             854.774             1692.76               0.125
                 425                7450               27815             1201.16             1692.76               0.125
                 426                7450               19425             1570.03             1692.76               0.125
                 427                7450               26935              1300.3             1692.76               0.125
                 428                7450               21265             1635.91             1692.76               0.125
                 429                7450               28255             1317.12             1692.76               0.125
                 430                7450               21675             1618.23             1692.76               0.125
                 431                7450               26655             1392.24             1692.76               0.125
                 432                7450               21550             1550.39             1692.76               0.125
                 433                7450               18235             1672.62             1692.76               0.125
                 434                7450               28055             1245.75             1692.76               0.125
                 435                7450               18500             1581.82             1692.76               0.125
                 436                7450               14400             1667.49             1692.76               0.125
                 437                7450               28540              1026.8             1692.76               0.125
                 438                7450               25850             1274.83             1692.76               0.125
                 439                7450               24850             1454.42             1692.76               0.125
                 440                7450               24435              1511.3             1692.76               0.125
                 441                7450               26420             1433.32             1692.76               0.125
                 442                7450               22035             1593.75             1692.76               0.125
                 443                7450               26625             1428.28             1692.76               0.125
                 444                7450               21565             1566.42             1692.76               0.125
                 445                7450               22805             1415.23             1692.76               0.125
                 446                7450               24315             1562.17             1692.76               0.125
                 447                7450               25980             1487.54             1692.76              0.0625
Lagrangian Relaxation Time: 3.01061 s.
Tried aggregator 1 time.
MIP Presolve eliminated 320 rows and 742 columns.
MIP Presolve modified 30 coefficients.
Reduced MIP has 740 rows, 3465 columns, and 35894 nonzeros.
Reduced MIP has 2185 binaries, 0 generals, 0 SOSs, and 0 indicators.
Presolve time = 0.02 sec. (10.09 ticks)
Probing time = 0.00 sec. (2.93 ticks)
Tried aggregator 1 time.
MIP Presolve eliminated 57 rows and 114 columns.
Reduced MIP has 683 rows, 3351 columns, and 35059 nonzeros.
Reduced MIP has 2185 binaries, 0 generals, 0 SOSs, and 0 indicators.
Presolve time = 0.02 sec. (12.55 ticks)
Probing time = 0.00 sec. (2.89 ticks)
Clique table members: 100.
MIP emphasis: integer feasibility.
MIP search method: dynamic search.
Parallel mode: none, using 1 thread.
Root relaxation solution time = 0.41 sec. (366.46 ticks)

        Nodes                                         Cuts/
   Node  Left     Objective  IInf  Best Integer    Best Bound    ItCnt     Gap

      0     0     1851.8750   119                   1851.8750     2941         
*     0+    0                         4045.0000     1851.8750            54.22%
      0     0     1856.6888   139     4045.0000      Fract: 3     3331   54.10%
      0     0     1860.6825   179     4045.0000      Fract: 1     3568   54.00%
*     0+    0                         2095.0000     1860.6825            11.18%
      0     2     1860.6825   179     2095.0000     1860.7189     3568   11.18%
Elapsed time = 1.35 sec. (1153.60 ticks, tree = 0.01 MB, solutions = 2)
*     1     1      integral     0     1875.0000     1860.7238     4805    0.76%

Gomory fractional cuts applied:  4

Root node processing (before b&c):
  Real time             =    1.32 sec. (1128.03 ticks)
Sequential b&c:
  Real time             =    0.22 sec. (240.26 ticks)
                          ------------
Total (root+branch&cut) =    1.53 sec. (1368.29 ticks)

Root node processing (before b&c):
  Real time             =    0.00 sec. (0.58 ticks)
Sequential b&c:
  Real time             =    0.00 sec. (0.00 ticks)
                          ------------
Total (root+branch&cut) =    0.00 sec. (0.58 ticks)
Best Solution Found: 1875
Optimality Gap: 0.10766
Solution is feasible
Total Time: 4.54455 s.
Best Solution: 1875
SubProblem Destroyed
...done!
