4
Instancias/Problem_0_737.txt
                   1               65380               66510                1500                1500                   2
                   2               31020               62820        -1.21751e+06                1500                   2
                   3               30690               62270        -1.15848e+06                1500                   2
                   4               30690               62270         -1.1001e+06                1500                   2
                   5               30690               62050        -1.04172e+06                1500                   2
                   6               30690               61955             -983344                1500                   2
                   7               30485               62080             -924969                1500                   2
                   8               30485               61860             -867000                1500                   2
                   9               30155               60650             -809034                1500                   2
                  10               30155               60980             -751724                1500                   2
                  11               30155               60650             -694424                1500                   2
                  12               29935               59315             -661709                1500                   2
                  13               29605               59425             -605144                1500                   2
                  14               29605               59645             -548948                1500                   2
                  15               29495               58985             -493045                1500                   2
                  16               29495               58765             -437059                1500                   2
                  17               29495               58875             -381084                1500                   2
                  18               29040               58075             -329328                1500                   2
                  19               29040               58185             -278725                1500                   2
                  20               28695               57620             -224326                1500                   2
                  21               28240               55735             -171277                1500                   2
                  22               28130               55295             -136806                1500                   2
                  23               28020               55185            -83597.2                1500                   2
                  24               27510               52545            -57724.4                1500                   2
                  25               26960               52605            -34237.7                1500                   2
                  26               26055               52335            -25120.5                1500                   2
                  27               25490               53120            -20785.4                1500                   1
                  28               23855               47245            -15778.1                1500                   1
                  29               22330               45590            -12346.9                1500                   1
                  30               21780               45495            -10506.8                1500                   1
                  31               19500               53750            -23180.1                1500                   1
                  32               19500               51190            -13555.8                1500                   1
                  33               19310               44700             -6444.3                1500                   1
                  34               18070               38160            -4008.93                1500                   1
                  35               16970               41065            -3661.76                1500                   1
                  36               16010               46880               -4907                1500                   1
                  37               14925               38770            -2621.19                1500                   1
                  38               13745               47635             -3417.8                1500                   1
                  39               12945               29365            -1155.25                1500                   1
                  40               12630               61505            -13345.8                1500                   1
                  41               12630               56885            -9014.01                1500                   1
                  42               11655               48045             -3157.3                1500                   1
                  43               11655               48645            -3320.32                1500                   1
                  44               11530               34000            -657.816                1500                   1
                  45               11515               64140            -9488.45                1500                   1
                  46               10950               57355            -5149.27                1500                   1
                  47               10950               45890            -1606.06                1500                   1
                  48               10510               38650             -455.71                1500                   1
                  49               10495               37665            -379.855                1500                   1
                  50               10070               40610             -175.23                1500                   1
                  51                8750               40890            -113.639                1500                   1
                  52                8640               55290            -3365.03                1500                   1
                  53                8530               40395             -1379.1                1500                 0.5
                  54                8530               28895             496.476                1500                 0.5
                  55                8530               42815            -649.816                1500                 0.5
                  56                8530               34790             535.157                1500                 0.5
                  57                8420               24450             1169.05                1500                 0.5
                  58                8420               52215            -2557.07                1500                 0.5
                  59                8310               43700            -767.022                1500                 0.5
                  60                8090               32570             674.433                1500                 0.5
                  61                8090               46480             19.4742                1500                 0.5
                  62                8090               30485             770.938                1500                 0.5
                  63                7870               46340            -347.109                1500                 0.5
                  64                7870               29365             803.978                1500                 0.5
                  65                7870               34915            -215.936                1500                 0.5
                  66                7870               27690             899.654                1500                 0.5
                  67                7760               47910            -778.512                1500                 0.5
                  68                7760               33220             1008.91                1500                 0.5
                  69                7760               41960             78.7696                1500                 0.5
                  70                7760               30250             942.696                1500                 0.5
                  71                7760               42570            -200.011                1500                 0.5
                  72                7760               27780             1101.48                1500                 0.5
                  73                7760               22360             1409.37                1500                 0.5
                  74                7760               52530            -1456.74                1500                 0.5
                  75                7760               32075             399.204                1500                 0.5
                  76                7760               36640             88.9791                1500                 0.5
                  77                7760               27110             1112.62                1500                 0.5
                  78                7760               41015            -452.339                1500                 0.5
                  79                7760               28175              672.34                1500                0.25
                  80                7760               29150             1160.65                1500                0.25
                  81                7760               20475             1532.31             1532.31                0.25
                  82                7760               36190             360.181             1532.31                0.25
                  83                7760               29890             1080.62             1532.31                0.25
                  84                7760               28995             1163.22             1532.31                0.25
                  85                7760               27955             1222.67             1532.31                0.25
                  86                7650               22410             1311.92             1532.31                0.25
                  87                7650               32090             1013.93             1532.31                0.25
                  88                7650               25880             1476.83             1532.31                0.25
                  89                7650               34665             922.026             1532.31                0.25
                  90                7650               20650             1525.19             1532.31                0.25
                  91                7650               38465             697.662             1532.31                0.25
                  92                7650               24075             1242.03             1532.31                0.25
                  93                7650               20180             1514.99             1532.31                0.25
                  94                7650               38610             787.248             1532.31                0.25
                  95                7650               25080             1380.89             1532.31                0.25
                  96                7540               27735              1157.5             1532.31                0.25
                  97                7540               21640             1499.99             1532.31                0.25
                  98                7430               40735             635.029             1532.31                0.25
                  99                7430               29940             1068.16             1532.31                0.25
                 100                7430               22940             1470.85             1532.31                0.25
                 101                7430               36915             850.842             1532.31                0.25
                 102                7430               22205             1545.54             1545.54                0.25
                 103                7430               17020             1726.93             1726.93                0.25
                 104                7430               40890             135.989             1726.93                0.25
                 105                7430               28160             1096.24             1726.93                0.25
                 106                7430               35470             1374.39             1726.93                0.25
                 107                7320               19945             1488.78             1726.93                0.25
                 108                7320               37055             811.335             1726.93                0.25
                 109                7210               26950              1333.1             1726.93                0.25
                 110                7210               25585             1452.64             1726.93                0.25
                 111                7210               32325             1085.88             1726.93                0.25
                 112                7210               27705             1412.52             1726.93                0.25
                 113                7210               27125             1341.45             1726.93                0.25
                 114                7210               27190             1328.89             1726.93                0.25
                 115                7210               25650             1425.73             1726.93                0.25
                 116                7210               29150             1294.35             1726.93                0.25
                 117                7210               22680             1535.48             1726.93                0.25
                 118                7210               25190                1198             1726.93                0.25
                 119                7210               25285             1558.49             1726.93                0.25
                 120                7210               32105             1093.15             1726.93                0.25
                 121                7210               24925             1460.15             1726.93                0.25
                 122                7210               27330             1235.61             1726.93                0.25
                 123                7210               22160             1473.09             1726.93                0.25
                 124                7210               18545             1725.42             1726.93                0.25
                 125                7210               39085             414.544             1726.93                0.25
                 126                7210               32185             906.756             1726.93                0.25
                 127                7210               27800             1449.03             1726.93                0.25
                 128                7210               26840             1358.44             1726.93                0.25
                 129                7210               21625             1500.88             1726.93               0.125
                 130                7210               17100             1647.19             1726.93               0.125
                 131                7210               28540             1481.05             1726.93               0.125
                 132                7210               21390             1651.08             1726.93               0.125
                 133                7210               21140             1628.54             1726.93               0.125
                 134                7210               25835             1577.38             1726.93               0.125
                 135                7210               17620             1725.07             1726.93               0.125
                 136                7210               26970             1394.71             1726.93               0.125
                 137                7210               15435             1801.95             1801.95               0.125
                 138                7210               11005             1841.32             1841.32               0.125
                 139                7210               37340             982.628             1841.32               0.125
                 140                7210               21735             1447.08             1841.32               0.125
                 141                7210               17870             1568.71             1841.32               0.125
                 142                7210               22820             1547.34             1841.32               0.125
                 143                7210               18860             1689.41             1841.32               0.125
                 144                7210               25385             1592.13             1841.32               0.125
                 145                7210               16080             1717.28             1841.32               0.125
                 146                7210               32060             1426.72             1841.32               0.125
                 147                7210               21200              1735.1             1841.32               0.125
                 148                7210               27485                1575             1841.32               0.125
                 149                7210               20700             1731.68             1841.32               0.125
                 150                7210               12750             1815.86             1841.32               0.125
                 151                7210               13315             1849.97             1849.97               0.125
                 152                7210               36145             938.646             1849.97               0.125
                 153                7210               31620             1245.25             1849.97               0.125
                 154                7210               19065             1617.78             1849.97               0.125
                 155                7210               14980             1708.34             1849.97               0.125
                 156                7210               24955             1496.33             1849.97               0.125
                 157                7210               15905             1681.61             1849.97               0.125
                 158                7210               26670             1361.92             1849.97               0.125
                 159                7210               22490             1578.39             1849.97               0.125
                 160                7210               18485             1775.48             1849.97               0.125
                 161                7210               27110              1503.1             1849.97               0.125
                 162                7210               15735             1782.24             1849.97               0.125
                 163                7210               30460             1332.19             1849.97               0.125
                 164                7210               23890              1561.8             1849.97               0.125
                 165                7210               21455             1717.95             1849.97               0.125
                 166                7210               24580             1549.41             1849.97               0.125
                 167                7210               20385             1746.42             1849.97               0.125
                 168                7210               22285             1632.66             1849.97               0.125
                 169                7210               14775             1764.14             1849.97               0.125
                 170                7210               27470             1319.79             1849.97               0.125
                 171                7210               15515             1788.33             1849.97               0.125
                 172                7210               26640             1405.38             1849.97               0.125
                 173                7210               18280             1787.86             1849.97               0.125
                 174                7210               32045             1374.45             1849.97               0.125
                 175                7210               25430             1626.72             1849.97               0.125
                 176                7210               18720             1698.09             1849.97               0.125
                 177                7210               14130             1824.82             1849.97              0.0625
                 178                7210               21550             1659.54             1849.97              0.0625
                 179                7210               20010             1746.34             1849.97              0.0625
                 180                7210               14070             1856.05             1856.05              0.0625
                 181                7210               22130             1692.13             1856.05              0.0625
                 182                7210               13175             1861.44             1861.44              0.0625
                 183                7210               25415             1626.06             1861.44              0.0625
                 184                7210               23860             1723.32             1861.44              0.0625
                 185                7210               18705             1831.89             1861.44              0.0625
                 186                7210               22225             1807.13             1861.44              0.0625
                 187                7210               16235              1845.4             1861.44              0.0625
                 188                7210               22350             1729.14             1861.44              0.0625
                 189                7210               20905             1781.83             1861.44              0.0625
                 190                7210               17795             1863.68             1863.68              0.0625
                 191                7210               25885             1719.48             1863.68              0.0625
                 192                7210               13880             1890.44             1890.44              0.0625
                 193                7210               26420             1538.31             1890.44              0.0625
                 194                7210               24000                1692             1890.44              0.0625
                 195                7210               16520             1821.18             1890.44              0.0625
                 196                7210               23355             1765.51             1890.44              0.0625
                 197                7210               19900             1844.37             1890.44              0.0625
                 198                7210               14195             1887.99             1890.44              0.0625
                 199                7210               10125             1905.56             1905.56              0.0625
                 200                7210               26310             1572.19             1905.56              0.0625
                 201                7210               16285              1776.3             1905.56              0.0625
                 202                7210               19240             1788.95             1905.56              0.0625
                 203                7210               20545             1834.86             1905.56              0.0625
                 204                7210               14635             1873.81             1905.56              0.0625
                 205                7210               21690             1687.91             1905.56              0.0625
                 206                7210               13770             1888.49             1905.56              0.0625
                 207                7210               26340             1614.35             1905.56              0.0625
                 208                7210               23355             1739.64             1905.56              0.0625
                 209                7210               16315              1838.9             1905.56              0.0625
                 210                7210               14995                1885             1905.56              0.0625
                 211                7210               25525             1654.82             1905.56              0.0625
                 212                7210               22540             1775.06             1905.56              0.0625
                 213                7210               16160             1872.79             1905.56              0.0625
                 214                7210               13095             1911.09             1911.09              0.0625
                 215                7210               27960             1554.74             1911.09              0.0625
                 216                7210               23545              1692.8             1911.09              0.0625
                 217                7210               17150             1832.56             1911.09              0.0625
                 218                7210               24235             1770.24             1911.09              0.0625
                 219                7210               17730             1851.39             1911.09              0.0625
                 220                7210               22915             1771.71             1911.09              0.0625
                 221                7210               18845             1888.93             1911.09              0.0625
                 222                7210               21990             1766.22             1911.09              0.0625
                 223                7210               15955             1887.84             1911.09              0.0625
                 224                7210               11320             1924.92             1924.92              0.0625
                 225                7210               24785             1508.26             1924.92              0.0625
                 226                7210               24235              1655.8             1924.92              0.0625
                 227                7210               20055              1733.7             1924.92              0.0625
                 228                7210               16175             1852.14             1924.92              0.0625
                 229                7210               23135             1758.79             1924.92              0.0625
                 230                7210               20435              1837.2             1924.92              0.0625
                 231                7210               19820             1817.73             1924.92              0.0625
                 232                7210               20040             1838.24             1924.92              0.0625
                 233                7210               13960             1889.55             1924.92              0.0625
                 234                7210               24565             1714.21             1924.92              0.0625
                 235                7210               16380             1882.45             1924.92              0.0625
                 236                7210               21800             1750.21             1924.92              0.0625
                 237                7210               17150             1832.36             1924.92              0.0625
                 238                7210               20480             1800.09             1924.92              0.0625
                 239                7210               19255             1844.49             1924.92              0.0625
                 240                7210               15500                1898             1924.92              0.0625
                 241                7210               23860             1696.88             1924.92              0.0625
                 242                7210               20215             1767.87             1924.92              0.0625
                 243                7210               21045             1851.42             1924.92              0.0625
                 244                7210               23245                1837             1924.92              0.0625
                 245                7210               17180             1864.58             1924.92              0.0625
                 246                7210               13975             1913.49             1924.92              0.0625
                 247                7210                9560             1934.07             1934.07              0.0625
                 248                7210               25475             1372.97             1934.07              0.0625
                 249                7210               24485             1566.83             1934.07              0.0625
                 250                7210               16285             1773.15             1934.07              0.0625
                 251                7210               25335             1722.13             1934.07              0.0625
                 252                7210               17465             1876.44             1934.07              0.0625
                 253                7210               12640             1904.32             1934.07              0.0625
                 254                7210               25885             1558.57             1934.07              0.0625
                 255                7210               24000             1693.36             1934.07              0.0625
                 256                7210               14070              1842.9             1934.07              0.0625
                 257                7210               23245             1757.27             1934.07              0.0625
                 258                7210               16175             1876.03             1934.07              0.0625
                 259                7210               13425             1898.61             1934.07              0.0625
                 260                7210               28085             1611.73             1934.07              0.0625
                 261                7210               18675             1836.05             1934.07              0.0625
                 262                7210               20230             1852.46             1934.07              0.0625
                 263                7210               21265             1817.48             1934.07              0.0625
                 264                7210               17620              1869.7             1934.07              0.0625
                 265                7210               23465             1812.15             1934.07              0.0625
                 266                7210               17700             1879.08             1934.07              0.0625
                 267                7210               18565             1812.39             1934.07              0.0625
                 268                7210               14665             1865.36             1934.07              0.0625
                 269                7210               13095             1893.63             1934.07              0.0625
                 270                7210               27880             1568.28             1934.07              0.0625
                 271                7210               24675             1694.96             1934.07              0.0625
                 272                7210               17730             1845.45             1934.07              0.0625
                 273                7210               12655             1887.77             1934.07             0.03125
                 274                7210               18500             1831.92             1934.07             0.03125
                 275                7210               15185             1891.41             1934.07             0.03125
                 276                7210               13550             1892.44             1934.07             0.03125
                 277                7210               12105             1913.59             1934.07             0.03125
                 278                7210               18800             1814.57             1934.07             0.03125
                 279                7210               16505             1871.93             1934.07             0.03125
                 280                7210               13080             1919.79             1934.07             0.03125
                 281                7210               20215             1852.49             1934.07             0.03125
                 282                7210               13205             1901.97             1934.07             0.03125
                 283                7210               21110             1876.82             1934.07             0.03125
                 284                7210               16695             1927.48             1934.07             0.03125
                 285                7210               19775             1876.54             1934.07             0.03125
                 286                7210               16255             1909.43             1934.07             0.03125
                 287                7210               17575             1886.57             1934.07             0.03125
                 288                7210               14525              1922.7             1934.07             0.03125
                 289                7210               17355             1865.81             1934.07             0.03125
                 290                7210               16915             1921.12             1934.07             0.03125
                 291                7210               17150             1882.91             1934.07             0.03125
                 292                7210               15170             1921.65             1934.07             0.03125
                 293                7210               10990             1938.61             1938.61             0.03125
                 294                7210               21895              1804.2             1938.61             0.03125
                 295                7210               18580             1865.68             1938.61             0.03125
                 296                7210               15060             1907.46             1938.61             0.03125
                 297                7210               11540             1924.51             1938.61             0.03125
                 298                7210               17180             1876.71             1938.61             0.03125
                 299                7210               17150             1898.71             1938.61             0.03125
                 300                7210               13300             1926.89             1938.61             0.03125
                 301                7210               21690             1836.47             1938.61             0.03125
                 302                7210               17385             1876.59             1938.61             0.03125
                 303                7210               13615             1932.16             1938.61             0.03125
                 304                7210               21470             1830.85             1938.61             0.03125
                 305                7210               17165             1875.03             1938.61             0.03125
                 306                7210               13945             1922.53             1938.61             0.03125
                 307                7210               11415             1943.76             1943.76             0.03125
                 308                7210               18625             1828.47             1943.76             0.03125
                 309                7210               18295              1859.5             1943.76             0.03125
                 310                7210               15705             1913.96             1943.76             0.03125
                 311                7210               12515             1932.23             1943.76             0.03125
                 312                7210               20135              1831.3             1943.76             0.03125
                 313                7210               18595             1876.02             1943.76             0.03125
                 314                7210               18045             1905.03             1943.76             0.03125
                 315                7210               16035             1903.42             1943.76             0.03125
                 316                7210               14275             1931.81             1943.76             0.03125
                 317                7210               20890             1854.05             1943.76             0.03125
                 318                7210               13440             1918.07             1943.76             0.03125
                 319                7210               12215              1936.7             1943.76             0.03125
                 320                7210               20560             1832.74             1943.76             0.03125
                 321                7210               15500             1907.24             1943.76             0.03125
                 322                7210               17260             1913.64             1943.76             0.03125
                 323                7210               18170             1899.31             1943.76             0.03125
                 324                7210               13205              1921.1             1943.76             0.03125
                 325                7210               21535             1819.74             1943.76             0.03125
                 326                7210               17040             1879.15             1943.76             0.03125
                 327                7210               16255             1926.23             1943.76             0.03125
                 328                7210               23560             1871.44             1943.76             0.03125
                 329                7210               19460             1914.85             1943.76             0.03125
                 330                7210               16270             1911.38             1943.76             0.03125
                 331                7210               19725             1896.01             1943.76             0.03125
                 332                7210               13270             1933.22             1943.76             0.03125
                 333                7210               23655                1810             1943.76            0.015625
                 334                7210               23325             1831.61             1943.76            0.015625
                 335                7210               16490             1898.25             1943.76            0.015625
                 336                7210               14950              1941.1             1943.76            0.015625
                 337                7210               16130             1936.65             1943.76            0.015625
                 338                7210               13065             1936.18             1943.76            0.015625
                 339                7210               11635             1955.85             1955.85            0.015625
                 340                7210               18470             1909.07             1955.85            0.015625
                 341                7210               16255             1923.32             1955.85            0.015625
                 342                7210               13550             1946.66             1955.85            0.015625
                 343                7210               11525             1960.65             1960.65            0.015625
                 344                7210               15610             1898.06             1960.65            0.015625
                 345                7210               15390             1930.57             1960.65            0.015625
                 346                7210               15500              1936.5             1960.65            0.015625
                 347                7210               13710             1952.53             1960.65            0.015625
                 348                7210               15720             1939.63             1960.65            0.015625
                 349                7210               15405             1949.93             1960.65            0.015625
                 350                7210               12640              1959.9             1960.65            0.015625
                 351                7210               10015             1965.69             1965.69            0.015625
                 352                7210               17700              1850.3             1965.69            0.015625
                 353                7210               17355             1897.59             1965.69            0.015625
                 354                7210               14040             1933.43             1965.69            0.015625
                 355                7210               13050             1948.02             1965.69            0.015625
                 356                7210               16035             1917.49             1965.69            0.015625
                 357                7210               15265             1937.62             1965.69            0.015625
                 358                7210               12515             1951.38             1965.69            0.015625
                 359                7210               17480             1936.01             1965.69            0.015625
                 360                7210               13520             1950.46             1965.69            0.015625
                 361                7210               10975             1959.56             1965.69            0.015625
                 362                7210               17685             1916.47             1965.69            0.015625
                 363                7210               15265             1935.03             1965.69            0.015625
                 364                7210               15735             1948.34             1965.69            0.015625
                 365                7210               10410             1960.42             1965.69            0.015625
                 366                7210               19145             1885.09             1965.69            0.015625
                 367                7210               18155             1922.67             1965.69            0.015625
                 368                7210               10675             1957.02             1965.69            0.015625
                 369                7210               17575             1893.46             1965.69            0.015625
                 370                7210               16915             1927.37             1965.69            0.015625
                 371                7210               10960             1961.57             1965.69            0.015625
                 372                7210               13285             1966.71             1966.71            0.015625
                 373                7210                9530             1968.06             1968.06            0.015625
                 374                7210               15530              1882.1             1968.06            0.015625
                 375                7210               16190             1917.94             1968.06            0.015625
                 376                7210               15940             1937.31             1968.06            0.015625
                 377                7210               13725             1952.23             1968.06            0.015625
                 378                7210               11745             1958.47             1968.06            0.015625
                 379                7210               17025             1908.41             1968.06            0.015625
                 380                7210               15155             1930.37             1968.06            0.015625
                 381                7210               16380             1947.91             1968.06            0.015625
                 382                7210               14320             1956.41             1968.06            0.015625
                 383                7210               18895             1913.57             1968.06            0.015625
                 384                7210               17150             1938.36             1968.06            0.015625
                 385                7210               14370             1953.11             1968.06            0.015625
                 386                7210               15045             1936.75             1968.06            0.015625
                 387                7210               15280             1955.85             1968.06            0.015625
                 388                7210               10550             1964.84             1968.06            0.015625
                 389                7210               16725             1887.44             1968.06            0.015625
                 390                7210               15720              1923.4             1968.06            0.015625
                 391                7210               13380             1952.56             1968.06            0.015625
                 392                7210               11840             1961.05             1968.06            0.015625
                 393                7210               15265             1921.49             1968.06            0.015625
                 394                7210               15155             1936.09             1968.06            0.015625
                 395                7210               15075             1953.84             1968.06            0.015625
                 396                7210               18015             1935.77             1968.06            0.015625
                 397                7210               14180             1950.25             1968.06            0.015625
                 398                7210               15815             1923.06             1968.06            0.015625
                 399                7210               14385             1942.34             1968.06           0.0078125
                 400                7210               13615             1947.75             1968.06           0.0078125
                 401                7210               10220             1966.23             1968.06           0.0078125
                 402                7210               17135             1950.85             1968.06           0.0078125
                 403                7210               12610             1966.44             1968.06           0.0078125
                 404                7210               14180             1956.33             1968.06           0.0078125
                 405                7210               12750             1965.64             1968.06           0.0078125
                 406                7210               11840             1954.88             1968.06           0.0078125
                 407                7210               11070             1966.84             1968.06           0.0078125
                 408                7210               15170             1955.47             1968.06           0.0078125
                 409                7210               12200             1965.75             1968.06           0.0078125
                 410                7210               15155             1952.28             1968.06           0.0078125
                 411                7210               13175             1964.23             1968.06           0.0078125
                 412                7210               11100             1959.39             1968.06           0.0078125
                 413                7210               11100             1968.28             1968.28           0.0078125
                 414                7210               15940             1956.13             1968.28           0.0078125
                 415                7210               13615             1962.72             1968.28           0.0078125
                 416                7210               15030             1961.05             1968.28           0.0078125
                 417                7210               14700             1969.66             1969.66           0.0078125
                 418                7210               11965             1961.98             1969.66           0.0078125
                 419                7210               12075             1967.85             1969.66           0.0078125
                 420                7210               14150             1958.89             1969.66           0.0078125
                 421                7210               13820             1964.95             1969.66           0.0078125
                 422                7210               13395             1965.17             1969.66           0.0078125
                 423                7210               12185             1969.46             1969.66           0.0078125
                 424                7210               12735             1955.35             1969.66           0.0078125
                 425                7210               12735             1964.84             1969.66           0.0078125
                 426                7210               14055             1965.89             1969.66           0.0078125
                 427                7210               12955             1959.77             1969.66           0.0078125
                 428                7210               10880             1968.74             1969.66           0.0078125
                 429                7210               16585             1956.89             1969.66           0.0078125
                 430                7210               14385             1963.53             1969.66           0.0078125
                 431                7210               14290             1960.64             1969.66           0.0078125
                 432                7210               14290             1971.22             1971.22           0.0078125
                 433                7210               12940             1966.59             1971.22           0.0078125
                 434                7210               16695             1960.86             1971.22           0.0078125
                 435                7210               16145             1967.61             1971.22           0.0078125
                 436                7210               14150              1966.4             1971.22           0.0078125
                 437                7210               11305             1972.05             1972.05           0.0078125
                 438                7210                9090             1975.84             1975.84           0.0078125
                 439                7210               19555             1925.83             1975.84           0.0078125
                 440                7210               18785             1949.29             1975.84           0.0078125
                 441                7210               14290              1966.4             1975.84           0.0078125
                 442                7210               16255             1959.62             1975.84           0.0078125
                 443                7210               14275             1968.55             1975.84           0.0078125
                 444                7210               14495             1965.63             1975.84           0.0078125
                 445                7210               11210             1970.17             1975.84           0.0078125
                 446                7210               15360             1955.01             1975.84           0.0078125
                 447                7210               14150             1963.89             1975.84           0.0078125
                 448                7210               16350             1966.38             1975.84           0.0078125
                 449                7210               12515                1972             1975.84           0.0078125
                 450                7210               14935             1955.54             1975.84           0.0078125
                 451                7210               14715             1962.99             1975.84           0.0078125
                 452                7210               12955             1973.04             1975.84           0.0078125
                 453                7210               16240             1955.32             1975.84           0.0078125
                 454                7210               13160             1966.86             1975.84           0.0078125
                 455                7210               12655             1964.39             1975.84           0.0078125
                 456                7210               12655             1973.64             1975.84           0.0078125
                 457                7210               17780             1952.82             1975.84           0.0078125
                 458                7210               16350             1960.33             1975.84           0.0078125
                 459                7210               12735             1964.02             1975.84           0.0078125
                 460                7210               11745             1973.51             1975.84           0.0078125
                 461                7210               11085             1976.51             1976.51           0.0078125
                 462                7210               19570             1945.62             1976.51           0.0078125
                 463                7210               17920             1956.98             1976.51           0.0078125
                 464                7210               12500             1972.28             1976.51           0.0078125
                 465                7210               14935             1960.65             1976.51           0.0078125
                 466                7210               14825              1965.2             1976.51           0.0078125
                 467                7210               13945             1965.65             1976.51           0.0078125
                 468                7210               12515              1972.2             1976.51           0.0078125
                 469                7210               13410             1959.21             1976.51           0.0078125
                 470                7210               11650             1969.89             1976.51           0.0078125
                 471                7210               13865             1954.25             1976.51           0.0078125
                 472                7210               13865             1964.68             1976.51           0.0078125
                 473                7210               12655              1968.5             1976.51           0.0078125
                 474                7210               14480             1964.05             1976.51           0.0078125
                 475                7210               10550             1972.19             1976.51           0.0078125
                 476                7210                9215             1976.64             1976.64           0.0078125
                 477                7210               18045             1930.35             1976.64           0.0078125
                 478                7210               15955             1953.86             1976.64           0.0078125
                 479                7210               13710             1973.15             1976.64           0.0078125
                 480                7210               19680             1946.76             1976.64           0.0078125
                 481                7210               17465             1963.27             1976.64           0.0078125
                 482                7210               13190             1970.57             1976.64           0.0078125
                 483                7210               11760             1976.56             1976.64           0.0078125
                 484                7210               14825             1949.21             1976.64           0.0078125
                 485                7210               13725             1962.11             1976.64           0.0078125
                 486                7210               13710              1971.7             1976.64           0.0078125
                 487                7210               14275             1952.67             1976.64           0.0078125
                 488                7210               13835             1965.84             1976.64           0.0078125
                 489                7210               14370             1969.97             1976.64           0.0078125
                 490                7210               11950             1974.85             1976.64           0.0078125
                 491                7210               16020             1947.36             1976.64           0.0078125
                 492                7210               14370             1960.84             1976.64           0.0078125
                 493                7210               12500             1975.42             1976.64           0.0078125
                 494                7210               18470             1943.31             1976.64           0.0078125
                 495                7210               16930             1961.43             1976.64           0.0078125
                 496                7210               13505             1971.09             1976.64           0.0078125
                 497                7210               14605             1951.82             1976.64           0.0078125
                 498                7210               13505             1965.73             1976.64           0.0078125
                 499                7210               13050             1970.72             1976.64           0.0078125
                 500                7210               11635             1975.09             1976.64           0.0078125
                 501                7210               10755             1977.47             1977.47           0.0078125
                 502                7210               16365             1937.41             1977.47           0.0078125
                 503                7210               16145             1952.49             1977.47           0.0078125
                 504                7210               14385             1958.08             1977.47           0.0078125
                 505                7210               14745             1970.12             1977.47           0.0078125
                 506                7210               13065             1971.12             1977.47           0.0078125
                 507                7210               13190              1961.8             1977.47           0.0078125
                 508                7210               11965             1970.37             1977.47           0.0078125
                 509                7210               15265             1963.33             1977.47           0.0078125
                 510                7210               12515             1970.35             1977.47           0.0078125
                 511                7210               15485             1963.47             1977.47           0.0078125
                 512                7210               12060             1973.65             1977.47           0.0078125
                 513                7210               15375             1962.62             1977.47           0.0078125
                 514                7210               11525             1966.77             1977.47           0.0078125
                 515                7210               13490             1968.04             1977.47           0.0078125
                 516                7210               12170             1972.43             1977.47           0.0078125
                 517                7210               17905             1947.98             1977.47           0.0078125
                 518                7210               16255             1965.16             1977.47           0.0078125
                 519                7210               13270             1968.21             1977.47           0.0078125
                 520                7210               11620             1974.54             1977.47           0.0078125
                 521                7210               16930             1959.76             1977.47           0.0078125
                 522                7210               15940             1967.97             1977.47           0.0078125
                 523                7210               14950             1974.03             1977.47           0.0078125
                 524                7210               16035             1962.36             1977.47           0.0078125
                 525                7210               12185             1969.86             1977.47           0.0078125
                 526                7210               17260             1961.46             1977.47           0.0078125
                 527                7210               12845             1975.38             1977.47          0.00390625
                 528                7210               11525             1978.08             1978.08          0.00390625
                 529                7210               12735             1972.89             1978.08          0.00390625
                 530                7210               11855             1977.29             1978.08          0.00390625
                 531                7210               11210             1978.75             1978.75          0.00390625
                 532                7210               15030             1971.14             1978.75          0.00390625
                 533                7210               15250             1975.96             1978.75          0.00390625
                 534                7210               12170              1979.5              1979.5          0.00390625
                 535                7210               13710             1974.94              1979.5          0.00390625
                 536                7210               14150             1977.18              1979.5          0.00390625
                 537                7210               12845             1979.32              1979.5          0.00390625
                 538                7210               11305             1980.82             1980.82          0.00390625
                 539                7210               14150              1971.9             1980.82          0.00390625
                 540                7210               13050             1976.34             1980.82          0.00390625
                 541                7210               14180             1976.95             1980.82          0.00390625
                 542                7210               12280              1981.3              1981.3          0.00390625
                 543                7210               15925             1974.93              1981.3          0.00390625
                 544                7210               13615             1979.68              1981.3          0.00390625
                 545                7210               12515             1975.59              1981.3          0.00390625
                 546                7210               10645             1979.39              1981.3          0.00390625
                 547                7210               13820             1968.95              1981.3          0.00390625
                 548                7210               12940             1975.86              1981.3          0.00390625
                 549                7210               12610             1977.72              1981.3          0.00390625
                 550                7210               14605              1978.5              1981.3          0.00390625
                 551                7210               15155             1981.16              1981.3          0.00390625
                 552                7210               13520             1977.48              1981.3          0.00390625
                 553                7210               15170             1980.46              1981.3          0.00390625
                 554                7210               14040             1978.72              1981.3          0.00390625
                 555                7210               12280             1980.76              1981.3          0.00390625
                 556                7210               14150             1975.79              1981.3          0.00390625
                 557                7210               11180             1980.32              1981.3          0.00390625
                 558                7210               10300             1981.61             1981.61          0.00390625
                 559                7210               11225             1973.44             1981.61          0.00390625
                 560                7210               11115             1976.14             1981.61          0.00390625
                 561                7210               13600             1977.97             1981.61          0.00390625
                 562                7210               12610              1978.1             1981.61          0.00390625
                 563                7210               10080             1980.98             1981.61          0.00390625
                 564                7210               10755             1982.24             1982.24          0.00390625
                 565                7210                9765             1983.02             1983.02          0.00390625
                 566                7210               14605             1958.98             1983.02          0.00390625
                 567                7210               14605             1970.96             1983.02          0.00390625
                 568                7210               13380             1980.21             1983.02          0.00390625
                 569                7210               16240             1974.01             1983.02          0.00390625
                 570                7210               15910             1978.89             1983.02          0.00390625
                 571                7210               10645              1980.9             1983.02          0.00390625
                 572                7210               16350             1972.95             1983.02          0.00390625
                 573                7210               15910              1975.9             1983.02          0.00390625
                 574                7210               13820             1979.04             1983.02          0.00390625
                 575                7210               11840             1983.05             1983.05          0.00390625
                 576                7210                8210             1984.74             1984.74          0.00390625
                 577                7210               18250             1956.52             1984.74          0.00390625
                 578                7210               18250             1967.23             1984.74          0.00390625
                 579                7210               11430             1977.14             1984.74          0.00390625
                 580                7210               10660             1979.19             1984.74          0.00390625
                 581                7210               15720             1970.05             1984.74          0.00390625
                 582                7210               13850             1978.52             1984.74          0.00390625
                 583                7210               11510              1977.8             1984.74          0.00390625
                 584                7210               10630             1980.09             1984.74          0.00390625
                 585                7210               15045             1973.99             1984.74          0.00390625
                 586                7210               14055             1978.43             1984.74          0.00390625
                 587                7210               14260             1979.87             1984.74          0.00390625
                 588                7210               11730             1982.12             1984.74          0.00390625
                 589                7210               15375             1973.86             1984.74          0.00390625
                 590                7210               13835             1976.69             1984.74          0.00390625
                 591                7210               12390             1978.02             1984.74          0.00390625
                 592                7210               10410             1984.19             1984.74          0.00390625
                 593                7210               16350             1973.24             1984.74          0.00390625
                 594                7210               13050             1977.93             1984.74          0.00390625
                 595                7210               13050             1980.29             1984.74          0.00390625
                 596                7210               16380             1975.41             1984.74          0.00390625
                 597                7210               14305             1979.73             1984.74          0.00390625
                 598                7210               14825             1978.57             1984.74          0.00390625
                 599                7210               11730             1981.11             1984.74          0.00390625
                 600                7210               19115             1971.08             1984.74          0.00390625
                 601                7210               17590             1978.22             1984.74          0.00390625
                 602                7210               14825             1982.76             1984.74          0.00195312
                 603                7210               10520             1984.72             1984.74          0.00195312
                 604                7210               13065             1980.63             1984.74          0.00195312
                 605                7210               13065             1982.42             1984.74          0.00195312
                 606                7210               12075             1984.52             1984.74          0.00195312
                 607                7210               10315             1985.81             1985.81          0.00195312
                 608                7210               14730             1981.31             1985.81          0.00195312
                 609                7210               11415             1984.25             1985.81          0.00195312
                 610                7210                9420                1986                1986          0.00195312
                 611                7210               14055             1977.98                1986          0.00195312
                 612                7210               12280             1982.16                1986          0.00195312
                 613                7210               10000             1984.74                1986          0.00195312
                 614                7210                9780             1986.07             1986.07          0.00195312
                 615                7210               14260             1979.58             1986.07          0.00195312
                 616                7210               12720              1982.9             1986.07          0.00195312
                 617                7210               11305             1984.18             1986.07          0.00195312
                 618                7210                9435              1985.9             1986.07          0.00195312
                 619                7210               14370             1971.89             1986.07          0.00195312
                 620                7210               14370             1979.67             1986.07          0.00195312
                 621                7210               13600             1982.02             1986.07          0.00195312
                 622                7210               12280             1985.34             1986.07          0.00195312
                 623                7210               14290             1980.36             1986.07          0.00195312
                 624                7210               13630             1984.62             1986.07          0.00195312
                 625                7210               10410             1982.85             1986.07          0.00195312
                 626                7210                9530             1985.97             1986.07          0.00195312
                 627                7210               11650             1981.18             1986.07          0.00195312
                 628                7210               12185             1983.81             1986.07          0.00195312
                 629                7210               11085             1984.66             1986.07          0.00195312
                 630                7210               10410             1985.42             1986.07          0.00195312
                 631                7210               12185             1983.22             1986.07          0.00195312
                 632                7210               13065             1984.84             1986.07          0.00195312
                 633                7210               12075             1980.46             1986.07          0.00195312
                 634                7210               12075             1984.38             1986.07          0.00195312
                 635                7210               15045             1983.55             1986.07          0.00195312
                 636                7210               10410             1985.34             1986.07          0.00195312
                 637                7210                9090             1986.51             1986.51          0.00195312
                 638                7210               15250             1979.42             1986.51          0.00195312
                 639                7210               14480             1982.31             1986.51          0.00195312
                 640                7210               10660             1986.55             1986.55          0.00195312
                 641                7210               17575             1977.69             1986.55          0.00195312
                 642                7210               16350              1982.4             1986.55          0.00195312
                 643                7210                9450             1986.29             1986.55          0.00195312
                 644                7210                8335             1987.43             1987.43          0.00195312
                 645                7210               15030             1971.04             1987.43          0.00195312
                 646                7210               15030              1980.2             1987.43          0.00195312
                 647                7210               13710             1981.61             1987.43          0.00195312
                 648                7210               12170             1982.23             1987.43          0.00195312
                 649                7210               11510             1982.86             1987.43          0.00195312
                 650                7210               12545             1983.37             1987.43          0.00195312
                 651                7210               10880              1985.5             1987.43          0.00195312
                 652                7210               13820              1983.6             1987.43          0.00195312
                 653                7210               13725             1984.15             1987.43          0.00195312
                 654                7210               11635             1986.43             1987.43          0.00195312
                 655                7210               10300             1987.08             1987.43          0.00195312
                 656                7210               11635             1981.25             1987.43          0.00195312
                 657                7210               11965             1982.87             1987.43          0.00195312
                 658                7210               14055             1983.94             1987.43          0.00195312
                 659                7210               12170             1986.44             1987.43          0.00195312
                 660                7210               13600             1984.01             1987.43          0.00195312
                 661                7210                9970             1985.73             1987.43          0.00195312
                 662                7210               12500             1983.36             1987.43          0.00195312
                 663                7210               12720             1984.15             1987.43          0.00195312
                 664                7210               11510             1985.41             1987.43          0.00195312
                 665                7210                9970             1984.11             1987.43          0.00195312
                 666                7210               10520             1985.67             1987.43          0.00195312
                 667                7210               15800             1981.02             1987.43          0.00195312
                 668                7210               15800             1983.55             1987.43          0.00195312
                 669                7210               12545             1984.91             1987.43          0.00195312
                 670                7210               12215             1985.81             1987.43         0.000976562
Lagrangian Relaxation Time: 6.51755 s.
Tried aggregator 1 time.
MIP Presolve eliminated 267 rows and 635 columns.
MIP Presolve modified 75 coefficients.
Reduced MIP has 793 rows, 2850 columns, and 24271 nonzeros.
Reduced MIP has 1464 binaries, 0 generals, 0 SOSs, and 0 indicators.
Presolve time = 0.05 sec. (7.34 ticks)
Probing time = 0.02 sec. (2.73 ticks)
Tried aggregator 1 time.
MIP Presolve eliminated 56 rows and 112 columns.
Reduced MIP has 737 rows, 2738 columns, and 23617 nonzeros.
Reduced MIP has 1464 binaries, 0 generals, 0 SOSs, and 0 indicators.
Presolve time = 0.06 sec. (8.94 ticks)
Probing time = 0.02 sec. (2.70 ticks)
Clique table members: 100.
MIP emphasis: integer feasibility.
MIP search method: dynamic search.
Parallel mode: none, using 1 thread.
Root relaxation solution time = 0.90 sec. (197.17 ticks)

        Nodes                                         Cuts/
   Node  Left     Objective  IInf  Best Integer    Best Bound    ItCnt     Gap

      0     0     2016.2500   142                   2016.2500     2075         
*     0+    0                         5035.0000     2016.2500            59.96%
      0     0     2026.0563   161     5035.0000      Fract: 7     2492   59.76%
*     0+    0                         3700.0000     2026.0563            45.24%
      0     2     2026.0563   161     3700.0000     2026.0563     2492   45.24%
Elapsed time = 3.78 sec. (750.20 ticks, tree = 0.01 MB, solutions = 2)
      5     7     2058.0769   115     3700.0000     2026.0563     4136   45.24%
      6     8     2068.7500   130     3700.0000     2026.0563     4270   45.24%
      7     9     2134.1228   149     3700.0000     2026.0563     4634   45.24%
      8    10     2076.6667   128     3700.0000     2026.0563     4882   45.24%
      9    11     2161.4865   155     3700.0000     2026.0563     5928   45.24%
     10    12     2087.5000   143     3700.0000     2026.0563     6153   45.24%
     11    13     2090.0000   110     3700.0000     2026.0563     6472   45.24%
     12    14     2124.7872   144     3700.0000     2026.0563     7503   45.24%
*    13     9      integral     0     2110.0000     2026.0563     8428    3.98%
     13     7     2110.0000     0     2110.0000     2026.0563     8428    3.98%
     15     9     2063.7879   134     2110.0000     2027.8185     9899    3.89%
Elapsed time = 8.62 sec. (1743.44 ticks, tree = 0.01 MB, solutions = 3)
     49    13        cutoff           2110.0000     2061.0294    17927    2.32%
     50    12        cutoff           2110.0000     2061.0294    18174    2.32%
     51    13     2090.2041   159     2110.0000     2061.0294    18363    2.32%
     52    12        cutoff           2110.0000     2061.0294    18496    2.32%
     53    11        cutoff           2110.0000     2061.0294    18618    2.32%
     54    10        cutoff           2110.0000     2061.0294    18941    2.32%
     55    11     2093.3333   105     2110.0000     2061.0294    19236    2.32%
     56    10        cutoff           2110.0000     2061.0294    19464    2.32%
     57     9        cutoff           2110.0000     2061.0294    19486    2.32%
     58     8        cutoff           2110.0000     2061.0294    19642    2.32%
Elapsed time = 14.64 sec. (2873.13 ticks, tree = 0.02 MB, solutions = 3)

Gomory fractional cuts applied:  7

Root node processing (before b&c):
  Real time             =    3.70 sec. (736.79 ticks)
Sequential b&c:
  Real time             =   12.29 sec. (2451.32 ticks)
                          ------------
Total (root+branch&cut) =   15.99 sec. (3188.11 ticks)

Root node processing (before b&c):
  Real time             =    0.00 sec. (0.48 ticks)
Sequential b&c:
  Real time             =    0.00 sec. (0.00 ticks)
                          ------------
Total (root+branch&cut) =    0.00 sec. (0.48 ticks)
Best Solution Found: 2110
Optimality Gap: 0.0616749
Solution is feasible
Total Time: 22.3347 s.
Best Solution: 2110
SubProblem Destroyed
...done!
