Directed: si
Nnodes: 40
0	5	88
0	18	77
0	8	52
0	27	84
0	37	69
0	20	92
0	1	52
0	21	84
0	15	53
0	16	85
0	23	97
0	33	76
0	3	83
0	28	96
0	30	63
0	29	66
0	25	88
0	39	68
1	39	86
1	30	83
1	2	82
1	35	63
1	17	89
1	19	62
1	10	68
1	6	74
1	36	53
1	20	76
1	12	100
1	3	98
1	15	64
1	21	73
1	37	52
1	33	56
1	0	85
1	34	82
1	29	86
2	35	61
2	12	67
2	20	80
2	33	71
2	10	71
2	21	73
2	11	59
2	6	79
2	32	51
2	19	98
2	29	78
2	24	92
2	8	86
2	5	54
2	0	71
2	1	86
2	37	62
2	7	66
2	26	57
2	27	69
2	15	75
2	23	93
3	38	78
3	5	100
3	16	57
3	22	62
3	19	73
3	7	66
3	25	56
3	26	81
3	32	62
3	15	60
3	1	95
3	17	57
3	37	70
3	35	54
3	6	53
3	14	62
3	31	73
3	13	73
3	8	84
3	36	62
4	18	75
4	24	91
4	30	73
4	38	82
4	17	92
4	27	85
4	39	98
4	34	64
4	21	76
4	16	79
4	35	72
4	29	94
4	28	90
4	0	95
4	20	73
4	2	86
4	19	84
4	7	96
4	5	72
4	8	72
4	12	76
4	32	68
5	39	57
5	25	81
5	0	50
5	30	87
5	12	71
5	27	84
5	8	92
5	28	92
5	3	54
5	15	98
5	37	69
5	10	85
5	11	89
5	31	71
5	7	50
5	9	91
5	24	59
5	33	58
5	4	61
6	27	90
6	30	84
6	25	52
6	23	61
6	12	85
6	4	88
6	21	78
6	13	85
6	5	58
6	19	93
6	32	78
6	29	66
6	20	71
6	10	68
6	15	72
6	11	53
6	14	62
6	26	84
6	28	98
6	18	97
6	16	80
7	6	84
7	13	77
7	20	92
7	0	63
7	25	77
7	36	63
7	38	62
7	33	85
7	18	91
7	28	86
7	17	79
7	30	100
7	27	64
7	19	54
7	31	88
7	23	76
7	2	77
7	15	61
7	26	86
7	21	64
7	32	68
7	12	50
8	20	89
8	2	53
8	6	86
8	11	52
8	19	73
8	17	57
8	33	85
8	23	84
8	13	52
8	39	77
8	0	93
8	1	69
8	29	84
8	21	51
8	4	99
8	7	67
8	24	80
8	5	78
9	14	92
9	38	63
9	10	71
9	32	95
9	30	85
9	18	63
9	26	55
9	8	55
9	21	50
9	7	80
9	17	54
9	27	69
9	33	56
9	1	54
9	19	89
9	37	62
9	29	84
9	22	83
9	24	68
9	6	87
9	4	98
9	36	50
10	28	75
10	2	72
10	20	89
10	17	99
10	18	66
10	29	60
10	6	68
10	37	99
10	4	76
10	33	68
10	16	66
10	23	94
10	30	92
10	27	69
10	24	68
10	21	73
10	9	54
10	11	55
10	8	90
10	26	94
11	28	63
11	15	54
11	18	61
11	31	75
11	0	63
11	26	71
11	7	99
11	5	90
11	37	58
11	24	53
11	13	64
11	20	92
11	33	87
11	32	82
11	1	52
11	6	89
11	2	76
11	8	60
11	3	85
12	19	63
12	28	69
12	8	61
12	17	73
12	34	99
12	1	76
12	30	80
12	32	66
12	9	77
12	16	100
12	38	93
12	5	100
12	25	73
12	37	85
12	21	79
12	6	98
12	13	55
12	3	76
12	0	78
12	20	84
12	29	85
13	7	84
13	2	57
13	36	61
13	15	79
13	6	51
13	27	88
13	28	53
13	23	97
13	37	71
13	20	92
13	24	86
13	19	58
13	39	79
13	10	77
13	26	54
13	21	81
13	22	80
13	17	57
14	29	51
14	2	76
14	12	51
14	9	55
14	15	78
14	23	81
14	37	89
14	20	74
14	26	85
14	16	74
14	19	86
14	21	64
14	24	64
14	28	77
14	31	96
14	27	91
14	5	95
14	10	83
14	0	97
14	11	93
15	38	75
15	4	71
15	28	72
15	30	55
15	17	67
15	11	88
15	13	66
15	2	79
15	19	60
15	34	75
15	14	91
15	6	58
15	5	73
15	35	71
15	16	83
15	12	53
15	32	95
15	36	95
15	22	51
16	20	93
16	11	94
16	23	69
16	32	76
16	37	71
16	29	94
16	13	59
16	28	94
16	2	86
16	35	68
16	3	58
16	26	78
16	30	82
16	19	55
16	15	69
16	27	56
16	5	74
16	9	69
16	39	82
16	36	68
16	34	90
16	17	53
17	19	72
17	29	97
17	12	57
17	4	54
17	38	70
17	9	99
17	33	60
17	5	60
17	13	79
17	23	72
17	14	69
17	24	71
17	26	100
17	27	70
17	32	90
17	0	74
17	25	82
17	31	69
17	15	67
17	11	84
18	12	57
18	24	50
18	36	69
18	20	67
18	10	64
18	33	56
18	25	52
18	15	57
18	30	83
18	0	90
18	22	64
18	16	66
18	28	92
18	9	73
18	14	52
18	2	60
18	11	59
18	37	80
18	17	80
18	29	94
18	5	55
18	26	92
19	26	100
19	0	96
19	7	99
19	20	64
19	28	80
19	33	92
19	29	82
19	13	77
19	12	94
19	17	96
19	11	98
19	4	71
19	38	66
19	21	77
19	32	97
19	9	98
19	23	56
19	35	60
19	6	92
19	24	81
20	26	69
20	34	84
20	4	50
20	27	82
20	18	79
20	1	67
20	14	83
20	23	53
20	29	64
20	17	58
20	3	95
20	39	80
20	19	79
20	35	72
20	8	74
20	10	98
20	9	98
20	5	99
20	0	89
20	2	98
20	25	79
20	32	75
21	20	76
21	4	96
21	26	64
21	15	69
21	33	62
21	29	83
21	8	93
21	0	55
21	7	68
21	31	86
21	23	67
21	6	64
21	16	95
21	13	72
21	27	92
21	11	63
21	2	100
21	30	56
21	17	89
21	1	97
21	10	74
22	10	60
22	11	69
22	8	97
22	30	81
22	23	68
22	36	60
22	4	90
22	27	50
22	29	55
22	35	83
22	13	69
22	0	96
22	31	70
22	33	94
22	5	67
22	37	68
22	14	54
22	19	91
22	25	72
22	6	89
22	24	93
23	24	56
23	14	56
23	10	56
23	8	88
23	2	73
23	38	61
23	7	84
23	3	93
23	6	56
23	32	98
23	1	53
23	33	57
23	9	70
23	26	52
23	39	91
23	16	51
23	4	99
23	34	84
23	28	80
24	9	50
24	17	70
24	37	51
24	20	69
24	34	90
24	13	81
24	26	82
24	10	51
24	39	60
24	25	78
24	15	56
24	5	79
24	21	74
24	35	54
24	14	55
24	11	92
24	36	92
24	38	91
24	31	92
25	27	91
25	18	59
25	16	97
25	15	76
25	9	95
25	39	56
25	11	70
25	29	51
25	12	59
25	32	64
25	28	70
25	31	86
25	23	82
25	0	82
25	13	74
25	19	77
25	34	57
25	33	52
25	30	64
25	38	100
26	29	67
26	31	60
26	24	77
26	10	60
26	23	76
26	39	90
26	22	57
26	4	76
26	9	79
26	13	84
26	2	93
26	35	66
26	5	87
26	16	79
26	19	81
26	36	81
26	1	81
26	0	58
26	14	68
26	15	54
26	27	78
26	34	77
27	2	74
27	4	100
27	21	85
27	5	74
27	17	96
27	34	100
27	33	59
27	26	83
27	38	73
27	6	57
27	11	99
27	23	93
27	37	98
27	18	64
27	7	69
27	30	91
27	28	84
27	12	58
27	36	58
27	0	58
27	20	66
27	3	94
28	5	83
28	37	94
28	26	60
28	6	50
28	4	68
28	22	99
28	9	51
28	1	95
28	35	96
28	21	58
28	19	91
28	23	77
28	18	88
28	13	58
28	20	69
28	33	99
28	0	65
28	10	87
28	16	86
28	3	70
29	10	65
29	7	88
29	24	82
29	13	57
29	18	77
29	6	97
29	16	51
29	22	100
29	5	67
29	12	68
29	15	82
29	1	67
29	3	77
29	19	64
29	17	83
29	0	99
29	4	66
29	38	67
29	39	55
29	31	61
29	9	64
30	35	93
30	26	78
30	36	93
30	9	100
30	10	69
30	11	88
30	39	89
30	17	82
30	18	55
30	7	94
30	20	97
30	25	99
30	21	92
30	2	59
30	34	51
30	15	99
30	23	95
30	3	89
30	28	52
30	19	85
31	37	85
31	36	58
31	32	64
31	19	96
31	28	70
31	6	96
31	8	77
31	14	63
31	9	83
31	13	76
31	18	80
31	26	51
31	15	77
31	38	88
31	30	73
31	16	62
31	11	67
31	12	85
31	0	99
31	2	70
31	24	96
32	21	53
32	22	69
32	19	69
32	16	78
32	37	85
32	23	50
32	11	69
32	29	78
32	10	55
32	6	68
32	7	71
32	25	77
32	2	73
32	15	55
32	5	61
32	17	68
32	39	95
32	13	72
33	39	65
33	23	78
33	5	75
33	19	87
33	3	61
33	6	69
33	14	63
33	34	62
33	35	90
33	38	62
33	11	78
33	28	76
33	16	51
33	36	98
33	22	100
33	32	70
33	1	77
33	27	60
33	12	99
33	13	76
33	8	60
33	7	90
34	31	54
34	6	62
34	30	76
34	15	94
34	13	80
34	39	98
34	32	89
34	27	92
34	25	89
34	23	71
34	19	85
34	22	65
34	18	95
34	17	63
34	0	83
34	3	78
34	26	88
34	11	89
34	2	97
34	8	89
34	10	64
34	29	65
35	36	97
35	10	88
35	27	73
35	18	60
35	20	95
35	33	98
35	38	96
35	5	63
35	15	89
35	30	89
35	16	82
35	25	87
35	31	59
35	4	90
35	39	53
35	37	71
35	9	92
35	1	61
35	3	93
35	32	94
36	30	100
36	16	60
36	4	68
36	3	60
36	15	92
36	35	99
36	32	71
36	28	73
36	23	80
36	26	100
36	29	50
36	25	56
36	27	66
36	9	73
36	10	57
36	2	94
36	8	61
36	31	98
36	7	60
36	0	92
37	8	71
37	10	84
37	33	52
37	24	82
37	18	55
37	29	50
37	16	77
37	4	82
37	17	51
37	9	66
37	25	69
37	21	89
37	3	88
37	1	59
37	13	68
37	34	90
37	11	91
37	28	95
37	7	78
37	14	86
37	38	62
38	9	90
38	32	70
38	34	80
38	1	88
38	19	99
38	14	87
38	6	94
38	12	84
38	11	96
38	0	80
38	37	92
38	22	60
38	23	82
38	2	65
38	8	51
38	30	53
38	24	85
38	13	57
39	22	85
39	27	91
39	18	87
39	6	66
39	0	72
39	32	97
39	23	100
39	29	55
39	20	72
39	21	79
39	5	87
39	13	79
39	1	96
39	30	75
39	16	73
39	10	98
39	11	66
39	26	92
39	17	72
39	2	69
