4
Instancias/Problem_0_896.txt
                   1               64760               66070                1500                1500                   2
                   2               31030               55155             -976504                1500                   2
                   3               29600               52735             -917464                1500                   2
                   4               29600               52735             -861265                1500                   2
                   5               29285               52625             -805071                1500                   2
                   6               29175               52405             -749503                1500                   2
                   7               29175               52595             -694169                1500                   2
                   8               29080               52610             -638821                1500                   2
                   9               29080               52610             -603526                1500                   2
                  10               29080               52720             -548368                1500                   2
                  11               29080               52515             -493210                1500                   2
                  12               29080               51525             -438084                1500                   2
                  13               29080               51430             -386826                1500                   2
                  14               29080               51210             -331715                1500                   2
                  15               28750               51680             -276613                1500                   2
                  16               28750               52090             -229859                1500                   2
                  17               28545               51460             -175475                1500                   2
                  18               28090               50125             -132271                1500                   2
                  19               26745               48975            -83901.4                1500                   2
                  20               25865               48475              -50589                1500                   2
                  21               24970               47040            -23145.6                1500                   2
                  22               23680               46285              -14750                1500                   2
                  23               23145               45140            -12686.2                1500                   2
                  24               19215               64400             -110922                1500                   2
                  25               18885               63395            -78430.3                1500                   2
                  26               18775               63065            -53071.1                1500                   2
                  27               18555               62030            -28486.2                1500                   2
                  28               18240               58430            -15889.3                1500                   2
                  29               16480               45795            -7984.54                1500                   2
                  30               15475               57695              -35984                1500                   2
                  31               15475               56140            -18781.3                1500                   2
                  32               14580               47670            -8477.53                1500                   2
                  33               14125               41740            -5178.61                1500                   2
                  34               13795               40230            -4456.67                1500                   2
                  35               13370               28870            -2233.85                1500                   2
                  36               12805               48490            -6084.73                1500                   2
                  37               12725               38395            -3002.25                1500                   2
                  38               11515               44325            -3811.33                1500                   2
                  39               10885               54840            -5399.84                1500                   2
                  40               10665               39090            -2762.64                1500                   2
                  41               10555               48915            -5712.93                1500                   2
                  42               10460               39375            -2694.66                1500                   2
                  43               10350               42390            -2975.81                1500                   2
                  44                9910               42560            -4091.21                1500                   2
                  45                9910               61195            -10824.8                1500                   2
                  46                9910               49035            -5671.94                1500                   2
                  47                9455               41970            -2945.22                1500                   2
                  48                9330               63405            -12939.8                1500                   2
                  49                9330               56175            -6712.05                1500                   2
                  50                8860               39455            -3560.69                1500                   2
                  51                8750               36340            -1696.46                1500                   2
                  52                8750               61815            -13011.9                1500                   2
                  53                8750               58370            -8396.84                1500                   2
                  54                8735               41700            -2367.19                1500                   2
                  55                8625               42395            -2531.58                1500                   2
                  56                8625               53315            -7173.36                1500                   2
                  57                8625               37350             -3044.8                1500                   2
                  58                8530               58735            -8279.64                1500                   2
                  59                8530               42865            -3012.77                1500                   2
                  60                8530               54460            -6885.15                1500                   2
                  61                8215               43555            -3192.76                1500                   2
                  62                8215               33360            -1443.99                1500                   2
                  63                8215               37300            -1782.63                1500                   2
                  64                8215               39320            -1047.99                1500                   2
                  65                8010               57385            -12358.8                1500                   2
                  66                8010               54180            -6937.41                1500                   2
                  67                7900               39910            -2146.13                1500                   2
                  68                7900               30845            -290.655                1500                   2
                  69                7900               66875            -23107.7                1500                   2
                  70                7900               65445            -14267.2                1500                   2
                  71                7900               60085            -8089.55                1500                   2
                  72                7900               47065            -2905.98                1500                   2
                  73                7350               41790            -1176.32                1500                   2
                  74                7115               37945            -726.775                1500                   2
                  75                7115               58215            -9569.91                1500                   2
                  76                7115               52040             -6260.6                1500                   2
                  77                7115               37255             -1391.2                1500                   1
                  78                7115               40400            -652.474                1500                   1
                  79                7115               42850            -952.959                1500                   1
                  80                7115               33265            -158.736                1500                   1
                  81                7115               52035            -1833.01                1500                   1
                  82                7115               34330            -36.4844                1500                   1
                  83                7115               42625            -1280.62                1500                   1
                  84                7115               31705            -315.389                1500                   1
                  85                7115               23870             637.758                1500                   1
                  86                7115               49115            -4063.64                1500                   1
                  87                7115               38555            -1730.62                1500                   1
                  88                7115               39835            -387.521                1500                   1
                  89                7115               37850            -549.719                1500                   1
                  90                7115               37540            -658.541                1500                   1
                  91                7005               36785             -272.04                1500                   1
                  92                7005               43445            -927.953                1500                   1
                  93                7005               25125             533.424                1500                   1
                  94                7005               53485            -4154.96                1500                   1
                  95                7005               31695            -257.349                1500                   1
                  96                7005               49605            -1531.72                1500                   1
                  97                7005               25125             692.766                1500                   1
                  98                7005               58895            -5060.89                1500                   1
                  99                7005               50800            -2525.22                1500                   1
                 100                6895               30215             495.777                1500                   1
                 101                6895               46275            -2133.06                1500                   1
                 102                6895               25565             288.833                1500                   1
                 103                6895               24525             738.865                1500                   1
                 104                6895               52055            -4765.01                1500                   1
                 105                6895               47295            -1942.02                1500                   1
                 106                6895               30480              10.969                1500                   1
                 107                6895               49890            -2231.12                1500                   1
                 108                6895               35710            -469.953                1500                   1
                 109                6895               35275            -234.359                1500                   1
                 110                6895               42725              -930.2                1500                   1
                 111                6895               24305              646.57                1500                   1
                 112                6895               52885            -3982.01                1500                   1
                 113                6895               42625            -1319.01                1500                   1
                 114                6895               36780             -123.62                1500                   1
                 115                6895               36455            -565.761                1500                   1
                 116                6895               30595            -35.4702                1500                   1
                 117                6895               47370            -1793.84                1500                   1
                 118                6895               24510             445.971                1500                   1
                 119                6895               49180            -3004.06                1500                   1
                 120                6895               37190             -641.19                1500                   1
                 121                6895               30090            -120.664                1500                   1
                 122                6895               44230            -1598.16                1500                   1
                 123                6785               27150             365.363                1500                   1
                 124                6785               48845            -2595.29                1500                   1
                 125                6785               27700             334.295                1500                   1
                 126                6785               51285            -2667.57                1500                   1
                 127                6785               39640            -817.864                1500                   1
                 128                6785               34460             200.383                1500                   1
                 129                6785               45695            -1218.81                1500                   1
                 130                6785               26020             473.009                1500                   1
                 131                6785               52295             -3795.4                1500                   1
                 132                6785               42440            -840.359                1500                   1
                 133                6785               33250             249.278                1500                   1
                 134                6785               21715             894.536                1500                   1
                 135                6785               52890            -5048.43                1500                   1
                 136                6785               42310            -2394.53                1500                   1
                 137                6785               32870             32.2801                1500                   1
                 138                6785               21400             797.399                1500                   1
                 139                6785               50720            -4752.71                1500                   1
                 140                6785               43165            -1918.05                1500                   1
                 141                6785               27420             237.012                1500                   1
                 142                6785               46450            -2659.42                1500                   1
                 143                6785               34345             -215.68                1500                   1
                 144                6785               30750            -479.523                1500                   1
                 145                6785               43790            -705.726                1500                   1
                 146                6785               27920             166.034                1500                   1
                 147                6785               49650            -2103.08                1500                   1
                 148                6785               27310             537.417                1500                   1
                 149                6785               46320            -2537.08                1500                   1
                 150                6785               33310            -331.047                1500                   1
                 151                6785               41290            -639.788                1500                   1
                 152                6785               29900             719.203                1500                   1
                 153                6785               49055             -2762.5                1500                 0.5
                 154                6785               42975            -1481.75                1500                 0.5
                 155                6785               29510             333.205                1500                 0.5
                 156                6785               31220             627.712                1500                 0.5
                 157                6785               18525              1159.7                1500                 0.5
                 158                6785               45285            -1535.87                1500                 0.5
                 159                6785               39015            -121.624                1500                 0.5
                 160                6785               24590             890.369                1500                 0.5
                 161                6785               38435            -202.364                1500                 0.5
                 162                6785               23540             805.334                1500                 0.5
                 163                6785               26835             492.903                1500                 0.5
                 164                6785               26685             621.907                1500                 0.5
                 165                6785               21040             1097.99                1500                 0.5
                 166                6785               37925            -339.926                1500                 0.5
                 167                6785               23365             890.034                1500                 0.5
                 168                6785               23175             1084.68                1500                 0.5
                 169                6785               31115            -106.049                1500                 0.5
                 170                6785               22785             863.837                1500                 0.5
                 171                6785               35465             119.729                1500                 0.5
                 172                6785               19200             1114.48                1500                 0.5
                 173                6785               47455            -1557.02                1500                 0.5
                 174                6785               40085             -414.53                1500                 0.5
                 175                6785               30830             879.013                1500                 0.5
                 176                6785               20525             1208.33                1500                 0.5
                 177                6785               39330            -827.368                1500                 0.5
                 178                6785               25850             822.034                1500                 0.5
                 179                6785               39490             93.1742                1500                 0.5
                 180                6785               23130             1029.96                1500                 0.5
                 181                6785               41000            -88.2665                1500                 0.5
                 182                6785               20225             1079.95                1500                 0.5
                 183                6785               39520            -848.164                1500                 0.5
                 184                6785               28250              762.46                1500                 0.5
                 185                6785               30290             544.306                1500                 0.5
                 186                6785               23380             1155.27                1500                 0.5
                 187                6785               43260            -578.524                1500                 0.5
                 188                6785               30185             526.082                1500                 0.5
                 189                6785               31000             756.853                1500                 0.5
                 190                6785               24245             1056.57                1500                 0.5
                 191                6785               37035            -205.326                1500                 0.5
                 192                6785               28975             610.223                1500                 0.5
                 193                6785               23930             1178.39                1500                 0.5
                 194                6785               40185            -444.309                1500                 0.5
                 195                6785               26665             983.785                1500                 0.5
                 196                6785               42845             44.2639                1500                 0.5
                 197                6785               25850             1058.72                1500                 0.5
                 198                6785               37180             74.0239                1500                 0.5
                 199                6785               24075             959.214                1500                 0.5
                 200                6785               34190             240.451                1500                 0.5
                 201                6785               23930             853.773                1500                 0.5
                 202                6785               38030             253.624                1500                 0.5
                 203                6785               22095             1135.62                1500                 0.5
                 204                6785               40275            -455.745                1500                 0.5
                 205                6785               23555             970.218                1500                 0.5
                 206                6785               39545             88.2188                1500                 0.5
                 207                6785               24670             1089.38                1500                 0.5
                 208                6785               45805            -405.242                1500                 0.5
                 209                6785               21955             1068.98                1500                 0.5
                 210                6785               14710             1384.64                1500                 0.5
                 211                6785               50060             -2778.6                1500                 0.5
                 212                6785               37915            -665.338                1500                 0.5
                 213                6785               27200             789.823                1500                 0.5
                 214                6785               33435             371.654                1500                 0.5
                 215                6785               19295              1044.5                1500                 0.5
                 216                6785               41260            -1125.87                1500                 0.5
                 217                6785               32965             232.634                1500                 0.5
                 218                6785               24230             1006.86                1500                 0.5
                 219                6785               33395            -164.188                1500                 0.5
                 220                6785               22960             850.386                1500                 0.5
                 221                6785               16440             1262.78                1500                 0.5
                 222                6785               44675             -1192.5                1500                 0.5
                 223                6785               27010               484.1                1500                 0.5
                 224                6785               29590             715.515                1500                 0.5
                 225                6785               25360             924.967                1500                 0.5
                 226                6785               40385            -12.0936                1500                 0.5
                 227                6785               28710             990.542                1500                 0.5
                 228                6785               30245             441.087                1500                 0.5
                 229                6785               29245             822.198                1500                0.25
                 230                6785               17915              1342.1                1500                0.25
                 231                6785               34100             595.817                1500                0.25
                 232                6785               18165             1302.45                1500                0.25
                 233                6785               32670             622.077                1500                0.25
                 234                6785               23350             1090.36                1500                0.25
                 235                6785               20475              1316.4                1500                0.25
                 236                6785               26525             1060.78                1500                0.25
                 237                6785               19595             1368.45                1500                0.25
                 238                6785               26650             996.509                1500                0.25
                 239                6785               19030             1382.07                1500                0.25
                 240                6785               35890             818.088                1500                0.25
                 241                6785               18530              1382.8                1500                0.25
                 242                6785               34430             651.078                1500                0.25
                 243                6785               25140             1144.99                1500                0.25
                 244                6785               20635             1307.71                1500                0.25
                 245                6785               30960             933.529                1500                0.25
                 246                6785               16660             1442.98                1500                0.25
                 247                6785               35390             345.669                1500                0.25
                 248                6785               19910             1180.71                1500                0.25
                 249                6785               25145             1194.69                1500                0.25
                 250                6785               18955             1308.19                1500                0.25
                 251                6785               32545             926.049                1500                0.25
                 252                6785               17710             1489.45                1500                0.25
                 253                6785               42330             39.0085                1500                0.25
                 254                6785               35010             763.422                1500                0.25
                 255                6785               18465             1474.61                1500                0.25
                 256                6785               35705             842.897                1500                0.25
                 257                6785               20600             1351.77                1500                0.25
                 258                6785               31210             1008.86                1500                0.25
                 259                6785               15150             1455.69                1500                0.25
                 260                6785               40710            -2.25652                1500                0.25
                 261                6785               36565             625.837                1500                0.25
                 262                6785               22595             1289.02                1500                0.25
                 263                6785               25035             1221.22                1500                0.25
                 264                6785               24560             1278.22                1500                0.25
                 265                6785               26165             1248.49                1500                0.25
                 266                6785               16080             1493.76                1500                0.25
                 267                6785               33580              516.02                1500                0.25
                 268                6785               20600              1241.8                1500                0.25
                 269                6785               23700             1153.78                1500                0.25
                 270                6785               21320             1295.21                1500                0.25
                 271                6785               13860             1518.37             1518.37                0.25
                 272                6785               42585            -163.586             1518.37                0.25
                 273                6785               27955             861.263             1518.37                0.25
                 274                6785               21810             1350.31             1518.37                0.25
                 275                6785               29795             991.016             1518.37                0.25
                 276                6785               19610             1470.22             1518.37                0.25
                 277                6785               36740             654.308             1518.37                0.25
                 278                6785               25615             1158.91             1518.37                0.25
                 279                6785               19060             1282.82             1518.37                0.25
                 280                6785               27990             1049.47             1518.37                0.25
                 281                6785               15890             1446.85             1518.37                0.25
                 282                6785               40855             391.051             1518.37                0.25
                 283                6785               25395             1230.28             1518.37                0.25
                 284                6785               19925             1284.04             1518.37                0.25
                 285                6785               14240             1503.07             1518.37                0.25
                 286                6785               39615            -162.977             1518.37                0.25
                 287                6785               28350             844.801             1518.37                0.25
                 288                6785               19000             1401.59             1518.37                0.25
                 289                6785               15120             1527.83             1527.83                0.25
                 290                6785               36240             526.373             1527.83                0.25
                 291                6785               23855             1022.17             1527.83                0.25
                 292                6785               23020              1217.3             1527.83                0.25
                 293                6785               19750             1298.47             1527.83                0.25
                 294                6785               29670             1067.32             1527.83                0.25
                 295                6785               22725             1380.04             1527.83                0.25
                 296                6785               27720             1165.58             1527.83                0.25
                 297                6785               18480             1405.99             1527.83                0.25
                 298                6785               36390             675.861             1527.83                0.25
                 299                6785               24890             1144.05             1527.83                0.25
                 300                6785               21310             1382.08             1527.83                0.25
                 301                6785               29730             1066.04             1527.83                0.25
                 302                6785               15605                1429             1527.83                0.25
                 303                6785               40090             336.193             1527.83                0.25
                 304                6785               27690             1233.95             1527.83                0.25
                 305                6785               22015             1274.06             1527.83                0.25
                 306                6785               27970              1118.5             1527.83                0.25
                 307                6785               17100             1509.85             1527.83                0.25
                 308                6785               36360             417.341             1527.83                0.25
                 309                6785               29620             1014.69             1527.83                0.25
                 310                6785               21105             1331.08             1527.83                0.25
                 311                6785               36410             957.111             1527.83                0.25
                 312                6785               12920             1489.42             1527.83                0.25
                 313                6785               35480             360.576             1527.83                0.25
                 314                6785               23915             1119.19             1527.83                0.25
                 315                6785               24275             1300.54             1527.83                0.25
                 316                6785               19015             1322.85             1527.83                0.25
                 317                6785               17175              1486.5             1527.83                0.25
                 318                6785               11945             1556.09             1556.09                0.25
                 319                6785               39220            -261.953             1556.09                0.25
                 320                6785               34900             529.007             1556.09                0.25
                 321                6785               23520             1042.63             1556.09                0.25
                 322                6785               27420             1159.88             1556.09                0.25
                 323                6785               17520             1392.14             1556.09                0.25
                 324                6785               36960             662.376             1556.09                0.25
                 325                6785               18715             1399.05             1556.09                0.25
                 326                6785               34915             812.678             1556.09                0.25
                 327                6785               26400             1263.34             1556.09                0.25
                 328                6785               20555             1339.72             1556.09                0.25
                 329                6785               33895             909.843             1556.09                0.25
                 330                6785               19185             1534.35             1556.09                0.25
                 331                6785               35925             844.214             1556.09                0.25
                 332                6785               17430             1455.02             1556.09                0.25
                 333                6785               35670             515.059             1556.09                0.25
                 334                6785               23020             1282.24             1556.09                0.25
                 335                6785               24705             1155.25             1556.09                0.25
                 336                6785               18040             1399.66             1556.09                0.25
                 337                6785               34915             824.945             1556.09                0.25
                 338                6785               23980             1275.69             1556.09                0.25
                 339                6785               20540             1272.72             1556.09                0.25
                 340                6785               27580             1106.26             1556.09                0.25
                 341                6785               17630             1433.28             1556.09                0.25
                 342                6785               37525             479.323             1556.09                0.25
                 343                6785               21625             1270.06             1556.09                0.25
                 344                6785               21780             1277.54             1556.09                0.25
                 345                6785               25315             1194.01             1556.09                0.25
                 346                6785               19375                1396             1556.09                0.25
                 347                6785               34935             855.061             1556.09                0.25
                 348                6785               24610             1300.83             1556.09                0.25
                 349                6785               20460             1249.21             1556.09                0.25
                 350                6785               13515              1492.8             1556.09                0.25
                 351                6785               39525             11.1336             1556.09                0.25
                 352                6785               29500             698.093             1556.09                0.25
                 353                6785               22660             1348.02             1556.09                0.25
                 354                6785               30815             987.003             1556.09                0.25
                 355                6785               18795             1419.19             1556.09                0.25
                 356                6785               34370             655.759             1556.09                0.25
                 357                6785               17460             1433.02             1556.09                0.25
                 358                6785               35810             796.137             1556.09                0.25
                 359                6785               26305             1107.78             1556.09                0.25
                 360                6785               20430             1391.73             1556.09                0.25
                 361                6785               31445             977.633             1556.09                0.25
                 362                6785               15795             1454.96             1556.09                0.25
                 363                6785               13295             1580.28             1580.28                0.25
                 364                6785               39240            -129.133             1580.28                0.25
                 365                6785               33455             465.677             1580.28                0.25
                 366                6785               22410             1152.38             1580.28                0.25
                 367                6785               28585             1183.63             1580.28                0.25
                 368                6785               18340             1395.23             1580.28                0.25
                 369                6785               34915             870.019             1580.28                0.25
                 370                6785               18685             1390.05             1580.28                0.25
                 371                6785               37055             735.003             1580.28                0.25
                 372                6785               23180             1203.27             1580.28                0.25
                 373                6785               27735             1202.96             1580.28                0.25
                 374                6785               18685              1421.3             1580.28                0.25
                 375                6785               14315             1545.51             1580.28                0.25
                 376                6785               12730             1601.56             1601.56                0.25
                 377                6785               35920            -159.994             1601.56                0.25
                 378                6785               24090             775.218             1601.56                0.25
                 379                6785               24780             1348.01             1601.56                0.25
                 380                6785               30880             1215.61             1601.56                0.25
                 381                6785               17775             1439.25             1601.56                0.25
                 382                6785               31725             708.864             1601.56                0.25
                 383                6785               18840             1405.09             1601.56                0.25
                 384                6785               36250             747.193             1601.56                0.25
                 385                6785               20980             1438.69             1601.56                0.25
                 386                6785               30455             883.831             1601.56                0.25
                 387                6785               19880             1345.46             1601.56                0.25
                 388                6785               27500             1099.16             1601.56                0.25
                 389                6785               21340             1435.77             1601.56                0.25
                 390                6785               31695             1042.56             1601.56                0.25
                 391                6785               19865             1413.38             1601.56                0.25
                 392                6785               26120             1046.75             1601.56                0.25
                 393                6785               22045             1326.51             1601.56                0.25
                 394                6785               22755             1215.44             1601.56                0.25
                 395                6785               23445             1258.31             1601.56                0.25
                 396                6785               26055             1286.71             1601.56                0.25
                 397                6785               21920             1312.24             1601.56                0.25
                 398                6785               28980             1145.01             1601.56                0.25
                 399                6785               16360             1440.08             1601.56                0.25
                 400                6785               34540             672.339             1601.56                0.25
                 401                6785               22520             1373.42             1601.56                0.25
                 402                6785               22755             1008.52             1601.56                0.25
                 403                6785               19000             1250.88             1601.56                0.25
                 404                6785               32070             1000.68             1601.56                0.25
                 405                6785               16810             1553.98             1601.56                0.25
                 406                6785               37010             433.413             1601.56                0.25
                 407                6785               25130              1246.7             1601.56                0.25
                 408                6785               25030              1289.1             1601.56                0.25
                 409                6785               21090             1327.62             1601.56                0.25
                 410                6785               15010             1506.41             1601.56                0.25
                 411                6785               37695              247.91             1601.56                0.25
                 412                6785               22690             1091.85             1601.56                0.25
                 413                6785               18700             1400.26             1601.56                0.25
                 414                6785               29715             884.398             1601.56                0.25
                 415                6785               21325             1261.95             1601.56                0.25
                 416                6785               24185             1228.57             1601.56                0.25
                 417                6785               24060             1332.72             1601.56                0.25
                 418                6785               27280             1117.32             1601.56                0.25
                 419                6785               16485             1427.75             1601.56                0.25
                 420                6785               37335             540.613             1601.56                0.25
                 421                6785               20350             1380.09             1601.56                0.25
                 422                6785               27655              1128.5             1601.56                0.25
                 423                6785               18465             1454.61             1601.56                0.25
                 424                6785               32685             690.504             1601.56                0.25
                 425                6785               23055             1177.05             1601.56                0.25
                 426                6785               23320             1325.62             1601.56                0.25
                 427                6785               23195             1251.24             1601.56                0.25
                 428                6785               21405             1301.89             1601.56                0.25
                 429                6785               26570             1183.07             1601.56                0.25
                 430                6785               22140             1439.46             1601.56                0.25
                 431                6785               25190              1037.5             1601.56                0.25
                 432                6785               20225             1358.26             1601.56                0.25
                 433                6785               34040             810.915             1601.56                0.25
                 434                6785               17585             1436.98             1601.56                0.25
                 435                6785               30015             736.044             1601.56                0.25
                 436                6785               22110             1221.29             1601.56                0.25
                 437                6785               22755             1223.63             1601.56                0.25
                 438                6785               15290             1493.62             1601.56                0.25
                 439                6785               39930             545.647             1601.56                0.25
                 440                6785               27155                1070             1601.56                0.25
                 441                6785               21860             1386.85             1601.56                0.25
                 442                6785               31680             1067.52             1601.56                0.25
                 443                6785               17680             1462.86             1601.56                0.25
                 444                6785               37515             451.787             1601.56                0.25
                 445                6785               19895             1365.07             1601.56                0.25
                 446                6785               14770             1513.52             1601.56                0.25
                 447                6785               37715             371.224             1601.56                0.25
                 448                6785               24370              977.57             1601.56                0.25
                 449                6785               20145              1376.3             1601.56                0.25
                 450                6785               29260             1098.78             1601.56                0.25
                 451                6785               23085             1378.37             1601.56                0.25
                 452                6785               30735             1044.21             1601.56               0.125
                 453                6785               16280             1482.63             1601.56               0.125
                 454                6785               22350             1381.12             1601.56               0.125
                 455                6785               13515             1554.35             1601.56               0.125
                 456                6785               29970             1156.64             1601.56               0.125
                 457                6785               14175             1586.41             1601.56               0.125
                 458                6785               19755             1318.03             1601.56               0.125
                 459                6785               15010             1477.58             1601.56               0.125
                 460                6785               18465             1504.28             1601.56               0.125
                 461                6785               20620             1498.03             1601.56               0.125
                 462                6785               21640                1514             1601.56               0.125
                 463                6785               18795             1515.32             1601.56               0.125
                 464                6785               14160             1622.06             1622.06               0.125
                 465                6785               26430             1179.35             1622.06               0.125
                 466                6785               14270             1563.23             1622.06               0.125
                 467                6785               25400             1236.03             1622.06               0.125
                 468                6785               19175             1459.32             1622.06               0.125
                 469                6785               15905             1570.71             1622.06               0.125
                 470                6785               29730             1257.34             1622.06               0.125
                 471                6785               14050             1596.12             1622.06               0.125
                 472                6785               22975             1259.14             1622.06               0.125
                 473                6785               18780             1448.61             1622.06               0.125
                 474                6785               14320             1592.37             1622.06               0.125
                 475                6785               21560             1377.16             1622.06               0.125
                 476                6785               17100             1549.45             1622.06               0.125
                 477                6785               13955             1648.47             1648.47               0.125
                 478                6785               33285             1038.13             1648.47               0.125
                 479                6785               22725             1446.37             1648.47               0.125
                 480                6785               15480             1578.12             1648.47               0.125
                 481                6785               31005             1238.37             1648.47               0.125
                 482                6785               16860             1583.46             1648.47               0.125
                 483                6785               24595             1355.94             1648.47               0.125
                 484                6785               14850             1617.74             1648.47               0.125
                 485                6785               21530             1381.12             1648.47               0.125
                 486                6785               14220             1590.47             1648.47               0.125
                 487                6785               21060             1265.87             1648.47               0.125
                 488                6785               18200             1458.65             1648.47               0.125
                 489                6785               15370             1564.49             1648.47               0.125
                 490                6785               16785             1438.46             1648.47               0.125
                 491                6785               16000              1571.2             1648.47               0.125
                 492                6785               30895             1256.04             1648.47               0.125
                 493                6785               16250             1612.68             1648.47               0.125
                 494                6785               21955             1326.29             1648.47               0.125
                 495                6785               13800             1638.01             1648.47               0.125
                 496                6785               31510             932.444             1648.47               0.125
                 497                6785               27660              1205.1             1648.47               0.125
                 498                6785               15465             1563.31             1648.47               0.125
                 499                6785               29685             1227.39             1648.47               0.125
                 500                6785               15290             1617.58             1648.47               0.125
                 501                6785               24610             1345.36             1648.47               0.125
                 502                6785               16285             1606.49             1648.47               0.125
                 503                6785               20885             1403.04             1648.47               0.125
                 504                6785               16330             1558.29             1648.47               0.125
                 505                6785               12275             1643.55             1648.47               0.125
                 506                6785               34385             848.821             1648.47               0.125
                 507                6785               21375             1377.08             1648.47               0.125
                 508                6785               16815             1584.35             1648.47               0.125
                 509                6785               25585             1304.08             1648.47               0.125
                 510                6785               15700              1600.1             1648.47               0.125
                 511                6785               26245             1264.44             1648.47               0.125
                 512                6785               17005             1610.98             1648.47               0.125
                 513                6785               23950             1364.06             1648.47               0.125
                 514                6785               14555             1622.62             1648.47               0.125
                 515                6785               29135             1025.27             1648.47               0.125
                 516                6785               25410             1275.44             1648.47               0.125
                 517                6785               16470             1595.32             1648.47               0.125
                 518                6785               20965             1382.72             1648.47               0.125
                 519                6785               15415             1629.13             1648.47               0.125
                 520                6785               25490             1276.99             1648.47               0.125
                 521                6785               19975              1386.1             1648.47               0.125
                 522                6785               16660             1593.02             1648.47               0.125
                 523                6785               23165             1349.76             1648.47               0.125
                 524                6785               17855             1513.72             1648.47               0.125
                 525                6785               18075             1509.99             1648.47               0.125
                 526                6785               20350             1563.16             1648.47               0.125
                 527                6785               19315             1473.25             1648.47               0.125
                 528                6785               14585             1586.98             1648.47               0.125
                 529                6785               30975             1194.26             1648.47               0.125
                 530                6785               16265              1585.2             1648.47               0.125
                 531                6785               25725              1314.4             1648.47               0.125
                 532                6785               17190             1621.81             1648.47               0.125
                 533                6785               24720             1358.48             1648.47               0.125
                 534                6785               15215             1610.26             1648.47               0.125
                 535                6785               12905             1677.89             1677.89               0.125
                 536                6785               33660             1002.86             1677.89               0.125
                 537                6785               21970             1459.19             1677.89               0.125
                 538                6785               19190             1597.38             1677.89               0.125
                 539                6785               12495              1653.3             1677.89               0.125
                 540                6785               26685             997.823             1677.89               0.125
                 541                6785               24390             1285.41             1677.89               0.125
                 542                6785               16625             1598.16             1677.89               0.125
                 543                6785               25775             1374.93             1677.89               0.125
                 544                6785               14005             1614.34             1677.89               0.125
                 545                6785               27860             1208.57             1677.89               0.125
                 546                6785               15525             1569.37             1677.89               0.125
                 547                6785               20810             1389.43             1677.89               0.125
                 548                6785               17600             1600.19             1677.89               0.125
                 549                6785               26215             1303.14             1677.89               0.125
                 550                6785               19535             1505.25             1677.89               0.125
                 551                6785               21200             1498.14             1677.89               0.125
                 552                6785               20620             1552.01             1677.89               0.125
                 553                6785               17035             1576.07             1677.89               0.125
                 554                6785               20965             1409.06             1677.89               0.125
                 555                6785               13690             1638.68             1677.89               0.125
                 556                6785               32940             1099.03             1677.89               0.125
                 557                6785               25915             1372.17             1677.89               0.125
                 558                6785               15760             1583.92             1677.89               0.125
                 559                6785               29970             1204.23             1677.89               0.125
                 560                6785               19805             1463.79             1677.89               0.125
                 561                6785               17335             1555.84             1677.89               0.125
                 562                6785               26825             1426.25             1677.89               0.125
                 563                6785               14395             1636.52             1677.89               0.125
                 564                6785               28115             1209.64             1677.89               0.125
                 565                6785               16015             1557.12             1677.89               0.125
                 566                6785               20400             1437.01             1677.89               0.125
                 567                6785               16000             1568.74             1677.89               0.125
                 568                6785               23055             1354.78             1677.89               0.125
                 569                6785               14475             1612.82             1677.89               0.125
                 570                6785               28380             1224.02             1677.89               0.125
                 571                6785               16955             1588.71             1677.89               0.125
                 572                6785               24470             1337.06             1677.89               0.125
                 573                6785               16705             1630.28             1677.89               0.125
                 574                6785               25865             1372.93             1677.89               0.125
                 575                6785               15025             1571.29             1677.89               0.125
                 576                6785               12825             1630.25             1677.89               0.125
                 577                6785               32135             953.999             1677.89               0.125
                 578                6785               27345             1281.49             1677.89               0.125
                 579                6785               16705             1599.62             1677.89               0.125
                 580                6785               26700             1345.82             1677.89               0.125
                 581                6785               15655             1613.55             1677.89               0.125
                 582                6785               26320             1348.47             1677.89               0.125
                 583                6785               21560              1514.6             1677.89               0.125
                 584                6785               18115             1575.04             1677.89               0.125
                 585                6785               21720             1427.58             1677.89               0.125
                 586                6785               15260             1589.15             1677.89               0.125
                 587                6785               23370              1380.5             1677.89               0.125
                 588                6785               14570             1605.03             1677.89               0.125
                 589                6785               29985             1219.02             1677.89               0.125
                 590                6785               16220             1604.51             1677.89               0.125
                 591                6785               23225             1324.37             1677.89               0.125
                 592                6785               14550              1611.6             1677.89               0.125
                 593                6785               11660             1685.58             1685.58               0.125
                 594                6785               25145             1054.62             1685.58               0.125
                 595                6785               21940             1239.65             1685.58               0.125
                 596                6785               18955             1485.55             1685.58               0.125
                 597                6785               20650              1504.8             1685.58               0.125
                 598                6785               21230             1594.49             1685.58               0.125
                 599                6785               18105             1478.38             1685.58               0.125
                 600                6785               12795             1613.58             1685.58               0.125
                 601                6785               30045             1043.49             1685.58               0.125
                 602                6785               23195              1308.6             1685.58               0.125
                 603                6785               15450             1592.73             1685.58               0.125
                 604                6785               22220             1362.71             1685.58               0.125
                 605                6785               17600             1596.87             1685.58               0.125
                 606                6785               25020             1327.58             1685.58               0.125
                 607                6785               13140             1660.04             1685.58               0.125
                 608                6785               30500             1003.29             1685.58               0.125
                 609                6785               27640             1233.34             1685.58               0.125
                 610                6785               15825             1581.23             1685.58               0.125
                 611                6785               26480             1310.15             1685.58               0.125
                 612                6785               19205             1594.13             1685.58               0.125
                 613                6785               24470             1449.18             1685.58               0.125
                 614                6785               16140             1617.87             1685.58               0.125
                 615                6785               22300              1431.8             1685.58               0.125
                 616                6785               14570             1619.35             1685.58               0.125
                 617                6785               33910             1089.95             1685.58               0.125
                 618                6785               24720             1342.72             1685.58               0.125
                 619                6785               16300             1627.67             1685.58               0.125
                 620                6785               27355             1318.15             1685.58               0.125
                 621                6785               16875             1632.11             1685.58               0.125
                 622                6785               23305             1380.93             1685.58               0.125
                 623                6785               15670             1581.68             1685.58               0.125
                 624                6785               12810              1667.7             1685.58               0.125
                 625                6785               32815             855.458             1685.58               0.125
                 626                6785               27235             1151.33             1685.58               0.125
                 627                6785               19800             1501.89             1685.58               0.125
                 628                6785               19300              1561.6             1685.58               0.125
                 629                6785               22265             1506.84             1685.58               0.125
                 630                6785               17460             1578.14             1685.58               0.125
                 631                6785               28270             1360.72             1685.58               0.125
                 632                6785               18780              1574.7             1685.58               0.125
                 633                6785               18840              1500.9             1685.58               0.125
                 634                6785               17145             1564.62             1685.58               0.125
                 635                6785               20320             1454.29             1685.58               0.125
                 636                6785               14255              1627.8             1685.58               0.125
                 637                6785               26415             1195.21             1685.58               0.125
                 638                6785               15480             1590.05             1685.58               0.125
                 639                6785               22850             1349.72             1685.58               0.125
                 640                6785               17790             1510.39             1685.58               0.125
                 641                6785               20965             1493.51             1685.58               0.125
                 642                6785               13705              1614.6             1685.58               0.125
                 643                6785               27045             1132.73             1685.58               0.125
                 644                6785               14695             1579.38             1685.58               0.125
                 645                6785               19440             1354.21             1685.58               0.125
                 646                6785               16845             1526.39             1685.58               0.125
                 647                6785               25460             1412.38             1685.58               0.125
                 648                6785               15765             1634.63             1685.58               0.125
                 649                6785               27390             1211.38             1685.58               0.125
                 650                6785               23430             1398.15             1685.58               0.125
                 651                6785               14430             1639.99             1685.58               0.125
                 652                6785               29275             1163.39             1685.58               0.125
                 653                6785               16310             1527.88             1685.58               0.125
                 654                6785               20950             1496.16             1685.58               0.125
                 655                6785               16675             1555.52             1685.58               0.125
                 656                6785               12605             1635.78             1685.58               0.125
                 657                6785               28870             1029.72             1685.58               0.125
                 658                6785               18670             1465.72             1685.58               0.125
                 659                6785               17050             1531.82             1685.58               0.125
                 660                6785               23260             1478.97             1685.58               0.125
                 661                6785               18655             1597.55             1685.58               0.125
                 662                6785               23825             1434.63             1685.58               0.125
                 663                6785               17365             1583.11             1685.58               0.125
                 664                6785               26415             1414.88             1685.58               0.125
                 665                6785               15700             1624.87             1685.58               0.125
                 666                6785               22945             1341.83             1685.58               0.125
                 667                6785               19425             1495.62             1685.58               0.125
                 668                6785               19470             1568.89             1685.58               0.125
                 669                6785               22300             1421.61             1685.58              0.0625
Lagrangian Relaxation Time: 6.26323 s.
Tried aggregator 1 time.
MIP Presolve eliminated 315 rows and 730 columns.
MIP Presolve modified 63 coefficients.
Reduced MIP has 745 rows, 3457 columns, and 35198 nonzeros.
Reduced MIP has 2167 binaries, 0 generals, 0 SOSs, and 0 indicators.
Presolve time = 0.02 sec. (10.23 ticks)
Probing time = 0.00 sec. (2.91 ticks)
Tried aggregator 1 time.
MIP Presolve eliminated 38 rows and 76 columns.
Reduced MIP has 707 rows, 3381 columns, and 34637 nonzeros.
Reduced MIP has 2167 binaries, 0 generals, 0 SOSs, and 0 indicators.
Presolve time = 0.02 sec. (12.37 ticks)
Probing time = 0.00 sec. (2.89 ticks)
Clique table members: 100.
MIP emphasis: integer feasibility.
MIP search method: dynamic search.
Parallel mode: none, using 1 thread.
Root relaxation solution time = 0.33 sec. (329.07 ticks)

        Nodes                                         Cuts/
   Node  Left     Objective  IInf  Best Integer    Best Bound    ItCnt     Gap

      0     0     1821.2500    86                   1821.2500     2567         
*     0+    0                         5455.0000     1821.2500            66.61%
      0     0     1834.9169   163     5455.0000       Cuts: 6     3090   66.36%
*     0+    0                         3900.0000     1834.9169            52.95%
*     0+    0                         2675.0000     1834.9169            31.40%
      0     2     1834.9169   163     2675.0000     1834.9169     3090   31.40%
Elapsed time = 1.14 sec. (903.15 ticks, tree = 0.01 MB, solutions = 3)
      2     4     1852.7273   165     2675.0000     1852.7273     4584   30.74%
      3     5     1852.7273   166     2675.0000     1852.7273     4586   30.74%
      4     6     1887.3404   163     2675.0000     1852.8571     5235   30.73%
      5     7     1877.2222   155     2675.0000     1853.1250     5496   30.72%
      6     8     1897.5000   174     2675.0000     1853.1250     5824   30.72%
      7     9     1891.0000   158     2675.0000     1853.1250     6067   30.72%
      8    10     1902.7778   181     2675.0000     1853.1250     6634   30.72%
      9    11     1933.2759   142     2675.0000     1853.1250     7632   30.72%
*    10    10      integral     0     1935.0000     1853.1250     7972    4.23%
     10    10     1935.0000     0     1935.0000     1853.1250     7972    4.23%
*    14    10      integral     0     1905.0000     1855.9974     8626    2.57%
     15    11     1900.0450   166     1905.0000     1855.9974     9124    2.57%
Elapsed time = 2.18 sec. (1860.58 ticks, tree = 0.05 MB, solutions = 5)
*    37     5      integral     0     1890.0000     1868.3019    12359    1.15%

Lift and project cuts applied:  1
Gomory fractional cuts applied:  3

Root node processing (before b&c):
  Real time             =    1.10 sec. (882.07 ticks)
Sequential b&c:
  Real time             =    1.53 sec. (1385.26 ticks)
                          ------------
Total (root+branch&cut) =    2.63 sec. (2267.32 ticks)

Root node processing (before b&c):
  Real time             =    0.00 sec. (0.96 ticks)
Sequential b&c:
  Real time             =    0.00 sec. (0.00 ticks)
                          ------------
Total (root+branch&cut) =    0.00 sec. (0.96 ticks)
Best Solution Found: 1890
Optimality Gap: 0.121276
Solution is feasible
Total Time: 8.89928 s.
Best Solution: 1890
SubProblem Destroyed
...done!
