4
Instancias/Problem_0_369.txt
                   1               64880               65300                1500                1500                   2
                   2               29715               66105        -1.11047e+06                1500                   2
                   3               29385               65665        -1.05405e+06                1500                   2
                   4               29385               65335             -998283                1500                   2
                   5               29385               65350             -942521                1500                   2
                   6               29370               65980             -886769                1500                   2
                   7               29370               65635             -831033                1500                   2
                   8               29370               65745             -775293                1500                   2
                   9               29040               66420             -719564                1500                   2
                  10               29040               66420             -667816                1500                   2
                  11               29040               66200             -616408                1500                   2
                  12               29040               66530             -561655                1500                   2
                  13               28835               65555             -507223                1500                   2
                  14               28630               64470             -452577                1500                   2
                  15               28630               64250             -399586                1500                   2
                  16               28630               64250             -345331                1500                   2
                  17               28630               64030             -313521                1500                   2
                  18               28630               63605             -259277                1500                   2
                  19               28410               62300             -205029                1500                   2
                  20               28190               61515             -161406                1500                   2
                  21               27970               61185             -108178                1500                   2
                  22               27970               60760            -78210.1                1500                   2
                  23               26540               59345            -42492.7                1500                   2
                  24               24890               57415            -29201.9                1500                   2
                  25               23035               54420            -19918.9                1500                   2
                  26               21540               51920            -15879.3                1500                   2
                  27               18630               48005            -12844.9                1500                   2
                  28               17845               43815            -9011.16                1500                   2
                  29               17030               44015            -7278.23                1500                   2
                  30               16355               46705            -7499.96                1500                   2
                  31               16025               51135            -8823.51                1500                   2
                  32               14500               66765            -26253.7                1500                   2
                  33               13840               62365            -15157.6                1500                   2
                  34               12945               50865            -4980.63                1500                   2
                  35               12835               48830            -3596.87                1500                   2
                  36               12790               53670            -5128.58                1500                   2
                  37               12475               53185            -5045.59                1500                   2
                  38               11785               43250            -2540.83                1500                   2
                  39               11485               49740            -4107.73                1500                   2
                  40               11375               45405            -2297.07                1500                   2
                  41               10840               58290             -8109.3                1500                   2
                  42               10730               44810            -4002.21                1500                   2
                  43               10715               46205            -1966.64                1500                   2
                  44               10400               49835            -2760.93                1500                   2
                  45               10165               45460            -1876.51                1500                   2
                  46               10165               66790            -19001.2                1500                   2
                  47               10165               61510            -10031.1                1500                   2
                  48               10165               52835            -4037.96                1500                   2
                  49                9835               44630            -1816.48                1500                   2
                  50                9615               60635              -13078                1500                   2
                  51                9395               55825            -7359.24                1500                   2
                  52                9395               51125               -3672                1500                   2
                  53                9395               37640            -1055.22                1500                   2
                  54                9395               69020            -18692.7                1500                   2
                  55                9395               61685            -9388.31                1500                   2
                  56                9395               49155            -3319.33                1500                   2
                  57                9395               54715            -2076.43                1500                   2
                  58                9380               54350            -7390.42                1500                   2
                  59                9380               44985            -2817.09                1500                   2
                  60                9380               40640            -1514.34                1500                   2
                  61                9270               50875            -2573.46                1500                   2
                  62                9270               47120             -1835.5                1500                   2
                  63                9270               48265            -1646.93                1500                   2
                  64                9255               63515            -10000.3                1500                   2
                  65                9145               48205            -4433.17                1500                   2
                  66                8815               44285             -1380.3                1500                   2
                  67                8815               63515            -12651.8                1500                   2
                  68                8815               55140            -5842.43                1500                   2
                  69                8705               42495            -1349.14                1500                   2
                  70                8705               59595              -10078                1500                   2
                  71                8705               53825            -5306.64                1500                   2
                  72                8595               42935            -1717.06                1500                   2
                  73                8595               58800             -9990.6                1500                   2
                  74                8595               54585            -6091.32                1500                   2
                  75                8595               42575            -1615.55                1500                   2
                  76                8595               56180             -9101.3                1500                   2
                  77                8485               43515             -4200.5                1500                   1
                  78                8485               37890            -570.123                1500                   1
                  79                8485               48185            -2999.89                1500                   1
                  80                8485               40470            -1134.53                1500                   1
                  81                8485               49785             -1286.5                1500                   1
                  82                8485               35695             125.112                1500                   1
                  83                8485               41665            -5.79663                1500                   1
                  84                8485               50340             -2333.3                1500                   1
                  85                8485               31890             473.838                1500                   1
                  86                8485               62815            -5318.27                1500                   1
                  87                8485               47635            -1553.07                1500                   1
                  88                8485               43325            -1216.66                1500                   1
                  89                8485               36070             430.971                1500                   1
                  90                8485               54175            -4549.45                1500                   1
                  91                8485               46680            -1801.84                1500                   1
                  92                8485               39605            -31.7602                1500                   1
                  93                8485               51615            -2435.13                1500                   1
                  94                8485               36225             261.994                1500                   1
                  95                8485               56705            -3357.28                1500                   1
                  96                8485               42640            -644.059                1500                   1
                  97                8485               48550            -1549.09                1500                   1
                  98                8485               33530             303.975                1500                   1
                  99                8485               53225            -4129.27                1500                   1
                 100                8485               44600            -1627.25                1500                   1
                 101                8485               43050            -363.227                1500                   1
                 102                8485               47795            -1134.54                1500                   1
                 103                8485               32475             574.307                1500                   1
                 104                8485               60650            -5411.76                1500                   1
                 105                8485               49765            -2185.95                1500                   1
                 106                8485               34700            -97.6643                1500                   1
                 107                8485               50185            -2749.38                1500                   1
                 108                8485               35620            -216.332                1500                   1
                 109                8485               50750            -2329.11                1500                   1
                 110                8485               40745             78.5516                1500                   1
                 111                8485               49295            -2012.85                1500                   1
                 112                8485               35505             352.299                1500                   1
                 113                8265               59795             -4265.2                1500                   1
                 114                8265               37720            -426.696                1500                   1
                 115                8265               48380            -1556.46                1500                   1
                 116                8170               32125             652.122                1500                   1
                 117                8170               33105             958.319                1500                   1
                 118                8170               47605            -3802.32                1500                   1
                 119                8170               41540            -1759.82                1500                   1
                 120                8170               31180             35.7107                1500                   1
                 121                8170               51995             -3008.6                1500                   1
                 122                8170               37660            -13.6287                1500                   1
                 123                8170               49620            -2136.07                1500                   1
                 124                8170               33590             271.502                1500                   1
                 125                8170               57090            -4035.28                1500                   1
                 126                8170               44915            -938.043                1500                   1
                 127                8170               39420            -303.896                1500                   1
                 128                8170               49415            -1026.34                1500                   1
                 129                8170               36575             240.063                1500                   1
                 130                8060               29380             1022.44                1500                   1
                 131                8060               48265            -3741.99                1500                   1
                 132                8060               35175            -735.033                1500                   1
                 133                8060               51855            -2334.79                1500                   1
                 134                8060               32495             325.551                1500                   1
                 135                8060               29255             771.618                1500                   1
                 136                8060               46240            -4233.01                1500                   1
                 137                8060               38400            -1254.01                1500                   1
                 138                8060               42665            -542.878                1500                   1
                 139                8060               34625             460.164                1500                   1
                 140                8060               44670            -1257.34                1500                   1
                 141                8060               39885            -540.197                1500                   1
                 142                8060               50245            -1163.24                1500                   1
                 143                8060               37185             68.4013                1500                   1
                 144                8060               51410            -2324.09                1500                   1
                 145                8060               34610             456.383                1500                   1
                 146                7950               46760            -2634.06                1500                   1
                 147                7950               32665             -5.5447                1500                   1
                 148                7950               43085            -1627.36                1500                   1
                 149                7950               31280             565.813                1500                   1
                 150                7950               28045             967.632                1500                   1
                 151                7950               59110            -5859.46                1500                   1
                 152                7950               46555            -2135.56                1500                   1
                 153                7950               38460            -144.707                1500                 0.5
                 154                7950               36750             529.396                1500                 0.5
                 155                7950               33670             611.261                1500                 0.5
                 156                7950               38780             537.515                1500                 0.5
                 157                7950               39810             509.938                1500                 0.5
                 158                7950               23425             1328.18                1500                 0.5
                 159                7950               46930            -1767.41                1500                 0.5
                 160                7950               37315            -227.841                1500                 0.5
                 161                7950               29885             1017.87                1500                 0.5
                 162                7950               32020             592.169                1500                 0.5
                 163                7950               34725             283.427                1500                 0.5
                 164                7950               32745             1061.77                1500                 0.5
                 165                7950               41355             559.598                1500                 0.5
                 166                7950               28170             1044.43                1500                 0.5
                 167                7950               21560             1509.68             1509.68                 0.5
                 168                7950               54110            -2511.25             1509.68                 0.5
                 169                7950               37655              191.48             1509.68                 0.5
                 170                7950               28360             1192.91             1509.68                 0.5
                 171                7950               50370            -1011.71             1509.68                 0.5
                 172                7950               34185             758.991             1509.68                 0.5
                 173                7950               34080              815.56             1509.68                 0.5
                 174                7950               22155             1570.39             1570.39                 0.5
                 175                7950               46820            -1735.62             1570.39                 0.5
                 176                7950               34720             132.456             1570.39                 0.5
                 177                7950               29870             1068.76             1570.39                 0.5
                 178                7950               24415             1548.01             1570.39                 0.5
                 179                7950               46770            -1035.79             1570.39                 0.5
                 180                7950               37520             282.759             1570.39                 0.5
                 181                7950               26835             1095.28             1570.39                 0.5
                 182                7950               46035             -274.84             1570.39                 0.5
                 183                7950               28720              1141.1             1570.39                 0.5
                 184                7950               46620            -410.608             1570.39                 0.5
                 185                7950               30655             1166.76             1570.39                 0.5
                 186                7950               44540            -36.5904             1570.39                 0.5
                 187                7950               28000             1238.48             1570.39                 0.5
                 188                7950               42865            -129.475             1570.39                 0.5
                 189                7950               31390             1036.09             1570.39                 0.5
                 190                7950               23570             1587.78             1587.78                 0.5
                 191                7950               53080            -1571.76             1587.78                 0.5
                 192                7950               36545             535.474             1587.78                 0.5
                 193                7950               43290             424.773             1587.78                 0.5
                 194                7950               30445              1404.8             1587.78                 0.5
                 195                7950               21890              1660.9              1660.9                 0.5
                 196                7950               55655            -2318.97              1660.9                 0.5
                 197                7950               44985            -714.738              1660.9                 0.5
                 198                7950               33845             989.332              1660.9                 0.5
                 199                7950               42375             368.067              1660.9                 0.5
                 200                7950               26820             1527.98              1660.9                 0.5
                 201                7950               47040            -983.685              1660.9                 0.5
                 202                7950               40615             171.406              1660.9                 0.5
                 203                7950               31610             1154.64              1660.9                 0.5
                 204                7950               42300             264.598              1660.9                 0.5
                 205                7950               25580             1380.98              1660.9                 0.5
                 206                7950               47755            -636.893              1660.9                 0.5
                 207                7950               31000             854.908              1660.9                 0.5
                 208                7950               37470             739.715              1660.9                 0.5
                 209                7950               34520             990.142              1660.9                 0.5
                 210                7950               19720              1645.1              1660.9                 0.5
                 211                7950               56865            -3035.45              1660.9                 0.5
                 212                7950               49495            -1291.98              1660.9                 0.5
                 213                7950               38180             508.022              1660.9                 0.5
                 214                7950               25500             1341.37              1660.9                 0.5
                 215                7950               45220            -934.374              1660.9                 0.5
                 216                7950               32965             553.644              1660.9                 0.5
                 217                7950               35255              981.21              1660.9                 0.5
                 218                7950               41515              576.49              1660.9                 0.5
                 219                7950               23130             1561.93              1660.9                 0.5
                 220                7950               49900            -1740.51              1660.9                 0.5
                 221                7950               35755             682.268              1660.9                 0.5
                 222                7950               37475             1144.32              1660.9                 0.5
                 223                7950               20300              1646.7              1660.9                 0.5
                 224                7950               47115            -2599.83              1660.9                 0.5
                 225                7950               41350            -832.626              1660.9                 0.5
                 226                7950               32315             993.405              1660.9                 0.5
                 227                7950               44880              73.934              1660.9                 0.5
                 228                7950               30360             1138.73              1660.9                 0.5
                 229                7950               23050             1571.83              1660.9                 0.5
                 230                7950               27750              1621.2              1660.9                 0.5
                 231                7950               49070            -779.496              1660.9                 0.5
                 232                7950               35430             585.642              1660.9                 0.5
                 233                7950               37825             897.728              1660.9                 0.5
                 234                7950               32235             948.358              1660.9                 0.5
                 235                7950               40650             432.485              1660.9                 0.5
                 236                7950               25045             1468.57              1660.9                 0.5
                 237                7950               43960            -790.533              1660.9                 0.5
                 238                7950               35130             383.231              1660.9                 0.5
                 239                7950               32670             1010.24              1660.9                 0.5
                 240                7950               38020             702.157              1660.9                 0.5
                 241                7950               34710             1069.97              1660.9                 0.5
                 242                7950               24545             1612.28              1660.9                 0.5
                 243                7950               53640             -2238.5              1660.9                 0.5
                 244                7950               47445            -331.468              1660.9                 0.5
                 245                7950               34500             1129.35              1660.9                 0.5
                 246                7950               45235             313.136              1660.9                 0.5
                 247                7950               30390             1279.05              1660.9                 0.5
                 248                7950               51740            -117.421              1660.9                 0.5
                 249                7950               34095             1190.91              1660.9                 0.5
                 250                7950               39285             420.325              1660.9                 0.5
                 251                7950               33685             1267.51              1660.9                 0.5
                 252                7950               41405               364.6              1660.9                 0.5
                 253                7950               30595             1281.24              1660.9                 0.5
                 254                7950               46510            -110.199              1660.9                 0.5
                 255                7950               31140             1342.83              1660.9                 0.5
                 256                7950               49840            -361.075              1660.9                 0.5
                 257                7950               35995             883.443              1660.9                 0.5
                 258                7950               31880             959.835              1660.9                 0.5
                 259                7950               44040             491.639              1660.9                 0.5
                 260                7950               28515             1532.47              1660.9                 0.5
                 261                7950               38350            -19.8086              1660.9                 0.5
                 262                7950               28910             1150.29              1660.9                 0.5
                 263                7950               43805             -113.06              1660.9                 0.5
                 264                7950               36340             888.579              1660.9                 0.5
                 265                7950               21495             1682.76             1682.76                 0.5
                 266                7950               51145            -1612.85             1682.76                 0.5
                 267                7950               41165            -173.959             1682.76                 0.5
                 268                7950               27450             787.628             1682.76                 0.5
                 269                7950               24760             1262.32             1682.76                 0.5
                 270                7950               44700            -778.558             1682.76                 0.5
                 271                7950               39010             375.798             1682.76                 0.5
                 272                7950               32560             1195.75             1682.76                 0.5
                 273                7950               44310             231.736             1682.76                 0.5
                 274                7950               31265             1472.68             1682.76                 0.5
                 275                7950               42015            -60.4615             1682.76                 0.5
                 276                7950               28425             1085.94             1682.76                 0.5
                 277                7950               41620             247.524             1682.76                 0.5
                 278                7950               25330             1317.13             1682.76                 0.5
                 279                7950               25975             1628.41             1682.76                 0.5
                 280                7950               46055            -768.541             1682.76                 0.5
                 281                7950               32210             1086.12             1682.76                 0.5
                 282                7950               44385             139.467             1682.76                 0.5
                 283                7950               29330             1271.38             1682.76                 0.5
                 284                7950               22375             1724.82             1724.82                 0.5
                 285                7950               48615            -2323.56             1724.82                 0.5
                 286                7950               45975            -762.696             1724.82                 0.5
                 287                7950               31580             1004.95             1724.82                 0.5
                 288                7950               51220             -185.21             1724.82                 0.5
                 289                7950               27995             1416.17             1724.82                 0.5
                 290                7950               45975            -189.894             1724.82                 0.5
                 291                7950               31615             1162.13             1724.82                 0.5
                 292                7950               24305             1612.93             1724.82                 0.5
                 293                7950               47685            -1540.33             1724.82                 0.5
                 294                7950               40865            -295.804             1724.82                 0.5
                 295                7950               26600             1388.09             1724.82                 0.5
                 296                7950               22045             1611.71             1724.82                 0.5
                 297                7950               51020            -1544.31             1724.82                 0.5
                 298                7950               36090             73.8235             1724.82                 0.5
                 299                7950               32870              1059.4             1724.82                 0.5
                 300                7950               23945             1606.73             1724.82                 0.5
                 301                7950               49040            -1824.36             1724.82                 0.5
                 302                7950               38450              287.99             1724.82                 0.5
                 303                7950               28090             1135.06             1724.82                 0.5
                 304                7950               45860            -50.8124             1724.82                 0.5
                 305                7950               31270             1404.05             1724.82                 0.5
                 306                7950               25220             1661.63             1724.82                 0.5
                 307                7950               50080            -1195.02             1724.82                 0.5
                 308                7950               39940            -153.965             1724.82                 0.5
                 309                7950               36825             1114.48             1724.82                 0.5
                 310                7950               40745             781.972             1724.82                 0.5
                 311                7950               29380             1199.95             1724.82                 0.5
                 312                7950               48115             65.8482             1724.82                 0.5
                 313                7950               29415             1459.85             1724.82                 0.5
                 314                7950               19800             1710.71             1724.82                 0.5
                 315                7950               52775            -2124.24             1724.82                 0.5
                 316                7950               43380            -863.954             1724.82                 0.5
                 317                7950               32255             1055.91             1724.82                 0.5
                 318                7950               42895              424.13             1724.82                 0.5
                 319                7950               32305             1270.86             1724.82                 0.5
                 320                7950               45850             20.9986             1724.82                 0.5
                 321                7950               33200             1109.57             1724.82                 0.5
                 322                7950               40525             458.893             1724.82                 0.5
                 323                7950               32130             1519.94             1724.82                 0.5
                 324                7950               44560             109.971             1724.82                 0.5
                 325                7950               28330             1211.43             1724.82                 0.5
                 326                7950               51045            -434.252             1724.82                 0.5
                 327                7950               42610             823.349             1724.82                 0.5
                 328                7950               27795             1246.32             1724.82                 0.5
                 329                7950               49460            -162.418             1724.82                 0.5
                 330                7950               32335             1295.49             1724.82                 0.5
                 331                7950               22515             1702.35             1724.82                 0.5
                 332                7950               16090             1794.42             1794.42                 0.5
                 333                7950               49615            -3445.06             1794.42                 0.5
                 334                7950               43565            -2022.02             1794.42                 0.5
                 335                7950               35585             280.129             1794.42                 0.5
                 336                7950               37035             609.062             1794.42                 0.5
                 337                7950               29570             1411.47             1794.42                 0.5
                 338                7950               46070            -593.281             1794.42                 0.5
                 339                7950               34425             1011.35             1794.42                 0.5
                 340                7950               35795             986.174             1794.42                 0.5
                 341                7950               41560             675.701             1794.42                 0.5
                 342                7950               23550             1551.12             1794.42                 0.5
                 343                7950               48885            -1259.08             1794.42                 0.5
                 344                7950               44485            -104.232             1794.42                 0.5
                 345                7950               34820             1044.98             1794.42                 0.5
                 346                7950               27090             1593.81             1794.42                 0.5
                 347                7950               48175            -1202.98             1794.42                 0.5
                 348                7950               40555             539.299             1794.42                 0.5
                 349                7950               32240             1160.33             1794.42                 0.5
                 350                7950               46995             300.475             1794.42                 0.5
                 351                7950               34000             1348.59             1794.42                 0.5
                 352                7950               41685             291.425             1794.42                 0.5
                 353                7950               31835             1174.89             1794.42                 0.5
                 354                7950               38245             257.835             1794.42                 0.5
                 355                7950               27540             1376.75             1794.42                 0.5
                 356                7950               46215            -15.6757             1794.42                 0.5
                 357                7950               32635             1299.01             1794.42                 0.5
                 358                7950               48555             242.361             1794.42                 0.5
                 359                7950               32180             1348.54             1794.42                 0.5
                 360                7950               35325             522.486             1794.42                 0.5
                 361                7950               37225             1039.25             1794.42                 0.5
                 362                7950               37695             810.715             1794.42                 0.5
                 363                7950               22185             1596.04             1794.42                 0.5
                 364                7950               46685            -1521.56             1794.42                 0.5
                 365                7950               34895             721.868             1794.42                 0.5
                 366                7950               38620             989.223             1794.42                 0.5
                 367                7950               23365             1645.23             1794.42                 0.5
                 368                7950               49590            -1912.79             1794.42                 0.5
                 369                7950               45630            -429.698             1794.42                 0.5
                 370                7950               35215             710.229             1794.42                 0.5
                 371                7950               36310             937.494             1794.42                 0.5
                 372                7950               36740             993.435             1794.42                 0.5
                 373                7950               35995             1009.77             1794.42                 0.5
                 374                7950               23210             1699.56             1794.42                 0.5
                 375                7950               28345             1716.85             1794.42                 0.5
                 376                7950               24595             1657.79             1794.42                 0.5
                 377                7950               48095            -841.113             1794.42                 0.5
                 378                7950               34045             405.235             1794.42                 0.5
                 379                7950               38105             1162.88             1794.42                 0.5
                 380                7950               34990             968.621             1794.42                 0.5
                 381                7950               37965              627.79             1794.42                 0.5
                 382                7950               33125              1294.6             1794.42                 0.5
                 383                7950               21790             1683.92             1794.42                 0.5
                 384                7950               47235            -2155.01             1794.42                 0.5
                 385                7950               44075            -399.443             1794.42                 0.5
                 386                7950               31095             1127.64             1794.42                 0.5
                 387                7950               23150              1559.7             1794.42                 0.5
                 388                7950               43360            -979.917             1794.42                 0.5
                 389                7950               33160             870.293             1794.42                 0.5
                 390                7950               39740             482.674             1794.42                 0.5
                 391                7950               27340             1253.03             1794.42                 0.5
                 392                7950               41715             127.316             1794.42                 0.5
                 393                7950               33590             1187.58             1794.42                 0.5
                 394                7950               43715             217.883             1794.42                 0.5
                 395                7950               27310             1451.37             1794.42                 0.5
                 396                7950               51220            -774.183             1794.42                 0.5
                 397                7950               35585             1065.12             1794.42                 0.5
                 398                7950               37840             689.353             1794.42                 0.5
                 399                7950               26510             1447.86             1794.42                 0.5
                 400                7950               49275            -806.062             1794.42                 0.5
                 401                7950               32930             1016.42             1794.42                 0.5
                 402                7950               40900             874.403             1794.42                 0.5
                 403                7950               26490             1384.81             1794.42                 0.5
                 404                7950               46745            -299.432             1794.42                 0.5
                 405                7950               36135             909.286             1794.42                 0.5
                 406                7950               34725             936.873             1794.42                 0.5
                 407                7950               36560             963.119             1794.42                 0.5
                 408                7950               37870             913.993             1794.42                0.25
                 409                7950               29840             1369.72             1794.42                0.25
                 410                7950               28030             1706.88             1794.42                0.25
                 411                7950               32745             1301.82             1794.42                0.25
                 412                7950               25660             1745.84             1794.42                0.25
                 413                7950               33120             1193.48             1794.42                0.25
                 414                7950               25610             1621.34             1794.42                0.25
                 415                7950               39100             1162.15             1794.42                0.25
                 416                7950               28240             1633.36             1794.42                0.25
                 417                7950               35010             1379.35             1794.42                0.25
                 418                7950               24450             1802.84             1802.84                0.25
                 419                7950               36410              935.99             1802.84                0.25
                 420                7950               28050             1585.81             1802.84                0.25
                 421                7950               29650             1554.22             1802.84                0.25
                 422                7950               29435             1650.58             1802.84                0.25
                 423                7950               25515             1590.31             1802.84                0.25
                 424                7950               30845             1482.77             1802.84                0.25
                 425                7950               21370             1854.89             1854.89                0.25
                 426                7950               42705              669.65             1854.89                0.25
                 427                7950               35965             1315.89             1854.89                0.25
                 428                7950               25155             1749.97             1854.89                0.25
                 429                7950               17475             1942.45             1942.45                0.25
                 430                7950               44385             26.2075             1942.45                0.25
                 431                7950               38730             867.055             1942.45                0.25
                 432                7950               25265              1575.4             1942.45                0.25
                 433                7950               20225             1785.84             1942.45                0.25
                 434                7950               43510             645.724             1942.45                0.25
                 435                7950               28175             1660.99             1942.45                0.25
                 436                7950               31210             1591.46             1942.45                0.25
                 437                7950               28880             1473.83             1942.45                0.25
                 438                7950               21135             1802.92             1942.45                0.25
                 439                7950               40170              711.68             1942.45                0.25
                 440                7950               28965             1459.88             1942.45                0.25
                 441                7950               25705             1798.92             1942.45                0.25
                 442                7950               33520             1371.96             1942.45                0.25
                 443                7950               22330             1746.95             1942.45                0.25
                 444                7950               14820             1949.75             1949.75                0.25
                 445                7950               47045             -78.624             1949.75                0.25
                 446                7950               32680             1122.26             1949.75                0.25
                 447                7950               26980             1546.28             1949.75                0.25
                 448                7950               37665              1344.7             1949.75                0.25
                 449                7950               27905             1709.67             1949.75                0.25
                 450                7950               15165             1921.37             1949.75                0.25
                 451                7950               49010            -731.533             1949.75                0.25
                 452                7950               46180             268.391             1949.75                0.25
                 453                7950               32875             1428.68             1949.75                0.25
                 454                7950               25485             1721.42             1949.75                0.25
                 455                7950               36095             1348.66             1949.75                0.25
                 456                7950               23930             1800.82             1949.75                0.25
                 457                7950               41815             892.201             1949.75                0.25
                 458                7950               37005             1451.69             1949.75                0.25
                 459                7950               27485             1801.45             1949.75                0.25
                 460                7950               38500             1320.55             1949.75                0.25
                 461                7950               21905             1865.98             1949.75                0.25
                 462                7950               18920             1998.03             1998.03                0.25
                 463                7950               37885             794.127             1998.03                0.25
                 464                7950               25690             1477.28             1998.03                0.25
                 465                7950               19515             1707.08             1998.03                0.25
                 466                7950               44895             659.589             1998.03                0.25
                 467                7950               24940              1746.8             1998.03                0.25
                 468                7950               33620             1359.84             1998.03                0.25
                 469                7950               23415             1901.27             1998.03                0.25
                 470                7950               36235             1158.97             1998.03                0.25
                 471                7950               30785             1571.65             1998.03                0.25
                 472                7950               20585             1806.16             1998.03                0.25
                 473                7950               45540             907.352             1998.03                0.25
                 474                7950               28990             1629.23             1998.03                0.25
                 475                7950               31210             1488.67             1998.03                0.25
                 476                7950               25035             1771.11             1998.03                0.25
                 477                7950               36720             1341.15             1998.03                0.25
                 478                7950               24625              1838.5             1998.03                0.25
                 479                7950               40020             1209.27             1998.03                0.25
                 480                7950               21545             1924.73             1998.03                0.25
                 481                7950               37635             860.458             1998.03                0.25
                 482                7950               29980             1334.17             1998.03                0.25
                 483                7950               23775             1791.64             1998.03                0.25
                 484                7950               14710             1962.51             1998.03                0.25
                 485                7950               41015             -91.657             1998.03                0.25
                 486                7950               37195             790.825             1998.03                0.25
                 487                7950               28085             1543.35             1998.03                0.25
                 488                7950               35900             1460.07             1998.03                0.25
                 489                7950               23035             1799.79             1998.03                0.25
                 490                7950               38545             918.144             1998.03                0.25
                 491                7950               31445             1414.53             1998.03                0.25
                 492                7950               25835             1772.94             1998.03                0.25
                 493                7950               14570             1966.97             1998.03                0.25
                 494                7950               47755            -998.415             1998.03                0.25
                 495                7950               45320             46.1054             1998.03                0.25
                 496                7950               37915             829.812             1998.03                0.25
                 497                7950               27465             1762.45             1998.03                0.25
                 498                7950               35260             1356.91             1998.03                0.25
                 499                7950               26525             1666.84             1998.03                0.25
                 500                7950               34460             1450.09             1998.03                0.25
                 501                7950               30560             1684.94             1998.03                0.25
                 502                7950               32055             1474.92             1998.03                0.25
                 503                7950               23210             1824.05             1998.03                0.25
                 504                7950               36515             1199.17             1998.03                0.25
                 505                7950               25080              1862.6             1998.03                0.25
                 506                7950               26350             1516.98             1998.03                0.25
                 507                7950               20020             1854.86             1998.03                0.25
                 508                7950               42660             614.968             1998.03                0.25
                 509                7950               31255             1464.45             1998.03                0.25
                 510                7950               23380             1788.26             1998.03                0.25
                 511                7950               22270             1939.86             1998.03                0.25
                 512                7950               39545              855.93             1998.03                0.25
                 513                7950               23745             1616.83             1998.03                0.25
                 514                7950               35925             1301.09             1998.03                0.25
                 515                7950               26890             1745.36             1998.03                0.25
                 516                7950               32855             1386.23             1998.03                0.25
                 517                7950               25205             1872.57             1998.03                0.25
                 518                7950               46335             1166.17             1998.03                0.25
                 519                7950               22550              1810.6             1998.03                0.25
                 520                7950               12795             1987.51             1998.03                0.25
                 521                7950               49605            -901.416             1998.03                0.25
                 522                7950               46385             -164.02             1998.03                0.25
                 523                7950               31080             1018.34             1998.03                0.25
                 524                7950               26225             1672.65             1998.03                0.25
                 525                7950               42110             1268.13             1998.03                0.25
                 526                7950               26475             1803.18             1998.03                0.25
                 527                7950               35105             1126.84             1998.03                0.25
                 528                7950               27090             1782.94             1998.03                0.25
                 529                7950               35400             1195.08             1998.03                0.25
                 530                7950               27370             1602.86             1998.03                0.25
                 531                7950               18275             1892.01             1998.03                0.25
                 532                7950               43745             322.172             1998.03                0.25
                 533                7950               30530             1473.43             1998.03                0.25
                 534                7950               29350             1712.38             1998.03                0.25
                 535                7950               22945             1918.95             1998.03                0.25
                 536                7950               41040             688.331             1998.03                0.25
                 537                7950               32120             1411.89             1998.03                0.25
                 538                7950               26415             1786.18             1998.03               0.125
                 539                7950               20835             1967.88             1998.03               0.125
                 540                7950               26935             1750.63             1998.03               0.125
                 541                7950               20650              1950.7             1998.03               0.125
                 542                7950               35310             1680.65             1998.03               0.125
                 543                7950               26275              1926.8             1998.03               0.125
                 544                7950               21105             1981.11             1998.03               0.125
                 545                7950               34275             1703.93             1998.03               0.125
                 546                7950               14790             2056.61             2056.61               0.125
                 547                7950               35640             1338.15             2056.61               0.125
                 548                7950               27140              1732.4             2056.61               0.125
                 549                7950               19285             1991.37             2056.61               0.125
                 550                7950               12920             2054.29             2056.61               0.125
                 551                7950               38845             1075.29             2056.61               0.125
                 552                7950               34305             1455.22             2056.61               0.125
                 553                7950               20320             1926.56             2056.61               0.125
                 554                7950               27075             1899.59             2056.61               0.125
                 555                7950               22190             2008.76             2056.61               0.125
                 556                7950               25600             1843.55             2056.61               0.125
                 557                7950               24235             1972.27             2056.61               0.125
                 558                7950               14995             2092.96             2092.96               0.125
                 559                7950               36175             1173.28             2092.96               0.125
                 560                7950               34665             1557.08             2092.96               0.125
                 561                7950               17205             2027.68             2092.96               0.125
                 562                7950               29025             1499.45             2092.96               0.125
                 563                7950               24170             1812.01             2092.96               0.125
                 564                7950               23905             1967.85             2092.96               0.125
                 565                7950               24750             1897.86             2092.96               0.125
                 566                7950               20445              2019.2             2092.96               0.125
                 567                7950               28885             1813.98             2092.96               0.125
                 568                7950               18450             2036.85             2092.96               0.125
                 569                7950               12575             2122.69             2122.69               0.125
                 570                7950               38560             818.275             2122.69               0.125
                 571                7950               36595             1266.73             2122.69               0.125
                 572                7950               24955             1829.88             2122.69               0.125
                 573                7950               25925             2000.94             2122.69               0.125
                 574                7950               17065             2082.48             2122.69               0.125
                 575                7950               39915             1516.86             2122.69               0.125
                 576                7950               26450             1885.45             2122.69               0.125
                 577                7950               16440             2023.92             2122.69               0.125
                 578                7950               16075             2091.77             2122.69               0.125
                 579                7950               41990             1318.69             2122.69               0.125
                 580                7950               34055             1659.57             2122.69               0.125
                 581                7950               23115             2024.27             2122.69               0.125
                 582                7950               33565             1831.85             2122.69               0.125
                 583                7950               19600             2022.32             2122.69               0.125
                 584                7950               16455             2102.52             2122.69               0.125
                 585                7950               35010             1384.35             2122.69               0.125
                 586                7950               29195             1736.66             2122.69               0.125
                 587                7950               21135              2022.4             2122.69               0.125
                 588                7950               13045             2112.94             2122.69               0.125
                 589                7950               39115             1110.11             2122.69               0.125
                 590                7950               35140             1448.98             2122.69               0.125
                 591                7950               21830             1866.59             2122.69               0.125
                 592                7950               27265             1943.16             2122.69               0.125
                 593                7950               26575              1970.5             2122.69               0.125
                 594                7950               30770             1934.44             2122.69               0.125
                 595                7950               17790             2107.76             2122.69               0.125
                 596                7950               32495             1429.49             2122.69               0.125
                 597                7950               30075             1708.98             2122.69               0.125
                 598                7950               18545             2076.56             2122.69               0.125
                 599                7950               30285             1704.59             2122.69               0.125
                 600                7950               22160             1919.25             2122.69               0.125
                 601                7950               21705              1999.1             2122.69               0.125
                 602                7950               30265             1828.46             2122.69               0.125
                 603                7950               19125             2048.64             2122.69               0.125
                 604                7950               35535             1624.22             2122.69               0.125
                 605                7950               25620             1884.37             2122.69               0.125
                 606                7950               20160             1981.18             2122.69               0.125
                 607                7950               15230             2094.58             2122.69               0.125
                 608                7950               41375             1168.34             2122.69               0.125
                 609                7950               34855              1614.2             2122.69               0.125
                 610                7950               22125             2008.13             2122.69               0.125
                 611                7950               36115             1701.75             2122.69               0.125
                 612                7950               26165             2018.63             2122.69               0.125
                 613                7950               30205             1927.72             2122.69               0.125
                 614                7950               21375              2049.5             2122.69               0.125
                 615                7950               12135             2136.29             2136.29               0.125
                 616                7950               41015             731.776             2136.29               0.125
                 617                7950               37495             1258.56             2136.29               0.125
                 618                7950               31665             1569.29             2136.29               0.125
                 619                7950               20035             1971.12             2136.29               0.125
                 620                7950               35185             1756.64             2136.29               0.125
                 621                7950               23305             2037.92             2136.29               0.125
                 622                7950               34795             1765.95             2136.29               0.125
                 623                7950               23450             2019.63             2136.29               0.125
                 624                7950               15420             2128.53             2136.29               0.125
                 625                7950               14115             2134.88             2136.29               0.125
                 626                7950               39080             1202.55             2136.29               0.125
                 627                7950               33895                1589             2136.29               0.125
                 628                7950               21940             1945.75             2136.29               0.125
                 629                7950               35325             1783.89             2136.29               0.125
                 630                7950               21860             2051.71             2136.29               0.125
                 631                7950               28760             1845.64             2136.29               0.125
                 632                7950               21860             2069.06             2136.29               0.125
                 633                7950               36330             1669.34             2136.29               0.125
                 634                7950               25740             1967.99             2136.29               0.125
                 635                7950               27565             1913.89             2136.29               0.125
                 636                7950               17400             2082.11             2136.29               0.125
                 637                7950               33675             1623.86             2136.29               0.125
                 638                7950               21370             2021.42             2136.29               0.125
                 639                7950               30160             1775.39             2136.29               0.125
                 640                7950               24785             1950.74             2136.29               0.125
                 641                7950               23320             1940.27             2136.29               0.125
                 642                7950               15230              2077.4             2136.29               0.125
                 643                7950               43230             979.137             2136.29               0.125
                 644                7950               40040             1441.71             2136.29               0.125
                 645                7950               21640             1973.09             2136.29               0.125
                 646                7950               27975                1851             2136.29               0.125
                 647                7950               19285             2059.59             2136.29               0.125
                 648                7950               33850             1555.78             2136.29               0.125
                 649                7950               28900             1784.22             2136.29               0.125
                 650                7950               20510             2081.41             2136.29               0.125
                 651                7950               37700             1675.08             2136.29               0.125
                 652                7950               23590             2054.99             2136.29               0.125
                 653                7950               33045             1842.83             2136.29               0.125
                 654                7950               20065             2107.63             2136.29               0.125
                 655                7950               34230             1526.57             2136.29               0.125
                 656                7950               26845             1819.58             2136.29               0.125
                 657                7950               20855             2016.01             2136.29               0.125
                 658                7950               13755             2114.62             2136.29               0.125
                 659                7950               44895             788.025             2136.29               0.125
                 660                7950               41880             1134.53             2136.29               0.125
                 661                7950               33380             1772.31             2136.29               0.125
                 662                7950               23780             2045.95             2136.29               0.125
                 663                7950               32705             1850.95             2136.29               0.125
                 664                7950               20540             2082.55             2136.29               0.125
                 665                7950               35800             1645.41             2136.29               0.125
                 666                7950               29765             1922.97             2136.29               0.125
                 667                7950               19475             2011.34             2136.29               0.125
                 668                7950               15655             2101.43             2136.29               0.125
                 669                7950               37905             1293.22             2136.29               0.125
                 670                7950               32925             1692.94             2136.29               0.125
                 671                7950               21040             2063.39             2136.29               0.125
                 672                7950               29985             1764.58             2136.29               0.125
                 673                7950               24550             1944.42             2136.29               0.125
                 674                7950               25360             1917.02             2136.29               0.125
                 675                7950               17665              2090.4             2136.29               0.125
                 676                7950               32830             1421.67             2136.29               0.125
                 677                7950               28335             1754.67             2136.29               0.125
                 678                7950               23745             2027.65             2136.29               0.125
                 679                7950               26875             1839.14             2136.29               0.125
                 680                7950               20935             2004.23             2136.29               0.125
                 681                7950               33000             1836.29             2136.29               0.125
                 682                7950               17305             2100.62             2136.29               0.125
                 683                7950               35860             1619.39             2136.29               0.125
                 684                7950               24640             1878.85             2136.29               0.125
                 685                7950               18985              2083.9             2136.29               0.125
                 686                7950               34540             1684.66             2136.29               0.125
                 687                7950               21155             2021.91             2136.29               0.125
                 688                7950               12670             2098.87             2136.29               0.125
                 689                7950               16835             2115.11             2136.29               0.125
                 690                7950               32450             1630.26             2136.29               0.125
                 691                7950               24090             1830.76             2136.29              0.0625
Lagrangian Relaxation Time: 6.72093 s.
Tried aggregator 1 time.
MIP Presolve eliminated 333 rows and 770 columns.
MIP Presolve modified 8 coefficients.
Reduced MIP has 727 rows, 3662 columns, and 38949 nonzeros.
Reduced MIP has 2408 binaries, 0 generals, 0 SOSs, and 0 indicators.
Presolve time = 0.02 sec. (10.39 ticks)
Probing time = 0.00 sec. (2.99 ticks)
Tried aggregator 1 time.
MIP Presolve eliminated 41 rows and 82 columns.
Reduced MIP has 686 rows, 3580 columns, and 38295 nonzeros.
Reduced MIP has 2408 binaries, 0 generals, 0 SOSs, and 0 indicators.
Presolve time = 0.02 sec. (13.56 ticks)
Probing time = 0.00 sec. (2.97 ticks)
Clique table members: 100.
MIP emphasis: integer feasibility.
MIP search method: dynamic search.
Parallel mode: none, using 1 thread.
Root relaxation solution time = 0.50 sec. (461.78 ticks)

        Nodes                                         Cuts/
   Node  Left     Objective  IInf  Best Integer    Best Bound    ItCnt     Gap

      0     0     2304.5785   172                   2304.5785     3012         
*     0+    0                         5915.0000     2304.5785            61.04%
      0     0     2306.4401   187     5915.0000      Fract: 1     3157   61.01%
*     0+    0                         4390.0000     2306.4401            47.46%
*     0+    0                         4280.0000     2306.4401            46.11%
      0     2     2306.4401   187     4280.0000     2306.4489     3157   46.11%
Elapsed time = 1.30 sec. (1050.55 ticks, tree = 0.01 MB, solutions = 3)
      3     5     2315.6164   150     4280.0000     2313.4783     4482   45.95%
      4     6     2313.4783   132     4280.0000     2313.4783     4483   45.95%
      5     7     2315.6164   151     4280.0000     2313.5187     4651   45.95%
      6     8     2317.7336   161     4280.0000     2313.6792     4980   45.94%
      7     9     2316.7241   153     4280.0000     2313.6792     5210   45.94%
      8    10     2326.3855   138     4280.0000     2313.6792     5685   45.94%
      9    11     2323.8959   162     4280.0000     2313.6792     6343   45.94%
     10    12     2316.7241   153     4280.0000     2313.6792     7385   45.94%
     11    13     2318.2356   148     4280.0000     2313.6792     7893   45.94%
     14    16     2325.4651   122     4280.0000     2313.6792     8832   45.94%
Elapsed time = 4.27 sec. (2053.74 ticks, tree = 0.10 MB, solutions = 3)
*    20+   20                         3635.0000     2313.6792            36.35%
*    30+   30                         2785.0000     2313.6792            16.92%
     30    32     2412.4784   173     2785.0000     2313.6792    14557   16.92%
     31    33     2437.1094   124     2785.0000     2313.6792    15337   16.92%
     32    34     2438.5934   160     2785.0000     2313.6792    15543   16.92%
*    33    33      integral     0     2440.0000     2313.6792    15601    5.18%
     34    32        cutoff           2440.0000     2313.6792    15628    5.18%
     35    31        cutoff           2440.0000     2313.6792    15632    5.18%
     36    32     2319.8314   173     2440.0000     2313.6824    16056    5.18%
     37    33     2329.0625   150     2440.0000     2313.6824    16479    5.18%
     38    34     2331.7954   178     2440.0000     2313.6824    16655    5.18%
     39    35     2367.6621   210     2440.0000     2313.6824    17453    5.18%
Elapsed time = 6.22 sec. (3571.21 ticks, tree = 0.14 MB, solutions = 6)
     62    52     2348.4515   173     2440.0000     2313.6824    22977    5.18%
     63    53     2348.4515   173     2440.0000     2313.6824    22978    5.18%
     64    54     2361.4027   195     2440.0000     2313.6824    23310    5.18%
     65    55     2361.4027   193     2440.0000     2313.6824    23311    5.18%
     66    56     2381.8182   203     2440.0000     2313.6824    23581    5.18%
     67    57     2397.2078   198     2440.0000     2313.6824    23839    5.18%
     68    58     2410.2373   215     2440.0000     2313.6824    24037    5.18%
     69    59     2419.7571   186     2440.0000     2313.6824    24208    5.18%
     70    60     2434.7816   215     2440.0000     2313.6824    24453    5.18%
     71    59        cutoff           2440.0000     2313.6824    24504    5.18%
Elapsed time = 7.61 sec. (4812.51 ticks, tree = 0.28 MB, solutions = 6)
    112    92     2340.6485   187     2440.0000     2315.6164    29815    5.10%
    113    93     2343.9841   177     2440.0000     2315.6164    29959    5.10%
    114    94     2353.3182   138     2440.0000     2315.6164    30201    5.10%
    115    95     2353.3182   140     2440.0000     2315.6164    30202    5.10%
    116    96     2357.2640   134     2440.0000     2315.6164    30332    5.10%
    117    97     2357.2640   132     2440.0000     2315.6164    30333    5.10%
    118    98     2359.1477   129     2440.0000     2315.6164    30432    5.10%
    119    99     2360.1546   144     2440.0000     2315.6164    30499    5.10%
    120   100     2361.6504   150     2440.0000     2315.6164    30585    5.10%
    121   101     2363.0882   135     2440.0000     2315.6164    30679    5.10%
Elapsed time = 11.10 sec. (5927.48 ticks, tree = 0.51 MB, solutions = 6)
*   146    43      integral     0     2345.0000     2315.6164    33869    1.25%
    167    55     2323.6756   151     2345.0000     2316.7241    36734    1.21%
    168    56     2343.9793   160     2345.0000     2316.7241    37308    1.21%
    169    55        cutoff           2345.0000     2316.7241    37313    1.21%
    170    54        cutoff           2345.0000     2316.7241    37348    1.21%
    171    55     2323.8959   163     2345.0000     2316.9091    37764    1.20%
    172    56     2327.3455   159     2345.0000     2316.9091    37897    1.20%
    173    57     2331.0554   154     2345.0000     2316.9091    38078    1.20%
    174    58     2332.4545   155     2345.0000     2316.9091    38185    1.20%
    175    59     2333.6236   140     2345.0000     2316.9091    38261    1.20%
    176    60     2336.5941   174     2345.0000     2316.9091    38395    1.20%
Elapsed time = 12.82 sec. (7183.06 ticks, tree = 0.23 MB, solutions = 7)
*   182    27      integral     0     2330.0000     2317.7336    39462    0.53%

Gomory fractional cuts applied:  1

Root node processing (before b&c):
  Real time             =    1.26 sec. (1025.79 ticks)
Sequential b&c:
  Real time             =   11.75 sec. (6324.39 ticks)
                          ------------
Total (root+branch&cut) =   13.02 sec. (7350.18 ticks)

Root node processing (before b&c):
  Real time             =    0.00 sec. (1.29 ticks)
Sequential b&c:
  Real time             =    0.00 sec. (0.00 ticks)
                          ------------
Total (root+branch&cut) =    0.00 sec. (1.29 ticks)
Best Solution Found: 2330
Optimality Gap: 0.0906739
Solution is feasible
Total Time: 19.674 s.
Best Solution: 2330
SubProblem Destroyed
...done!
