192
1
EMPL 75
4 48 17 67 19 124 18 144 17 
6 1 3 4 8 9 11 
4 44 18 64 19 112 18 132 19 
9 0 2 3 4 5 6 7 10 11 
2 76 28 106 27 
7 0 3 4 5 6 10 11 
4 43 19 64 18 112 19 133 18 
8 0 1 2 5 6 7 8 11 
4 4 19 25 17 127 17 146 18 
7 0 1 4 5 6 7 11 
4 11 19 32 19 115 18 135 18 
8 0 2 3 4 5 6 8 9 
4 46 17 65 18 101 17 120 19 
7 0 1 3 5 7 8 9 
4 28 16 46 18 96 19 117 19 
7 1 2 3 4 7 8 9 
2 73 28 103 27 
6 4 5 6 7 8 11 
4 20 18 40 16 128 17 147 16 
7 1 3 4 5 6 7 9 
4 12 18 32 19 144 16 162 18 
9 0 1 2 3 4 6 7 9 11 
4 8 18 28 18 129 18 149 17 
7 0 2 3 5 6 10 11 
4 45 18 65 16 108 17 127 18 
6 1 3 5 6 9 11 
4 22 16 40 16 123 17 142 19 
9 0 1 2 3 4 6 7 9 11 
4 9 17 28 18 99 16 117 18 
9 0 1 3 4 5 6 7 8 9 
4 2 18 22 18 104 18 124 18 
8 0 2 3 5 6 7 9 11 
4 15 18 35 18 146 18 166 18 
7 1 3 5 6 8 9 11 
4 37 18 57 19 111 16 129 18 
8 0 1 2 3 5 6 10 11 
2 84 26 112 28 
7 0 2 4 7 8 10 11 
4 6 18 26 17 136 19 157 18 
7 0 1 4 6 8 9 11 
4 40 16 58 18 107 16 125 19 
8 0 1 2 3 5 6 7 11 
4 37 18 57 19 132 19 153 17 
6 1 3 4 6 7 8 
4 33 18 53 16 119 17 138 18 
6 1 4 5 6 7 8 
4 17 17 36 19 114 18 134 17 
7 1 3 4 5 8 9 11 
2 98 27 127 27 
6 0 2 5 8 9 11 
4 20 19 41 18 103 17 122 19 
8 1 2 3 4 5 7 8 10 
4 24 18 44 18 106 18 126 16 
8 0 1 2 3 6 7 8 9 
4 34 19 55 19 121 19 142 17 
8 0 2 3 4 5 7 8 11 
2 77 26 105 27 
4 2 3 4 10 
4 12 18 32 19 97 19 118 17 
8 0 1 3 4 6 7 8 11 
4 43 18 63 17 107 17 126 16 
7 1 2 5 7 8 10 11 
4 44 19 65 19 136 17 155 18 
7 1 3 4 6 9 10 11 
4 45 18 65 18 138 17 157 17 
7 0 1 3 4 6 8 11 
4 49 16 67 16 118 19 139 19 
7 0 4 5 6 7 8 11 
4 0 18 20 17 130 19 151 19 
8 0 1 2 4 5 7 9 11 
2 92 27 121 25 
5 0 2 5 6 7 
4 16 18 36 18 99 18 119 18 
7 1 2 4 5 6 8 9 
4 51 18 71 17 136 19 157 16 
7 1 2 4 6 7 8 11 
4 9 18 29 19 142 17 161 18 
8 0 1 2 3 5 6 7 10 
4 33 18 53 17 126 18 146 19 
9 0 1 2 3 4 5 8 9 11 
4 27 18 47 18 132 18 152 18 
8 1 2 3 4 5 6 7 11 
2 84 28 114 26 
5 0 2 3 6 9 
2 99 27 128 26 
7 1 2 3 7 8 9 10 
4 5 18 25 17 120 16 138 18 
7 0 1 3 4 5 6 11 
4 19 18 39 16 119 17 138 19 
9 0 1 4 5 6 7 8 9 10 
4 15 18 35 17 134 19 155 18 
8 0 3 4 5 6 7 8 9 
4 1 18 21 17 139 17 158 19 
8 2 3 4 5 6 7 8 11 
4 46 17 65 19 123 18 143 18 
8 0 1 2 3 4 6 7 11 
2 59 26 87 27 
6 2 4 5 6 8 9 
2 60 27 89 26 
7 1 2 3 5 7 8 11 
2 68 27 97 26 
7 1 4 5 6 7 8 9 
2 91 27 120 27 
7 1 2 3 5 6 8 9 
4 15 18 35 18 96 18 116 18 
7 0 1 2 3 4 5 7 
4 31 17 50 17 102 19 123 18 
7 1 2 3 4 5 8 9 
4 47 16 65 18 141 18 161 19 
7 2 4 7 8 9 10 11 
4 27 18 47 18 142 17 161 19 
8 1 3 4 5 6 7 9 10 
4 38 17 57 19 135 17 154 16 
8 0 1 4 5 6 7 9 11 
4 2 17 21 18 119 18 139 18 
9 0 3 4 5 6 7 8 9 11 
4 50 17 69 18 122 19 143 16 
8 0 1 3 4 5 6 7 9 
4 3 16 21 18 99 18 119 18 
8 0 1 3 4 6 7 8 11 
4 29 17 48 18 143 19 164 18 
7 1 2 3 4 5 8 10 
4 40 19 61 16 104 19 125 18 
5 0 1 3 5 11 
2 54 27 83 26 
5 1 2 3 5 7 
4 15 19 36 19 145 19 166 18 
8 1 4 5 6 7 8 10 11 
4 25 17 44 16 125 18 145 17 
9 0 1 2 3 4 5 6 7 9 
4 26 16 44 17 142 17 161 19 
8 0 2 3 4 5 6 7 8 
4 23 19 44 19 123 17 142 17 
6 1 5 6 7 8 11 
4 18 17 37 19 112 18 132 17 
7 1 3 4 5 6 9 11 
4 8 17 27 17 146 19 167 18 
7 0 2 3 4 7 8 11 
4 20 18 40 17 100 19 121 19 
6 2 3 4 5 6 10 
4 44 18 64 19 119 16 137 18 
8 0 1 3 5 6 7 9 11 
2 78 27 107 27 
5 2 3 8 9 10 
4 12 17 31 19 114 17 133 17 
7 0 2 3 4 7 9 11 
4 34 18 54 17 132 17 151 19 
8 0 1 3 4 5 6 9 11 
2 95 28 125 28 
6 0 1 2 5 6 10 
ACT 12
6 14
0 0 1 1 2 2 2 2 3 3 4 4 5 5 4 5 4 4 4 4 2 1 2 1 2 3 6 6 5 5 5 5 5 5 5 4 4 1 1 2 1 2 2 2 2 2 2 2 1 2 2 2 2 2 2 0 0 1 2 2 2 2 2 2 3 2 2 2 2 3 2 2 2 1 1 1 1 1 1 1 1 2 2 1 2 2 2 2 2 2 2 1 1 0 0 1 1 1 1 2 2 2 3 3 3 2 2 2 2 2 2 3 3 4 3 3 3 2 1 1 1 1 1 3 4 4 4 5 6 5 4 3 3 5 4 3 3 3 3 2 2 2 3 3 4 3 5 5 5 3 4 4 4 4 5 5 4 5 5 2 2 2 2 2 3 3 2 2 1 1 0 0 0 0 0 0 0 0 0 0 0 0 0 0 0 0 0 0 0 0 0 0 
10 10 10 10 10 10 10 10 10 10 10 10 10 10 10 10 10 10 10 10 10 10 10 10 10 10 10 10 10 10 10 10 10 10 10 10 10 10 10 10 10 10 10 10 10 10 10 10 10 10 10 10 10 10 10 10 10 10 10 10 10 10 10 10 10 10 10 10 10 10 10 10 10 10 10 10 10 10 10 10 10 10 10 10 10 10 10 10 10 10 10 10 10 10 10 10 10 10 10 10 10 10 10 10 10 10 10 10 10 10 10 10 10 10 10 10 10 10 10 10 10 10 10 10 10 10 10 10 10 10 10 10 10 10 10 10 10 10 10 10 10 10 10 10 10 10 10 10 10 10 10 10 10 10 10 10 10 10 10 10 10 10 10 10 10 10 10 10 10 10 10 10 10 10 10 10 10 10 10 10 10 10 10 10 10 10 10 10 10 10 10 10 
100 100 100 100 100 100 100 100 100 100 100 100 100 100 100 100 100 100 100 100 100 100 100 100 100 100 100 100 100 100 100 100 100 100 100 100 100 100 100 100 100 100 100 100 100 100 100 100 100 100 100 100 100 100 100 100 100 100 100 100 100 100 100 100 100 100 100 100 100 100 100 100 100 100 100 100 100 100 100 100 100 100 100 100 100 100 100 100 100 100 100 100 100 100 100 100 100 100 100 100 100 100 100 100 100 100 100 100 100 100 100 100 100 100 100 100 100 100 100 100 100 100 100 100 100 100 100 100 100 100 100 100 100 100 100 100 100 100 100 100 100 100 100 100 100 100 100 100 100 100 100 100 100 100 100 100 100 100 100 100 100 100 100 100 100 100 100 100 100 100 100 100 100 100 100 100 100 100 100 100 100 100 100 100 100 100 100 100 100 100 100 100 
4 14
1 1 1 1 1 1 0 0 0 2 2 2 2 1 0 1 1 1 2 2 2 3 5 5 5 5 4 5 4 5 4 6 5 3 2 3 2 1 2 2 2 2 2 3 5 6 8 8 8 7 6 3 4 3 3 2 3 2 2 1 1 0 0 0 0 4 4 4 5 5 5 3 4 5 4 3 2 2 2 2 1 0 0 0 0 0 0 0 0 0 0 0 0 0 0 0 0 2 2 3 3 3 5 4 4 6 6 7 7 7 4 3 1 2 1 1 1 1 1 1 1 1 2 4 4 4 3 3 2 1 2 3 3 5 7 8 6 6 7 8 6 5 6 5 4 3 3 4 3 2 3 3 2 2 3 2 2 2 2 1 3 2 2 3 2 3 4 4 3 3 1 0 0 0 1 1 1 2 2 1 1 1 0 0 0 0 0 0 0 0 0 0 
10 10 10 10 10 10 10 10 10 10 10 10 10 10 10 10 10 10 10 10 10 10 10 10 10 10 10 10 10 10 10 10 10 10 10 10 10 10 10 10 10 10 10 10 10 10 10 10 10 10 10 10 10 10 10 10 10 10 10 10 10 10 10 10 10 10 10 10 10 10 10 10 10 10 10 10 10 10 10 10 10 10 10 10 10 10 10 10 10 10 10 10 10 10 10 10 10 10 10 10 10 10 10 10 10 10 10 10 10 10 10 10 10 10 10 10 10 10 10 10 10 10 10 10 10 10 10 10 10 10 10 10 10 10 10 10 10 10 10 10 10 10 10 10 10 10 10 10 10 10 10 10 10 10 10 10 10 10 10 10 10 10 10 10 10 10 10 10 10 10 10 10 10 10 10 10 10 10 10 10 10 10 10 10 10 10 10 10 10 10 10 10 
100 100 100 100 100 100 100 100 100 100 100 100 100 100 100 100 100 100 100 100 100 100 100 100 100 100 100 100 100 100 100 100 100 100 100 100 100 100 100 100 100 100 100 100 100 100 100 100 100 100 100 100 100 100 100 100 100 100 100 100 100 100 100 100 100 100 100 100 100 100 100 100 100 100 100 100 100 100 100 100 100 100 100 100 100 100 100 100 100 100 100 100 100 100 100 100 100 100 100 100 100 100 100 100 100 100 100 100 100 100 100 100 100 100 100 100 100 100 100 100 100 100 100 100 100 100 100 100 100 100 100 100 100 100 100 100 100 100 100 100 100 100 100 100 100 100 100 100 100 100 100 100 100 100 100 100 100 100 100 100 100 100 100 100 100 100 100 100 100 100 100 100 100 100 100 100 100 100 100 100 100 100 100 100 100 100 100 100 100 100 100 100 
6 14
0 0 0 0 0 0 1 1 2 2 2 2 1 1 2 2 2 2 2 2 1 2 2 2 2 2 1 1 2 2 2 2 3 3 3 3 3 3 2 2 2 2 3 3 3 4 3 3 3 4 4 4 4 4 3 1 1 1 1 0 0 1 1 2 3 3 3 4 4 3 3 3 2 2 1 1 0 1 1 1 1 1 1 1 1 1 1 1 1 1 1 1 1 1 1 1 2 2 2 2 1 1 1 0 0 1 1 2 3 3 4 4 5 5 5 4 3 3 1 0 2 2 2 3 3 4 5 5 7 7 8 7 7 7 7 8 8 8 6 6 5 3 1 1 1 1 2 2 2 2 2 2 1 2 2 2 2 2 3 1 1 1 1 1 0 0 0 1 2 2 2 3 3 2 2 1 1 0 0 0 0 0 0 0 0 0 0 0 0 0 0 0 
10 10 10 10 10 10 10 10 10 10 10 10 10 10 10 10 10 10 10 10 10 10 10 10 10 10 10 10 10 10 10 10 10 10 10 10 10 10 10 10 10 10 10 10 10 10 10 10 10 10 10 10 10 10 10 10 10 10 10 10 10 10 10 10 10 10 10 10 10 10 10 10 10 10 10 10 10 10 10 10 10 10 10 10 10 10 10 10 10 10 10 10 10 10 10 10 10 10 10 10 10 10 10 10 10 10 10 10 10 10 10 10 10 10 10 10 10 10 10 10 10 10 10 10 10 10 10 10 10 10 10 10 10 10 10 10 10 10 10 10 10 10 10 10 10 10 10 10 10 10 10 10 10 10 10 10 10 10 10 10 10 10 10 10 10 10 10 10 10 10 10 10 10 10 10 10 10 10 10 10 10 10 10 10 10 10 10 10 10 10 10 10 
100 100 100 100 100 100 100 100 100 100 100 100 100 100 100 100 100 100 100 100 100 100 100 100 100 100 100 100 100 100 100 100 100 100 100 100 100 100 100 100 100 100 100 100 100 100 100 100 100 100 100 100 100 100 100 100 100 100 100 100 100 100 100 100 100 100 100 100 100 100 100 100 100 100 100 100 100 100 100 100 100 100 100 100 100 100 100 100 100 100 100 100 100 100 100 100 100 100 100 100 100 100 100 100 100 100 100 100 100 100 100 100 100 100 100 100 100 100 100 100 100 100 100 100 100 100 100 100 100 100 100 100 100 100 100 100 100 100 100 100 100 100 100 100 100 100 100 100 100 100 100 100 100 100 100 100 100 100 100 100 100 100 100 100 100 100 100 100 100 100 100 100 100 100 100 100 100 100 100 100 100 100 100 100 100 100 100 100 100 100 100 100 
5 14
0 0 0 0 0 0 0 0 0 0 0 1 3 3 4 4 4 4 3 1 2 3 5 4 4 4 4 3 3 3 2 3 3 3 4 6 7 5 5 4 5 6 4 4 3 3 4 5 7 7 6 5 5 3 4 6 6 6 7 7 7 4 4 3 1 1 2 2 1 1 1 1 2 2 3 3 4 4 5 4 4 3 3 3 1 1 0 0 0 0 0 2 2 2 2 2 2 2 1 2 2 2 2 2 3 3 3 3 4 4 3 4 6 6 5 5 5 4 3 1 2 2 2 2 2 3 4 5 4 5 5 5 7 5 4 3 4 3 3 4 5 6 5 5 4 4 4 3 4 6 5 4 5 4 2 3 2 3 2 3 2 2 1 1 1 1 1 1 1 1 1 0 0 0 0 0 0 1 1 1 1 1 1 1 0 0 0 0 0 0 0 0 
10 10 10 10 10 10 10 10 10 10 10 10 10 10 10 10 10 10 10 10 10 10 10 10 10 10 10 10 10 10 10 10 10 10 10 10 10 10 10 10 10 10 10 10 10 10 10 10 10 10 10 10 10 10 10 10 10 10 10 10 10 10 10 10 10 10 10 10 10 10 10 10 10 10 10 10 10 10 10 10 10 10 10 10 10 10 10 10 10 10 10 10 10 10 10 10 10 10 10 10 10 10 10 10 10 10 10 10 10 10 10 10 10 10 10 10 10 10 10 10 10 10 10 10 10 10 10 10 10 10 10 10 10 10 10 10 10 10 10 10 10 10 10 10 10 10 10 10 10 10 10 10 10 10 10 10 10 10 10 10 10 10 10 10 10 10 10 10 10 10 10 10 10 10 10 10 10 10 10 10 10 10 10 10 10 10 10 10 10 10 10 10 
100 100 100 100 100 100 100 100 100 100 100 100 100 100 100 100 100 100 100 100 100 100 100 100 100 100 100 100 100 100 100 100 100 100 100 100 100 100 100 100 100 100 100 100 100 100 100 100 100 100 100 100 100 100 100 100 100 100 100 100 100 100 100 100 100 100 100 100 100 100 100 100 100 100 100 100 100 100 100 100 100 100 100 100 100 100 100 100 100 100 100 100 100 100 100 100 100 100 100 100 100 100 100 100 100 100 100 100 100 100 100 100 100 100 100 100 100 100 100 100 100 100 100 100 100 100 100 100 100 100 100 100 100 100 100 100 100 100 100 100 100 100 100 100 100 100 100 100 100 100 100 100 100 100 100 100 100 100 100 100 100 100 100 100 100 100 100 100 100 100 100 100 100 100 100 100 100 100 100 100 100 100 100 100 100 100 100 100 100 100 100 100 
5 14
0 0 0 0 0 0 1 1 2 2 2 1 1 1 0 0 1 2 2 3 4 5 4 3 3 2 2 2 2 1 1 1 1 2 2 2 4 6 7 6 8 8 7 6 4 3 3 3 3 2 2 2 1 1 1 1 2 3 4 4 4 3 3 2 5 3 3 3 3 4 2 2 1 1 2 1 1 1 2 2 2 2 2 1 1 1 1 1 0 0 0 0 0 1 1 1 2 2 2 1 2 2 2 2 2 2 2 1 1 0 2 2 3 3 5 5 5 4 5 8 6 5 5 3 2 2 3 3 3 3 3 2 3 3 5 7 8 8 8 8 7 4 4 3 4 3 3 3 4 5 5 5 4 3 3 2 2 2 3 3 4 4 4 3 2 2 3 3 3 3 3 4 3 3 3 2 1 1 1 0 0 0 0 0 0 0 0 0 0 0 0 0 
10 10 10 10 10 10 10 10 10 10 10 10 10 10 10 10 10 10 10 10 10 10 10 10 10 10 10 10 10 10 10 10 10 10 10 10 10 10 10 10 10 10 10 10 10 10 10 10 10 10 10 10 10 10 10 10 10 10 10 10 10 10 10 10 10 10 10 10 10 10 10 10 10 10 10 10 10 10 10 10 10 10 10 10 10 10 10 10 10 10 10 10 10 10 10 10 10 10 10 10 10 10 10 10 10 10 10 10 10 10 10 10 10 10 10 10 10 10 10 10 10 10 10 10 10 10 10 10 10 10 10 10 10 10 10 10 10 10 10 10 10 10 10 10 10 10 10 10 10 10 10 10 10 10 10 10 10 10 10 10 10 10 10 10 10 10 10 10 10 10 10 10 10 10 10 10 10 10 10 10 10 10 10 10 10 10 10 10 10 10 10 10 
100 100 100 100 100 100 100 100 100 100 100 100 100 100 100 100 100 100 100 100 100 100 100 100 100 100 100 100 100 100 100 100 100 100 100 100 100 100 100 100 100 100 100 100 100 100 100 100 100 100 100 100 100 100 100 100 100 100 100 100 100 100 100 100 100 100 100 100 100 100 100 100 100 100 100 100 100 100 100 100 100 100 100 100 100 100 100 100 100 100 100 100 100 100 100 100 100 100 100 100 100 100 100 100 100 100 100 100 100 100 100 100 100 100 100 100 100 100 100 100 100 100 100 100 100 100 100 100 100 100 100 100 100 100 100 100 100 100 100 100 100 100 100 100 100 100 100 100 100 100 100 100 100 100 100 100 100 100 100 100 100 100 100 100 100 100 100 100 100 100 100 100 100 100 100 100 100 100 100 100 100 100 100 100 100 100 100 100 100 100 100 100 
5 14
0 1 1 1 1 1 0 0 0 1 1 1 1 1 0 0 0 1 1 1 4 4 5 5 5 6 4 4 4 5 4 5 5 6 5 5 5 6 5 6 7 7 5 6 6 5 4 4 4 3 5 5 4 5 5 3 3 2 2 3 3 4 4 4 3 2 1 1 1 1 1 1 2 3 4 5 5 5 5 4 4 1 0 0 0 0 1 1 1 2 2 2 3 3 3 2 1 1 2 2 2 3 2 3 2 2 3 2 1 2 3 3 2 2 1 0 1 2 5 6 7 7 7 6 4 4 4 5 4 5 5 5 5 6 6 6 6 7 7 5 3 2 1 1 1 2 2 2 2 2 1 1 1 1 1 2 2 1 1 1 1 2 1 1 1 1 0 0 0 0 0 0 0 0 0 0 0 0 0 0 0 0 0 0 0 0 0 0 0 0 0 0 
10 10 10 10 10 10 10 10 10 10 10 10 10 10 10 10 10 10 10 10 10 10 10 10 10 10 10 10 10 10 10 10 10 10 10 10 10 10 10 10 10 10 10 10 10 10 10 10 10 10 10 10 10 10 10 10 10 10 10 10 10 10 10 10 10 10 10 10 10 10 10 10 10 10 10 10 10 10 10 10 10 10 10 10 10 10 10 10 10 10 10 10 10 10 10 10 10 10 10 10 10 10 10 10 10 10 10 10 10 10 10 10 10 10 10 10 10 10 10 10 10 10 10 10 10 10 10 10 10 10 10 10 10 10 10 10 10 10 10 10 10 10 10 10 10 10 10 10 10 10 10 10 10 10 10 10 10 10 10 10 10 10 10 10 10 10 10 10 10 10 10 10 10 10 10 10 10 10 10 10 10 10 10 10 10 10 10 10 10 10 10 10 
100 100 100 100 100 100 100 100 100 100 100 100 100 100 100 100 100 100 100 100 100 100 100 100 100 100 100 100 100 100 100 100 100 100 100 100 100 100 100 100 100 100 100 100 100 100 100 100 100 100 100 100 100 100 100 100 100 100 100 100 100 100 100 100 100 100 100 100 100 100 100 100 100 100 100 100 100 100 100 100 100 100 100 100 100 100 100 100 100 100 100 100 100 100 100 100 100 100 100 100 100 100 100 100 100 100 100 100 100 100 100 100 100 100 100 100 100 100 100 100 100 100 100 100 100 100 100 100 100 100 100 100 100 100 100 100 100 100 100 100 100 100 100 100 100 100 100 100 100 100 100 100 100 100 100 100 100 100 100 100 100 100 100 100 100 100 100 100 100 100 100 100 100 100 100 100 100 100 100 100 100 100 100 100 100 100 100 100 100 100 100 100 
5 14
0 0 0 0 0 1 1 1 1 1 0 0 0 0 1 2 2 2 2 1 1 1 0 1 1 1 1 1 3 2 3 3 3 4 5 3 3 4 3 2 3 3 3 4 6 6 6 7 7 6 4 6 6 6 6 6 5 3 2 3 2 2 2 1 0 0 0 0 0 1 1 2 2 2 1 2 1 1 2 2 2 3 3 1 1 1 1 1 1 1 1 1 1 0 0 0 0 0 0 1 1 1 1 2 3 3 3 5 5 4 4 3 3 3 5 4 3 3 3 3 3 5 4 4 4 6 6 7 7 8 4 4 5 4 3 3 2 2 4 4 3 3 5 7 6 8 9 9 9 8 6 6 5 2 2 2 2 2 2 0 0 0 0 0 0 0 1 2 5 5 5 4 4 3 1 2 2 2 2 2 0 0 0 0 0 0 0 0 0 0 0 0 
10 10 10 10 10 10 10 10 10 10 10 10 10 10 10 10 10 10 10 10 10 10 10 10 10 10 10 10 10 10 10 10 10 10 10 10 10 10 10 10 10 10 10 10 10 10 10 10 10 10 10 10 10 10 10 10 10 10 10 10 10 10 10 10 10 10 10 10 10 10 10 10 10 10 10 10 10 10 10 10 10 10 10 10 10 10 10 10 10 10 10 10 10 10 10 10 10 10 10 10 10 10 10 10 10 10 10 10 10 10 10 10 10 10 10 10 10 10 10 10 10 10 10 10 10 10 10 10 10 10 10 10 10 10 10 10 10 10 10 10 10 10 10 10 10 10 10 10 10 10 10 10 10 10 10 10 10 10 10 10 10 10 10 10 10 10 10 10 10 10 10 10 10 10 10 10 10 10 10 10 10 10 10 10 10 10 10 10 10 10 10 10 
100 100 100 100 100 100 100 100 100 100 100 100 100 100 100 100 100 100 100 100 100 100 100 100 100 100 100 100 100 100 100 100 100 100 100 100 100 100 100 100 100 100 100 100 100 100 100 100 100 100 100 100 100 100 100 100 100 100 100 100 100 100 100 100 100 100 100 100 100 100 100 100 100 100 100 100 100 100 100 100 100 100 100 100 100 100 100 100 100 100 100 100 100 100 100 100 100 100 100 100 100 100 100 100 100 100 100 100 100 100 100 100 100 100 100 100 100 100 100 100 100 100 100 100 100 100 100 100 100 100 100 100 100 100 100 100 100 100 100 100 100 100 100 100 100 100 100 100 100 100 100 100 100 100 100 100 100 100 100 100 100 100 100 100 100 100 100 100 100 100 100 100 100 100 100 100 100 100 100 100 100 100 100 100 100 100 100 100 100 100 100 100 
6 14
0 0 0 0 0 0 0 0 0 0 0 1 1 1 2 3 4 3 3 3 3 3 1 1 1 2 1 4 4 4 4 3 4 3 2 4 5 5 4 4 3 2 0 0 2 3 3 3 3 5 7 6 6 6 7 5 3 3 3 3 3 3 1 1 1 2 2 1 1 1 1 2 1 1 1 1 2 2 1 1 1 2 2 3 3 3 3 2 2 2 2 1 1 1 1 1 1 0 0 0 0 0 0 0 0 0 0 0 0 1 1 1 2 2 3 3 3 5 5 4 4 5 5 4 5 3 3 3 4 3 1 1 1 1 2 1 2 2 3 3 3 3 4 4 4 5 4 4 3 2 3 4 4 5 5 5 5 3 1 0 0 1 1 1 2 2 2 3 2 2 2 2 3 2 2 2 3 2 2 2 1 1 1 1 0 0 0 0 0 0 0 0 
10 10 10 10 10 10 10 10 10 10 10 10 10 10 10 10 10 10 10 10 10 10 10 10 10 10 10 10 10 10 10 10 10 10 10 10 10 10 10 10 10 10 10 10 10 10 10 10 10 10 10 10 10 10 10 10 10 10 10 10 10 10 10 10 10 10 10 10 10 10 10 10 10 10 10 10 10 10 10 10 10 10 10 10 10 10 10 10 10 10 10 10 10 10 10 10 10 10 10 10 10 10 10 10 10 10 10 10 10 10 10 10 10 10 10 10 10 10 10 10 10 10 10 10 10 10 10 10 10 10 10 10 10 10 10 10 10 10 10 10 10 10 10 10 10 10 10 10 10 10 10 10 10 10 10 10 10 10 10 10 10 10 10 10 10 10 10 10 10 10 10 10 10 10 10 10 10 10 10 10 10 10 10 10 10 10 10 10 10 10 10 10 
100 100 100 100 100 100 100 100 100 100 100 100 100 100 100 100 100 100 100 100 100 100 100 100 100 100 100 100 100 100 100 100 100 100 100 100 100 100 100 100 100 100 100 100 100 100 100 100 100 100 100 100 100 100 100 100 100 100 100 100 100 100 100 100 100 100 100 100 100 100 100 100 100 100 100 100 100 100 100 100 100 100 100 100 100 100 100 100 100 100 100 100 100 100 100 100 100 100 100 100 100 100 100 100 100 100 100 100 100 100 100 100 100 100 100 100 100 100 100 100 100 100 100 100 100 100 100 100 100 100 100 100 100 100 100 100 100 100 100 100 100 100 100 100 100 100 100 100 100 100 100 100 100 100 100 100 100 100 100 100 100 100 100 100 100 100 100 100 100 100 100 100 100 100 100 100 100 100 100 100 100 100 100 100 100 100 100 100 100 100 100 100 
6 14
0 0 0 1 1 1 1 1 1 0 0 0 0 0 0 0 0 0 0 0 0 0 0 0 0 0 0 0 0 1 1 1 1 1 1 1 2 2 2 2 2 2 3 3 4 4 4 4 3 3 2 1 1 1 1 3 2 2 3 3 4 4 4 3 3 4 3 3 4 2 4 3 3 3 3 3 1 2 2 3 2 2 2 1 1 0 0 0 0 0 0 1 1 2 2 2 3 3 4 4 4 3 2 2 1 1 1 1 1 1 2 3 3 2 3 4 4 4 2 3 3 2 4 4 4 4 3 3 4 3 6 7 7 6 5 4 3 1 1 2 2 3 4 5 6 6 6 6 5 4 4 3 4 2 2 2 1 3 4 4 4 5 5 4 5 3 3 2 1 1 0 0 0 0 0 0 0 0 0 1 1 1 1 1 1 0 0 0 0 0 0 0 
10 10 10 10 10 10 10 10 10 10 10 10 10 10 10 10 10 10 10 10 10 10 10 10 10 10 10 10 10 10 10 10 10 10 10 10 10 10 10 10 10 10 10 10 10 10 10 10 10 10 10 10 10 10 10 10 10 10 10 10 10 10 10 10 10 10 10 10 10 10 10 10 10 10 10 10 10 10 10 10 10 10 10 10 10 10 10 10 10 10 10 10 10 10 10 10 10 10 10 10 10 10 10 10 10 10 10 10 10 10 10 10 10 10 10 10 10 10 10 10 10 10 10 10 10 10 10 10 10 10 10 10 10 10 10 10 10 10 10 10 10 10 10 10 10 10 10 10 10 10 10 10 10 10 10 10 10 10 10 10 10 10 10 10 10 10 10 10 10 10 10 10 10 10 10 10 10 10 10 10 10 10 10 10 10 10 10 10 10 10 10 10 
100 100 100 100 100 100 100 100 100 100 100 100 100 100 100 100 100 100 100 100 100 100 100 100 100 100 100 100 100 100 100 100 100 100 100 100 100 100 100 100 100 100 100 100 100 100 100 100 100 100 100 100 100 100 100 100 100 100 100 100 100 100 100 100 100 100 100 100 100 100 100 100 100 100 100 100 100 100 100 100 100 100 100 100 100 100 100 100 100 100 100 100 100 100 100 100 100 100 100 100 100 100 100 100 100 100 100 100 100 100 100 100 100 100 100 100 100 100 100 100 100 100 100 100 100 100 100 100 100 100 100 100 100 100 100 100 100 100 100 100 100 100 100 100 100 100 100 100 100 100 100 100 100 100 100 100 100 100 100 100 100 100 100 100 100 100 100 100 100 100 100 100 100 100 100 100 100 100 100 100 100 100 100 100 100 100 100 100 100 100 100 100 
7 14
0 0 1 1 1 1 1 1 0 0 0 0 1 1 1 1 1 1 0 1 2 2 2 2 2 2 2 1 2 2 2 1 2 2 3 3 2 2 1 1 1 1 1 1 3 3 2 2 2 2 1 1 1 2 2 2 2 3 2 1 1 2 2 1 1 2 2 2 2 2 2 1 1 1 0 0 0 0 0 0 1 1 1 1 1 1 1 1 1 1 1 1 1 1 1 0 0 1 1 2 2 2 2 2 3 2 2 2 2 2 1 1 1 1 0 0 0 0 1 2 2 2 2 2 2 3 3 2 2 3 2 1 1 1 2 1 2 2 2 4 5 7 8 7 7 6 6 4 5 5 4 3 3 3 1 1 1 2 1 2 3 3 4 4 3 2 2 1 0 0 0 1 1 1 2 2 2 1 1 1 0 0 0 0 0 0 0 0 0 0 0 0 
10 10 10 10 10 10 10 10 10 10 10 10 10 10 10 10 10 10 10 10 10 10 10 10 10 10 10 10 10 10 10 10 10 10 10 10 10 10 10 10 10 10 10 10 10 10 10 10 10 10 10 10 10 10 10 10 10 10 10 10 10 10 10 10 10 10 10 10 10 10 10 10 10 10 10 10 10 10 10 10 10 10 10 10 10 10 10 10 10 10 10 10 10 10 10 10 10 10 10 10 10 10 10 10 10 10 10 10 10 10 10 10 10 10 10 10 10 10 10 10 10 10 10 10 10 10 10 10 10 10 10 10 10 10 10 10 10 10 10 10 10 10 10 10 10 10 10 10 10 10 10 10 10 10 10 10 10 10 10 10 10 10 10 10 10 10 10 10 10 10 10 10 10 10 10 10 10 10 10 10 10 10 10 10 10 10 10 10 10 10 10 10 
100 100 100 100 100 100 100 100 100 100 100 100 100 100 100 100 100 100 100 100 100 100 100 100 100 100 100 100 100 100 100 100 100 100 100 100 100 100 100 100 100 100 100 100 100 100 100 100 100 100 100 100 100 100 100 100 100 100 100 100 100 100 100 100 100 100 100 100 100 100 100 100 100 100 100 100 100 100 100 100 100 100 100 100 100 100 100 100 100 100 100 100 100 100 100 100 100 100 100 100 100 100 100 100 100 100 100 100 100 100 100 100 100 100 100 100 100 100 100 100 100 100 100 100 100 100 100 100 100 100 100 100 100 100 100 100 100 100 100 100 100 100 100 100 100 100 100 100 100 100 100 100 100 100 100 100 100 100 100 100 100 100 100 100 100 100 100 100 100 100 100 100 100 100 100 100 100 100 100 100 100 100 100 100 100 100 100 100 100 100 100 100 
8 14
0 0 0 0 0 0 0 0 0 0 0 0 0 1 1 1 1 1 1 1 1 0 0 0 0 0 1 1 2 2 2 2 2 2 2 1 1 1 1 0 0 0 0 0 0 0 0 1 1 1 2 2 2 2 2 1 1 1 0 0 0 0 0 0 1 1 1 1 1 1 1 1 1 1 1 0 0 0 0 0 0 0 0 0 1 1 1 1 1 1 1 1 1 1 1 2 1 1 1 1 2 2 2 2 2 1 1 2 2 1 1 1 1 1 1 1 1 1 1 2 2 3 3 3 3 4 3 2 2 2 3 3 3 3 2 2 2 2 2 2 1 1 0 1 2 2 2 2 2 2 2 2 2 2 2 2 2 1 1 1 0 1 1 1 1 1 1 1 1 1 0 0 0 0 0 0 0 0 0 0 0 0 0 0 0 0 0 0 0 0 0 0 
10 10 10 10 10 10 10 10 10 10 10 10 10 10 10 10 10 10 10 10 10 10 10 10 10 10 10 10 10 10 10 10 10 10 10 10 10 10 10 10 10 10 10 10 10 10 10 10 10 10 10 10 10 10 10 10 10 10 10 10 10 10 10 10 10 10 10 10 10 10 10 10 10 10 10 10 10 10 10 10 10 10 10 10 10 10 10 10 10 10 10 10 10 10 10 10 10 10 10 10 10 10 10 10 10 10 10 10 10 10 10 10 10 10 10 10 10 10 10 10 10 10 10 10 10 10 10 10 10 10 10 10 10 10 10 10 10 10 10 10 10 10 10 10 10 10 10 10 10 10 10 10 10 10 10 10 10 10 10 10 10 10 10 10 10 10 10 10 10 10 10 10 10 10 10 10 10 10 10 10 10 10 10 10 10 10 10 10 10 10 10 10 
100 100 100 100 100 100 100 100 100 100 100 100 100 100 100 100 100 100 100 100 100 100 100 100 100 100 100 100 100 100 100 100 100 100 100 100 100 100 100 100 100 100 100 100 100 100 100 100 100 100 100 100 100 100 100 100 100 100 100 100 100 100 100 100 100 100 100 100 100 100 100 100 100 100 100 100 100 100 100 100 100 100 100 100 100 100 100 100 100 100 100 100 100 100 100 100 100 100 100 100 100 100 100 100 100 100 100 100 100 100 100 100 100 100 100 100 100 100 100 100 100 100 100 100 100 100 100 100 100 100 100 100 100 100 100 100 100 100 100 100 100 100 100 100 100 100 100 100 100 100 100 100 100 100 100 100 100 100 100 100 100 100 100 100 100 100 100 100 100 100 100 100 100 100 100 100 100 100 100 100 100 100 100 100 100 100 100 100 100 100 100 100 
6 14
0 0 0 0 0 0 1 1 1 1 1 1 1 1 1 1 1 1 2 1 1 2 2 3 2 2 3 3 3 3 2 2 3 2 1 2 2 5 5 5 6 6 5 4 3 2 2 2 2 3 5 5 4 4 4 5 3 6 6 6 6 7 5 3 3 2 2 2 2 1 1 3 3 3 3 4 4 2 1 2 2 2 2 1 1 1 0 0 0 0 0 0 0 0 0 0 1 1 1 1 1 1 1 2 2 2 3 3 3 3 2 2 3 2 2 2 3 3 4 5 5 5 4 3 4 2 4 4 4 6 6 6 5 4 3 3 2 1 3 3 3 3 3 3 1 1 1 1 1 2 2 2 4 6 7 5 5 5 6 6 3 1 1 1 0 0 0 0 1 1 1 1 1 1 0 0 0 0 0 0 0 0 0 0 0 0 0 0 0 0 0 0 
10 10 10 10 10 10 10 10 10 10 10 10 10 10 10 10 10 10 10 10 10 10 10 10 10 10 10 10 10 10 10 10 10 10 10 10 10 10 10 10 10 10 10 10 10 10 10 10 10 10 10 10 10 10 10 10 10 10 10 10 10 10 10 10 10 10 10 10 10 10 10 10 10 10 10 10 10 10 10 10 10 10 10 10 10 10 10 10 10 10 10 10 10 10 10 10 10 10 10 10 10 10 10 10 10 10 10 10 10 10 10 10 10 10 10 10 10 10 10 10 10 10 10 10 10 10 10 10 10 10 10 10 10 10 10 10 10 10 10 10 10 10 10 10 10 10 10 10 10 10 10 10 10 10 10 10 10 10 10 10 10 10 10 10 10 10 10 10 10 10 10 10 10 10 10 10 10 10 10 10 10 10 10 10 10 10 10 10 10 10 10 10 
100 100 100 100 100 100 100 100 100 100 100 100 100 100 100 100 100 100 100 100 100 100 100 100 100 100 100 100 100 100 100 100 100 100 100 100 100 100 100 100 100 100 100 100 100 100 100 100 100 100 100 100 100 100 100 100 100 100 100 100 100 100 100 100 100 100 100 100 100 100 100 100 100 100 100 100 100 100 100 100 100 100 100 100 100 100 100 100 100 100 100 100 100 100 100 100 100 100 100 100 100 100 100 100 100 100 100 100 100 100 100 100 100 100 100 100 100 100 100 100 100 100 100 100 100 100 100 100 100 100 100 100 100 100 100 100 100 100 100 100 100 100 100 100 100 100 100 100 100 100 100 100 100 100 100 100 100 100 100 100 100 100 100 100 100 100 100 100 100 100 100 100 100 100 100 100 100 100 100 100 100 100 100 100 100 100 100 100 100 100 100 100 
