192
1
EMPL 75
4 11 18 31 18 130 17 149 18 
7 2 3 5 6 7 8 10 
4 45 17 64 19 113 18 133 18 
7 1 3 4 6 9 10 11 
4 50 19 71 18 138 17 157 17 
5 3 4 5 7 10 
4 7 19 28 18 120 18 140 18 
7 1 3 4 6 7 8 10 
4 45 17 64 19 104 18 124 18 
7 0 1 2 3 5 6 11 
4 7 18 27 16 121 18 141 19 
7 3 4 6 7 9 10 11 
4 9 19 30 18 104 18 124 18 
7 0 3 4 7 9 10 11 
4 28 19 49 16 109 17 128 18 
6 0 2 3 4 6 7 
4 4 19 25 17 105 19 126 17 
6 1 2 3 9 10 11 
2 94 26 122 27 
6 3 4 5 7 9 11 
4 29 18 49 16 98 18 118 18 
6 1 5 6 7 8 9 
4 39 18 59 16 127 16 145 16 
9 0 1 3 4 7 8 9 10 11 
4 9 19 30 19 134 19 155 18 
8 0 1 2 3 4 6 9 10 
4 46 16 64 19 100 18 120 18 
9 0 1 2 4 5 6 7 10 11 
4 28 18 48 18 136 18 156 18 
8 1 3 4 5 8 9 10 11 
4 8 17 27 17 136 18 156 18 
5 2 3 4 7 11 
4 48 16 66 18 122 18 142 16 
9 1 2 3 4 6 7 8 9 10 
4 32 18 52 19 123 17 142 18 
7 1 4 5 6 7 10 11 
4 17 18 37 18 106 18 126 18 
8 1 2 3 5 8 9 10 11 
4 39 18 59 18 112 19 133 18 
6 3 4 5 6 7 8 
4 40 18 60 18 135 18 155 18 
7 0 1 3 4 6 10 11 
4 33 18 53 18 103 18 123 16 
7 0 3 4 7 8 9 10 
4 1 16 19 18 103 18 123 16 
8 3 4 5 6 7 9 10 11 
4 11 18 31 17 101 18 121 19 
8 0 2 5 6 8 9 10 11 
4 50 18 70 16 107 16 125 18 
7 2 3 4 6 8 10 11 
4 8 19 29 16 103 18 123 17 
7 0 4 6 7 8 10 11 
4 40 16 58 18 123 17 142 18 
6 3 6 7 8 9 10 
4 11 19 32 17 122 19 143 17 
6 3 4 7 8 10 11 
2 97 27 126 28 
5 5 7 8 9 11 
4 4 19 25 19 120 16 138 19 
7 1 3 5 8 9 10 11 
4 9 18 29 18 117 19 138 18 
9 0 1 2 3 5 6 9 10 11 
4 25 16 43 17 125 17 144 18 
7 0 2 3 4 7 8 10 
4 32 19 53 18 144 18 164 17 
8 0 1 5 6 7 9 10 11 
2 56 26 84 26 
6 0 3 5 6 10 11 
4 40 19 61 16 139 18 159 16 
6 0 1 6 8 9 11 
4 15 18 35 18 100 18 120 19 
8 2 3 4 6 7 8 10 11 
4 12 18 32 18 99 17 118 17 
9 0 1 3 4 6 8 9 10 11 
4 46 18 66 17 100 17 119 19 
5 2 4 6 7 10 
4 18 18 38 16 129 18 149 18 
8 0 1 3 4 6 7 8 11 
2 48 27 77 27 
5 4 6 7 9 11 
4 34 16 52 18 127 19 148 16 
6 0 3 4 6 8 10 
4 12 18 32 18 140 18 160 19 
6 0 3 4 6 7 11 
4 33 18 53 16 123 17 142 19 
7 0 1 3 5 8 10 11 
2 51 26 79 27 
6 0 3 6 7 10 11 
4 50 19 71 18 143 19 164 18 
6 0 1 3 6 7 11 
4 49 18 69 18 104 19 125 17 
7 1 3 6 8 9 10 11 
4 44 17 63 18 111 17 130 19 
9 0 1 2 3 4 5 6 8 10 
4 11 18 31 18 113 17 132 18 
8 1 2 3 4 6 8 10 11 
4 51 18 71 19 101 18 121 19 
8 0 1 2 3 4 6 8 11 
4 16 18 36 19 141 16 159 17 
5 1 3 5 8 10 
2 56 27 85 26 
4 1 5 6 11 
2 59 28 89 27 
7 0 3 4 5 8 9 10 
4 3 17 22 19 98 18 118 16 
6 2 3 4 6 7 10 
4 39 19 60 17 115 17 134 18 
8 0 1 3 6 7 9 10 11 
4 16 19 37 17 108 18 128 19 
7 1 3 4 6 7 9 10 
2 56 27 85 28 
5 0 3 4 7 10 
2 65 26 93 27 
5 2 7 8 9 10 
4 36 17 55 18 102 18 122 18 
7 0 1 4 7 9 10 11 
2 58 27 87 25 
6 0 1 2 3 8 10 
4 0 17 19 17 145 18 165 18 
6 0 2 3 6 10 11 
4 18 18 38 18 117 17 136 19 
8 1 2 3 4 5 8 10 11 
2 96 28 126 25 
7 0 3 4 6 7 8 10 
2 90 27 119 26 
5 4 6 7 9 10 
4 12 19 33 19 106 16 124 18 
7 0 2 3 6 7 8 9 
4 12 18 32 18 135 16 153 18 
7 1 2 3 4 5 9 10 
4 35 18 55 17 144 18 164 16 
6 3 4 5 6 9 10 
2 76 27 105 25 
6 0 3 4 6 10 11 
4 5 18 25 17 132 19 153 19 
9 0 1 2 3 4 6 7 10 11 
4 47 18 67 17 138 18 158 19 
7 1 3 4 6 9 10 11 
2 68 27 97 27 
6 1 4 6 8 9 10 
2 61 26 89 27 
5 0 1 4 5 11 
4 36 16 54 17 126 18 146 18 
10 0 1 2 3 4 5 6 8 9 11 
4 47 19 68 17 106 19 127 18 
8 0 2 3 4 5 8 9 10 
4 49 18 69 17 104 17 123 17 
8 0 3 4 6 7 9 10 11 
4 50 19 71 19 96 16 114 19 
8 0 1 3 4 7 8 10 11 
ACT 12
6 14
0 0 0 0 0 0 0 0 0 1 1 1 2 2 2 2 2 1 1 2 2 2 2 1 1 0 0 0 0 0 2 2 3 3 5 7 5 5 5 6 6 4 4 5 5 4 3 4 5 4 4 4 3 3 2 1 0 0 2 4 4 8 8 9 9 9 7 6 6 4 3 2 2 2 2 1 3 3 3 4 3 3 2 2 2 1 1 1 1 1 1 1 1 1 1 1 1 0 0 0 0 1 1 2 3 4 4 4 5 5 4 3 2 1 1 1 1 1 1 1 1 2 1 1 1 1 1 3 3 3 3 4 3 3 2 3 3 3 3 2 1 0 0 1 2 2 2 2 3 3 3 3 3 4 5 5 4 5 4 5 3 3 2 1 1 2 1 1 1 1 1 1 0 0 0 0 0 0 0 0 0 0 0 0 0 0 0 0 0 0 0 0 
10 10 10 10 10 10 10 10 10 10 10 10 10 10 10 10 10 10 10 10 10 10 10 10 10 10 10 10 10 10 10 10 10 10 10 10 10 10 10 10 10 10 10 10 10 10 10 10 10 10 10 10 10 10 10 10 10 10 10 10 10 10 10 10 10 10 10 10 10 10 10 10 10 10 10 10 10 10 10 10 10 10 10 10 10 10 10 10 10 10 10 10 10 10 10 10 10 10 10 10 10 10 10 10 10 10 10 10 10 10 10 10 10 10 10 10 10 10 10 10 10 10 10 10 10 10 10 10 10 10 10 10 10 10 10 10 10 10 10 10 10 10 10 10 10 10 10 10 10 10 10 10 10 10 10 10 10 10 10 10 10 10 10 10 10 10 10 10 10 10 10 10 10 10 10 10 10 10 10 10 10 10 10 10 10 10 10 10 10 10 10 10 
100 100 100 100 100 100 100 100 100 100 100 100 100 100 100 100 100 100 100 100 100 100 100 100 100 100 100 100 100 100 100 100 100 100 100 100 100 100 100 100 100 100 100 100 100 100 100 100 100 100 100 100 100 100 100 100 100 100 100 100 100 100 100 100 100 100 100 100 100 100 100 100 100 100 100 100 100 100 100 100 100 100 100 100 100 100 100 100 100 100 100 100 100 100 100 100 100 100 100 100 100 100 100 100 100 100 100 100 100 100 100 100 100 100 100 100 100 100 100 100 100 100 100 100 100 100 100 100 100 100 100 100 100 100 100 100 100 100 100 100 100 100 100 100 100 100 100 100 100 100 100 100 100 100 100 100 100 100 100 100 100 100 100 100 100 100 100 100 100 100 100 100 100 100 100 100 100 100 100 100 100 100 100 100 100 100 100 100 100 100 100 100 
6 14
0 0 0 0 1 1 1 1 1 1 1 1 0 0 0 0 0 0 0 0 0 0 0 0 0 0 0 1 1 2 2 3 4 5 4 3 3 3 3 5 5 3 3 4 4 4 6 6 6 5 6 5 3 3 4 3 5 3 3 3 2 2 1 2 2 1 1 1 1 1 3 3 3 3 3 3 4 4 3 3 3 3 3 2 2 3 3 2 3 4 4 4 4 3 3 2 1 2 2 2 2 2 2 2 2 1 0 0 0 0 0 0 0 0 0 0 0 0 1 1 2 2 2 2 2 2 2 3 4 4 4 4 5 5 4 5 5 5 4 5 3 4 3 2 3 3 2 2 1 2 2 3 4 4 3 3 3 1 0 0 1 1 1 1 1 1 2 1 1 1 3 3 3 3 3 2 1 0 0 0 0 0 0 0 0 0 0 0 0 0 0 0 
10 10 10 10 10 10 10 10 10 10 10 10 10 10 10 10 10 10 10 10 10 10 10 10 10 10 10 10 10 10 10 10 10 10 10 10 10 10 10 10 10 10 10 10 10 10 10 10 10 10 10 10 10 10 10 10 10 10 10 10 10 10 10 10 10 10 10 10 10 10 10 10 10 10 10 10 10 10 10 10 10 10 10 10 10 10 10 10 10 10 10 10 10 10 10 10 10 10 10 10 10 10 10 10 10 10 10 10 10 10 10 10 10 10 10 10 10 10 10 10 10 10 10 10 10 10 10 10 10 10 10 10 10 10 10 10 10 10 10 10 10 10 10 10 10 10 10 10 10 10 10 10 10 10 10 10 10 10 10 10 10 10 10 10 10 10 10 10 10 10 10 10 10 10 10 10 10 10 10 10 10 10 10 10 10 10 10 10 10 10 10 10 
100 100 100 100 100 100 100 100 100 100 100 100 100 100 100 100 100 100 100 100 100 100 100 100 100 100 100 100 100 100 100 100 100 100 100 100 100 100 100 100 100 100 100 100 100 100 100 100 100 100 100 100 100 100 100 100 100 100 100 100 100 100 100 100 100 100 100 100 100 100 100 100 100 100 100 100 100 100 100 100 100 100 100 100 100 100 100 100 100 100 100 100 100 100 100 100 100 100 100 100 100 100 100 100 100 100 100 100 100 100 100 100 100 100 100 100 100 100 100 100 100 100 100 100 100 100 100 100 100 100 100 100 100 100 100 100 100 100 100 100 100 100 100 100 100 100 100 100 100 100 100 100 100 100 100 100 100 100 100 100 100 100 100 100 100 100 100 100 100 100 100 100 100 100 100 100 100 100 100 100 100 100 100 100 100 100 100 100 100 100 100 100 
7 14
1 1 1 1 1 1 1 1 1 2 2 2 2 2 3 3 3 3 3 4 4 4 4 4 5 4 4 4 3 2 1 0 0 1 1 1 1 3 3 3 3 3 3 3 3 3 4 4 3 2 3 3 3 2 3 4 4 3 3 2 2 1 0 0 0 0 1 1 1 1 1 1 1 1 1 1 0 1 1 2 2 2 2 2 1 1 1 1 1 1 1 0 0 0 0 0 0 0 0 0 0 0 0 2 2 2 3 3 3 3 3 3 2 3 3 2 2 3 2 2 2 2 2 2 2 2 3 2 3 2 3 3 3 3 2 2 3 3 3 3 3 3 3 2 2 3 3 3 3 3 2 2 2 2 2 0 0 0 0 0 0 0 0 0 0 0 1 1 1 1 1 1 1 0 0 0 0 0 0 0 0 0 0 0 0 0 0 0 0 0 0 0 
10 10 10 10 10 10 10 10 10 10 10 10 10 10 10 10 10 10 10 10 10 10 10 10 10 10 10 10 10 10 10 10 10 10 10 10 10 10 10 10 10 10 10 10 10 10 10 10 10 10 10 10 10 10 10 10 10 10 10 10 10 10 10 10 10 10 10 10 10 10 10 10 10 10 10 10 10 10 10 10 10 10 10 10 10 10 10 10 10 10 10 10 10 10 10 10 10 10 10 10 10 10 10 10 10 10 10 10 10 10 10 10 10 10 10 10 10 10 10 10 10 10 10 10 10 10 10 10 10 10 10 10 10 10 10 10 10 10 10 10 10 10 10 10 10 10 10 10 10 10 10 10 10 10 10 10 10 10 10 10 10 10 10 10 10 10 10 10 10 10 10 10 10 10 10 10 10 10 10 10 10 10 10 10 10 10 10 10 10 10 10 10 
100 100 100 100 100 100 100 100 100 100 100 100 100 100 100 100 100 100 100 100 100 100 100 100 100 100 100 100 100 100 100 100 100 100 100 100 100 100 100 100 100 100 100 100 100 100 100 100 100 100 100 100 100 100 100 100 100 100 100 100 100 100 100 100 100 100 100 100 100 100 100 100 100 100 100 100 100 100 100 100 100 100 100 100 100 100 100 100 100 100 100 100 100 100 100 100 100 100 100 100 100 100 100 100 100 100 100 100 100 100 100 100 100 100 100 100 100 100 100 100 100 100 100 100 100 100 100 100 100 100 100 100 100 100 100 100 100 100 100 100 100 100 100 100 100 100 100 100 100 100 100 100 100 100 100 100 100 100 100 100 100 100 100 100 100 100 100 100 100 100 100 100 100 100 100 100 100 100 100 100 100 100 100 100 100 100 100 100 100 100 100 100 
4 14
0 0 0 0 0 1 1 1 1 1 1 3 3 3 3 2 2 0 1 2 2 3 3 3 4 4 4 4 4 5 5 5 5 5 3 3 2 2 2 3 4 4 3 7 9 9 11 11 9 9 5 4 4 2 1 0 0 0 1 3 6 7 8 8 7 5 5 6 6 5 3 2 2 3 3 2 2 1 1 2 3 3 4 2 1 2 2 2 2 2 2 2 1 1 0 0 0 1 2 3 3 3 3 1 3 3 3 3 2 2 2 3 5 6 5 6 4 4 3 3 4 3 4 5 6 6 4 5 6 4 3 2 1 0 1 1 1 1 5 4 6 8 7 7 7 6 7 6 7 7 6 3 1 2 1 1 1 2 3 4 3 3 3 3 2 2 2 2 2 3 1 1 1 1 0 0 0 0 1 1 1 1 1 0 0 0 0 0 0 0 0 0 
10 10 10 10 10 10 10 10 10 10 10 10 10 10 10 10 10 10 10 10 10 10 10 10 10 10 10 10 10 10 10 10 10 10 10 10 10 10 10 10 10 10 10 10 10 10 10 10 10 10 10 10 10 10 10 10 10 10 10 10 10 10 10 10 10 10 10 10 10 10 10 10 10 10 10 10 10 10 10 10 10 10 10 10 10 10 10 10 10 10 10 10 10 10 10 10 10 10 10 10 10 10 10 10 10 10 10 10 10 10 10 10 10 10 10 10 10 10 10 10 10 10 10 10 10 10 10 10 10 10 10 10 10 10 10 10 10 10 10 10 10 10 10 10 10 10 10 10 10 10 10 10 10 10 10 10 10 10 10 10 10 10 10 10 10 10 10 10 10 10 10 10 10 10 10 10 10 10 10 10 10 10 10 10 10 10 10 10 10 10 10 10 
100 100 100 100 100 100 100 100 100 100 100 100 100 100 100 100 100 100 100 100 100 100 100 100 100 100 100 100 100 100 100 100 100 100 100 100 100 100 100 100 100 100 100 100 100 100 100 100 100 100 100 100 100 100 100 100 100 100 100 100 100 100 100 100 100 100 100 100 100 100 100 100 100 100 100 100 100 100 100 100 100 100 100 100 100 100 100 100 100 100 100 100 100 100 100 100 100 100 100 100 100 100 100 100 100 100 100 100 100 100 100 100 100 100 100 100 100 100 100 100 100 100 100 100 100 100 100 100 100 100 100 100 100 100 100 100 100 100 100 100 100 100 100 100 100 100 100 100 100 100 100 100 100 100 100 100 100 100 100 100 100 100 100 100 100 100 100 100 100 100 100 100 100 100 100 100 100 100 100 100 100 100 100 100 100 100 100 100 100 100 100 100 
5 14
0 0 0 1 1 1 1 2 1 1 1 1 2 1 1 1 1 1 2 1 1 1 3 4 4 4 5 5 5 4 2 1 2 1 2 3 4 3 4 3 2 4 4 4 5 5 4 2 3 3 4 4 6 6 6 6 5 5 4 3 4 1 2 2 5 4 4 5 5 4 3 3 3 2 3 2 2 3 3 2 1 1 1 2 2 2 2 2 1 0 0 0 0 0 0 0 1 1 2 2 3 3 3 3 3 1 1 1 3 4 3 4 6 4 5 5 4 4 2 2 1 1 2 3 4 4 6 4 4 4 4 4 3 6 4 8 9 9 7 7 4 2 2 3 3 3 5 5 6 6 7 5 5 3 3 2 2 2 1 1 0 1 1 1 1 1 0 0 0 0 0 0 1 1 1 1 1 1 1 0 0 0 0 0 0 0 0 0 0 0 0 0 
10 10 10 10 10 10 10 10 10 10 10 10 10 10 10 10 10 10 10 10 10 10 10 10 10 10 10 10 10 10 10 10 10 10 10 10 10 10 10 10 10 10 10 10 10 10 10 10 10 10 10 10 10 10 10 10 10 10 10 10 10 10 10 10 10 10 10 10 10 10 10 10 10 10 10 10 10 10 10 10 10 10 10 10 10 10 10 10 10 10 10 10 10 10 10 10 10 10 10 10 10 10 10 10 10 10 10 10 10 10 10 10 10 10 10 10 10 10 10 10 10 10 10 10 10 10 10 10 10 10 10 10 10 10 10 10 10 10 10 10 10 10 10 10 10 10 10 10 10 10 10 10 10 10 10 10 10 10 10 10 10 10 10 10 10 10 10 10 10 10 10 10 10 10 10 10 10 10 10 10 10 10 10 10 10 10 10 10 10 10 10 10 
100 100 100 100 100 100 100 100 100 100 100 100 100 100 100 100 100 100 100 100 100 100 100 100 100 100 100 100 100 100 100 100 100 100 100 100 100 100 100 100 100 100 100 100 100 100 100 100 100 100 100 100 100 100 100 100 100 100 100 100 100 100 100 100 100 100 100 100 100 100 100 100 100 100 100 100 100 100 100 100 100 100 100 100 100 100 100 100 100 100 100 100 100 100 100 100 100 100 100 100 100 100 100 100 100 100 100 100 100 100 100 100 100 100 100 100 100 100 100 100 100 100 100 100 100 100 100 100 100 100 100 100 100 100 100 100 100 100 100 100 100 100 100 100 100 100 100 100 100 100 100 100 100 100 100 100 100 100 100 100 100 100 100 100 100 100 100 100 100 100 100 100 100 100 100 100 100 100 100 100 100 100 100 100 100 100 100 100 100 100 100 100 
8 14
0 1 1 1 1 1 1 1 1 1 1 1 2 2 2 2 2 2 1 1 1 1 0 0 0 0 0 0 0 0 0 1 1 1 1 1 1 1 1 1 1 1 1 1 1 1 1 1 1 1 1 1 2 2 2 2 2 2 2 2 2 2 1 1 1 1 0 0 0 0 1 1 1 1 1 2 2 2 2 1 1 1 1 0 0 0 0 0 0 0 0 0 0 0 0 0 1 2 2 2 2 3 3 3 3 3 4 4 4 3 3 3 3 3 3 2 1 2 4 3 3 3 3 5 5 4 5 5 4 4 4 3 3 3 3 4 3 3 3 4 4 4 4 3 2 2 2 1 1 0 0 0 0 0 1 2 3 3 3 4 4 4 3 3 4 4 4 3 3 3 2 2 2 1 0 0 0 0 0 0 0 0 0 0 0 0 0 0 0 0 0 0 
10 10 10 10 10 10 10 10 10 10 10 10 10 10 10 10 10 10 10 10 10 10 10 10 10 10 10 10 10 10 10 10 10 10 10 10 10 10 10 10 10 10 10 10 10 10 10 10 10 10 10 10 10 10 10 10 10 10 10 10 10 10 10 10 10 10 10 10 10 10 10 10 10 10 10 10 10 10 10 10 10 10 10 10 10 10 10 10 10 10 10 10 10 10 10 10 10 10 10 10 10 10 10 10 10 10 10 10 10 10 10 10 10 10 10 10 10 10 10 10 10 10 10 10 10 10 10 10 10 10 10 10 10 10 10 10 10 10 10 10 10 10 10 10 10 10 10 10 10 10 10 10 10 10 10 10 10 10 10 10 10 10 10 10 10 10 10 10 10 10 10 10 10 10 10 10 10 10 10 10 10 10 10 10 10 10 10 10 10 10 10 10 
100 100 100 100 100 100 100 100 100 100 100 100 100 100 100 100 100 100 100 100 100 100 100 100 100 100 100 100 100 100 100 100 100 100 100 100 100 100 100 100 100 100 100 100 100 100 100 100 100 100 100 100 100 100 100 100 100 100 100 100 100 100 100 100 100 100 100 100 100 100 100 100 100 100 100 100 100 100 100 100 100 100 100 100 100 100 100 100 100 100 100 100 100 100 100 100 100 100 100 100 100 100 100 100 100 100 100 100 100 100 100 100 100 100 100 100 100 100 100 100 100 100 100 100 100 100 100 100 100 100 100 100 100 100 100 100 100 100 100 100 100 100 100 100 100 100 100 100 100 100 100 100 100 100 100 100 100 100 100 100 100 100 100 100 100 100 100 100 100 100 100 100 100 100 100 100 100 100 100 100 100 100 100 100 100 100 100 100 100 100 100 100 
6 14
0 0 0 0 0 0 0 0 1 1 1 2 2 2 1 2 2 3 5 5 4 4 4 5 3 4 4 3 3 3 2 3 2 2 1 2 2 1 1 1 3 3 3 2 2 2 1 0 0 1 1 1 1 1 1 1 1 2 2 2 2 3 4 3 2 2 2 2 2 2 1 3 3 3 3 3 4 3 3 4 4 3 3 2 3 3 2 2 2 2 1 0 0 0 0 0 0 1 1 1 1 1 1 2 3 6 6 7 6 6 5 3 3 4 5 7 6 6 7 8 6 4 3 4 5 5 3 4 4 5 4 3 3 5 6 6 5 5 5 4 4 3 3 3 3 2 1 2 2 1 1 1 1 1 0 1 1 1 2 2 2 1 1 1 1 1 3 3 3 3 4 4 4 4 4 4 4 4 3 3 2 1 0 0 0 0 0 0 0 0 0 0 
10 10 10 10 10 10 10 10 10 10 10 10 10 10 10 10 10 10 10 10 10 10 10 10 10 10 10 10 10 10 10 10 10 10 10 10 10 10 10 10 10 10 10 10 10 10 10 10 10 10 10 10 10 10 10 10 10 10 10 10 10 10 10 10 10 10 10 10 10 10 10 10 10 10 10 10 10 10 10 10 10 10 10 10 10 10 10 10 10 10 10 10 10 10 10 10 10 10 10 10 10 10 10 10 10 10 10 10 10 10 10 10 10 10 10 10 10 10 10 10 10 10 10 10 10 10 10 10 10 10 10 10 10 10 10 10 10 10 10 10 10 10 10 10 10 10 10 10 10 10 10 10 10 10 10 10 10 10 10 10 10 10 10 10 10 10 10 10 10 10 10 10 10 10 10 10 10 10 10 10 10 10 10 10 10 10 10 10 10 10 10 10 
100 100 100 100 100 100 100 100 100 100 100 100 100 100 100 100 100 100 100 100 100 100 100 100 100 100 100 100 100 100 100 100 100 100 100 100 100 100 100 100 100 100 100 100 100 100 100 100 100 100 100 100 100 100 100 100 100 100 100 100 100 100 100 100 100 100 100 100 100 100 100 100 100 100 100 100 100 100 100 100 100 100 100 100 100 100 100 100 100 100 100 100 100 100 100 100 100 100 100 100 100 100 100 100 100 100 100 100 100 100 100 100 100 100 100 100 100 100 100 100 100 100 100 100 100 100 100 100 100 100 100 100 100 100 100 100 100 100 100 100 100 100 100 100 100 100 100 100 100 100 100 100 100 100 100 100 100 100 100 100 100 100 100 100 100 100 100 100 100 100 100 100 100 100 100 100 100 100 100 100 100 100 100 100 100 100 100 100 100 100 100 100 
7 14
0 0 0 0 0 0 0 0 0 1 1 2 2 2 3 3 3 2 2 1 0 0 0 0 0 0 0 0 1 1 1 1 2 3 4 3 4 6 6 5 5 5 5 3 1 1 1 3 3 5 6 7 7 7 6 6 6 5 4 6 5 3 3 2 3 3 3 3 3 4 3 2 2 1 1 2 2 3 2 2 2 2 2 1 2 1 1 1 1 1 1 1 1 1 1 1 1 0 0 0 1 1 1 1 1 1 1 1 1 1 3 4 4 4 4 5 4 3 2 1 2 1 1 1 1 1 2 2 2 5 6 7 8 8 8 6 5 5 6 5 2 2 1 2 1 1 1 1 1 0 0 0 1 1 1 1 1 1 0 0 1 2 3 3 3 3 2 1 1 0 0 0 0 0 0 0 0 0 0 0 0 0 0 0 0 0 0 0 0 0 0 0 
10 10 10 10 10 10 10 10 10 10 10 10 10 10 10 10 10 10 10 10 10 10 10 10 10 10 10 10 10 10 10 10 10 10 10 10 10 10 10 10 10 10 10 10 10 10 10 10 10 10 10 10 10 10 10 10 10 10 10 10 10 10 10 10 10 10 10 10 10 10 10 10 10 10 10 10 10 10 10 10 10 10 10 10 10 10 10 10 10 10 10 10 10 10 10 10 10 10 10 10 10 10 10 10 10 10 10 10 10 10 10 10 10 10 10 10 10 10 10 10 10 10 10 10 10 10 10 10 10 10 10 10 10 10 10 10 10 10 10 10 10 10 10 10 10 10 10 10 10 10 10 10 10 10 10 10 10 10 10 10 10 10 10 10 10 10 10 10 10 10 10 10 10 10 10 10 10 10 10 10 10 10 10 10 10 10 10 10 10 10 10 10 
100 100 100 100 100 100 100 100 100 100 100 100 100 100 100 100 100 100 100 100 100 100 100 100 100 100 100 100 100 100 100 100 100 100 100 100 100 100 100 100 100 100 100 100 100 100 100 100 100 100 100 100 100 100 100 100 100 100 100 100 100 100 100 100 100 100 100 100 100 100 100 100 100 100 100 100 100 100 100 100 100 100 100 100 100 100 100 100 100 100 100 100 100 100 100 100 100 100 100 100 100 100 100 100 100 100 100 100 100 100 100 100 100 100 100 100 100 100 100 100 100 100 100 100 100 100 100 100 100 100 100 100 100 100 100 100 100 100 100 100 100 100 100 100 100 100 100 100 100 100 100 100 100 100 100 100 100 100 100 100 100 100 100 100 100 100 100 100 100 100 100 100 100 100 100 100 100 100 100 100 100 100 100 100 100 100 100 100 100 100 100 100 
6 14
0 0 0 0 1 1 1 1 1 1 1 0 1 2 2 2 3 3 2 2 1 1 0 0 0 0 0 0 1 2 2 2 3 3 4 4 5 5 5 5 5 4 4 4 2 2 1 1 1 2 2 3 3 3 3 2 1 1 1 2 3 3 4 4 4 4 4 3 4 3 4 4 3 4 3 4 4 3 3 2 2 1 0 0 0 0 0 0 0 0 0 0 0 1 1 1 2 2 2 1 1 1 1 0 0 0 0 1 2 2 4 4 4 4 4 4 3 1 1 1 1 1 1 2 2 2 3 3 3 2 2 1 3 3 4 4 5 5 3 2 2 2 1 1 1 1 1 0 0 2 2 3 4 4 5 4 5 4 4 4 3 1 0 0 0 0 0 0 0 0 0 0 0 0 0 0 0 0 0 0 0 0 0 0 0 0 0 0 0 0 0 0 
10 10 10 10 10 10 10 10 10 10 10 10 10 10 10 10 10 10 10 10 10 10 10 10 10 10 10 10 10 10 10 10 10 10 10 10 10 10 10 10 10 10 10 10 10 10 10 10 10 10 10 10 10 10 10 10 10 10 10 10 10 10 10 10 10 10 10 10 10 10 10 10 10 10 10 10 10 10 10 10 10 10 10 10 10 10 10 10 10 10 10 10 10 10 10 10 10 10 10 10 10 10 10 10 10 10 10 10 10 10 10 10 10 10 10 10 10 10 10 10 10 10 10 10 10 10 10 10 10 10 10 10 10 10 10 10 10 10 10 10 10 10 10 10 10 10 10 10 10 10 10 10 10 10 10 10 10 10 10 10 10 10 10 10 10 10 10 10 10 10 10 10 10 10 10 10 10 10 10 10 10 10 10 10 10 10 10 10 10 10 10 10 
100 100 100 100 100 100 100 100 100 100 100 100 100 100 100 100 100 100 100 100 100 100 100 100 100 100 100 100 100 100 100 100 100 100 100 100 100 100 100 100 100 100 100 100 100 100 100 100 100 100 100 100 100 100 100 100 100 100 100 100 100 100 100 100 100 100 100 100 100 100 100 100 100 100 100 100 100 100 100 100 100 100 100 100 100 100 100 100 100 100 100 100 100 100 100 100 100 100 100 100 100 100 100 100 100 100 100 100 100 100 100 100 100 100 100 100 100 100 100 100 100 100 100 100 100 100 100 100 100 100 100 100 100 100 100 100 100 100 100 100 100 100 100 100 100 100 100 100 100 100 100 100 100 100 100 100 100 100 100 100 100 100 100 100 100 100 100 100 100 100 100 100 100 100 100 100 100 100 100 100 100 100 100 100 100 100 100 100 100 100 100 100 
7 14
0 0 0 0 0 0 0 0 0 0 0 0 0 0 0 0 0 0 0 2 2 2 2 2 2 3 3 3 3 2 2 2 2 3 2 2 3 3 3 4 4 4 4 2 2 3 3 2 3 2 2 2 2 2 1 3 3 3 3 3 3 3 3 3 3 2 2 1 0 1 1 1 1 1 1 1 1 2 3 3 4 4 4 3 2 3 2 1 1 1 1 1 1 1 2 2 2 3 3 3 4 4 4 5 4 5 5 3 3 3 2 2 2 2 2 2 3 2 2 2 2 3 3 3 2 2 3 5 4 4 4 4 4 3 3 2 1 1 2 3 3 3 4 5 5 4 4 4 5 4 4 2 1 1 2 1 1 1 1 1 1 1 0 0 1 1 1 2 2 2 2 1 1 1 0 0 0 0 0 0 0 0 0 0 0 0 0 0 0 0 0 0 
10 10 10 10 10 10 10 10 10 10 10 10 10 10 10 10 10 10 10 10 10 10 10 10 10 10 10 10 10 10 10 10 10 10 10 10 10 10 10 10 10 10 10 10 10 10 10 10 10 10 10 10 10 10 10 10 10 10 10 10 10 10 10 10 10 10 10 10 10 10 10 10 10 10 10 10 10 10 10 10 10 10 10 10 10 10 10 10 10 10 10 10 10 10 10 10 10 10 10 10 10 10 10 10 10 10 10 10 10 10 10 10 10 10 10 10 10 10 10 10 10 10 10 10 10 10 10 10 10 10 10 10 10 10 10 10 10 10 10 10 10 10 10 10 10 10 10 10 10 10 10 10 10 10 10 10 10 10 10 10 10 10 10 10 10 10 10 10 10 10 10 10 10 10 10 10 10 10 10 10 10 10 10 10 10 10 10 10 10 10 10 10 
100 100 100 100 100 100 100 100 100 100 100 100 100 100 100 100 100 100 100 100 100 100 100 100 100 100 100 100 100 100 100 100 100 100 100 100 100 100 100 100 100 100 100 100 100 100 100 100 100 100 100 100 100 100 100 100 100 100 100 100 100 100 100 100 100 100 100 100 100 100 100 100 100 100 100 100 100 100 100 100 100 100 100 100 100 100 100 100 100 100 100 100 100 100 100 100 100 100 100 100 100 100 100 100 100 100 100 100 100 100 100 100 100 100 100 100 100 100 100 100 100 100 100 100 100 100 100 100 100 100 100 100 100 100 100 100 100 100 100 100 100 100 100 100 100 100 100 100 100 100 100 100 100 100 100 100 100 100 100 100 100 100 100 100 100 100 100 100 100 100 100 100 100 100 100 100 100 100 100 100 100 100 100 100 100 100 100 100 100 100 100 100 
5 14
0 0 0 0 0 0 0 1 1 1 1 2 2 1 1 1 2 3 4 3 5 5 6 4 4 6 4 3 3 3 3 3 4 3 3 1 2 2 3 3 4 4 3 2 2 3 2 2 3 3 3 2 2 4 5 6 7 8 7 5 4 4 1 1 0 2 3 3 4 4 6 7 7 6 6 5 3 1 1 1 1 1 1 1 1 0 0 0 0 0 0 0 1 2 3 3 3 3 3 3 3 3 3 2 2 1 3 4 4 5 6 6 3 3 3 2 2 3 4 5 6 7 8 8 6 7 5 4 5 3 4 4 4 3 5 4 6 6 6 5 5 6 8 8 8 10 9 5 3 3 3 2 1 2 2 5 4 4 4 3 2 1 1 1 1 1 1 1 1 1 1 1 0 0 0 0 0 0 0 0 0 0 0 0 0 0 0 0 0 0 0 0 
10 10 10 10 10 10 10 10 10 10 10 10 10 10 10 10 10 10 10 10 10 10 10 10 10 10 10 10 10 10 10 10 10 10 10 10 10 10 10 10 10 10 10 10 10 10 10 10 10 10 10 10 10 10 10 10 10 10 10 10 10 10 10 10 10 10 10 10 10 10 10 10 10 10 10 10 10 10 10 10 10 10 10 10 10 10 10 10 10 10 10 10 10 10 10 10 10 10 10 10 10 10 10 10 10 10 10 10 10 10 10 10 10 10 10 10 10 10 10 10 10 10 10 10 10 10 10 10 10 10 10 10 10 10 10 10 10 10 10 10 10 10 10 10 10 10 10 10 10 10 10 10 10 10 10 10 10 10 10 10 10 10 10 10 10 10 10 10 10 10 10 10 10 10 10 10 10 10 10 10 10 10 10 10 10 10 10 10 10 10 10 10 
100 100 100 100 100 100 100 100 100 100 100 100 100 100 100 100 100 100 100 100 100 100 100 100 100 100 100 100 100 100 100 100 100 100 100 100 100 100 100 100 100 100 100 100 100 100 100 100 100 100 100 100 100 100 100 100 100 100 100 100 100 100 100 100 100 100 100 100 100 100 100 100 100 100 100 100 100 100 100 100 100 100 100 100 100 100 100 100 100 100 100 100 100 100 100 100 100 100 100 100 100 100 100 100 100 100 100 100 100 100 100 100 100 100 100 100 100 100 100 100 100 100 100 100 100 100 100 100 100 100 100 100 100 100 100 100 100 100 100 100 100 100 100 100 100 100 100 100 100 100 100 100 100 100 100 100 100 100 100 100 100 100 100 100 100 100 100 100 100 100 100 100 100 100 100 100 100 100 100 100 100 100 100 100 100 100 100 100 100 100 100 100 
6 14
0 0 0 0 0 0 0 0 2 2 2 2 3 4 3 4 4 5 4 4 4 3 3 1 1 1 1 2 2 2 2 3 4 4 4 4 2 1 1 1 1 2 2 2 2 2 2 2 2 2 1 1 1 2 2 2 3 3 3 2 1 2 1 2 2 3 4 4 4 4 4 4 4 4 4 3 2 0 0 0 0 1 1 1 1 1 1 1 1 1 1 2 2 2 2 2 2 1 1 2 2 2 3 4 4 5 4 4 3 3 1 1 1 2 2 2 3 4 5 5 5 5 5 4 2 4 6 6 5 8 7 7 7 6 6 4 3 3 3 3 3 4 4 2 3 3 2 5 5 6 6 7 7 6 2 2 2 1 1 1 2 2 1 1 1 1 0 0 0 0 0 0 0 0 0 0 0 0 0 0 0 0 0 0 0 0 0 0 0 0 0 0 
10 10 10 10 10 10 10 10 10 10 10 10 10 10 10 10 10 10 10 10 10 10 10 10 10 10 10 10 10 10 10 10 10 10 10 10 10 10 10 10 10 10 10 10 10 10 10 10 10 10 10 10 10 10 10 10 10 10 10 10 10 10 10 10 10 10 10 10 10 10 10 10 10 10 10 10 10 10 10 10 10 10 10 10 10 10 10 10 10 10 10 10 10 10 10 10 10 10 10 10 10 10 10 10 10 10 10 10 10 10 10 10 10 10 10 10 10 10 10 10 10 10 10 10 10 10 10 10 10 10 10 10 10 10 10 10 10 10 10 10 10 10 10 10 10 10 10 10 10 10 10 10 10 10 10 10 10 10 10 10 10 10 10 10 10 10 10 10 10 10 10 10 10 10 10 10 10 10 10 10 10 10 10 10 10 10 10 10 10 10 10 10 
100 100 100 100 100 100 100 100 100 100 100 100 100 100 100 100 100 100 100 100 100 100 100 100 100 100 100 100 100 100 100 100 100 100 100 100 100 100 100 100 100 100 100 100 100 100 100 100 100 100 100 100 100 100 100 100 100 100 100 100 100 100 100 100 100 100 100 100 100 100 100 100 100 100 100 100 100 100 100 100 100 100 100 100 100 100 100 100 100 100 100 100 100 100 100 100 100 100 100 100 100 100 100 100 100 100 100 100 100 100 100 100 100 100 100 100 100 100 100 100 100 100 100 100 100 100 100 100 100 100 100 100 100 100 100 100 100 100 100 100 100 100 100 100 100 100 100 100 100 100 100 100 100 100 100 100 100 100 100 100 100 100 100 100 100 100 100 100 100 100 100 100 100 100 100 100 100 100 100 100 100 100 100 100 100 100 100 100 100 100 100 100 
