672
1
EMPL 50
14 34 18 54 17 132 18 152 19 235 18 255 18 295 17 314 18 402 18 422 18 480 19 501 18 582 18 602 18 
9 0 1 2 3 4 5 6 7 9 
12 37 16 55 17 113 18 133 17 244 26 272 26 407 19 428 17 516 17 535 16 595 17 614 18 
10 0 1 2 3 4 5 6 7 8 9 
10 87 28 117 26 238 18 258 16 354 28 384 26 511 19 532 18 605 17 624 19 
10 0 1 2 3 4 5 6 7 8 9 
14 38 17 57 18 111 16 129 16 205 18 225 18 329 17 348 18 398 18 418 16 528 17 547 18 594 17 613 18 
10 0 1 2 3 4 5 6 7 8 9 
12 26 19 47 17 151 28 181 26 318 19 339 16 410 18 430 18 517 19 538 18 585 18 605 18 
10 0 1 2 3 4 5 6 7 8 9 
12 18 17 37 19 159 25 186 25 310 17 329 18 428 18 448 18 510 19 531 19 581 17 600 17 
10 0 1 2 3 4 5 6 7 8 9 
8 0 17 19 18 276 27 305 26 427 19 448 17 530 28 560 27 
9 0 1 2 3 4 5 7 8 9 
8 169 27 198 28 365 25 392 28 503 18 523 18 581 19 602 18 
9 0 1 2 3 4 5 6 8 9 
12 45 16 63 18 145 16 163 18 290 26 318 28 416 18 436 16 501 17 520 18 619 17 638 17 
9 0 1 2 3 4 5 6 8 9 
8 71 28 101 28 220 19 241 17 474 28 504 28 586 19 607 17 
9 0 1 2 3 4 6 7 8 9 
10 97 27 126 28 233 18 253 17 315 18 335 19 455 26 483 26 609 18 629 19 
10 0 1 2 3 4 5 6 7 8 9 
10 93 27 122 27 194 19 215 18 329 19 350 19 416 16 434 19 554 27 583 26 
10 0 1 2 3 4 5 6 7 8 9 
10 14 17 33 17 134 19 155 16 233 19 254 18 291 17 310 17 533 25 560 27 
10 0 1 2 3 4 5 6 7 8 9 
12 25 16 43 18 97 18 117 17 222 18 242 16 338 19 359 19 408 18 428 17 566 28 596 27 
10 0 1 2 3 4 5 6 7 8 9 
10 11 19 32 19 135 17 154 17 364 25 391 27 523 17 542 17 598 17 617 18 
9 0 1 2 3 4 5 6 7 9 
10 13 18 33 18 246 26 274 27 394 19 415 18 531 18 551 19 582 18 602 18 
10 0 1 2 3 4 5 6 7 8 9 
10 39 16 57 17 98 18 118 17 196 18 216 18 361 28 391 25 554 27 583 26 
9 0 1 2 3 4 5 6 7 9 
12 4 18 24 18 137 17 156 18 198 17 217 18 375 27 404 27 480 18 500 18 593 16 611 18 
9 0 1 2 3 4 5 6 8 9 
12 89 26 117 27 233 19 254 18 292 18 312 18 421 18 441 16 507 17 526 17 627 17 646 17 
9 0 1 2 3 4 5 6 8 9 
10 81 28 111 28 240 18 260 18 297 17 316 17 455 27 484 25 614 17 633 16 
10 0 1 2 3 4 5 6 7 8 9 
10 23 18 43 19 185 28 215 26 356 25 383 27 529 19 550 18 627 18 647 19 
9 0 1 2 3 4 5 6 7 9 
14 43 19 64 18 121 18 141 18 210 17 229 18 312 18 332 19 406 18 426 17 499 18 519 19 620 18 640 19 
9 0 1 2 3 4 5 6 8 9 
14 4 16 22 18 112 18 132 19 243 18 263 18 331 18 351 16 425 16 443 16 524 19 545 19 614 16 632 19 
10 0 1 2 3 4 5 6 7 8 9 
14 19 19 40 18 111 18 131 19 217 19 238 18 310 18 330 19 413 17 432 18 487 19 508 19 587 19 608 17 
10 0 1 2 3 4 5 6 7 8 9 
14 29 18 49 17 132 18 152 17 193 18 213 17 318 19 339 16 410 17 429 18 492 19 513 19 597 18 617 18 
10 0 1 2 3 4 5 6 7 8 9 
10 67 28 97 27 208 18 228 18 340 27 369 27 493 18 513 19 625 19 646 18 
9 0 1 2 3 4 5 6 8 9 
14 38 18 58 17 127 17 146 17 243 19 264 18 306 18 326 19 414 18 434 18 529 18 549 19 577 18 597 19 
10 0 1 2 3 4 5 6 7 8 9 
10 6 19 27 19 154 28 184 26 336 18 356 19 386 18 406 17 547 28 577 28 
10 0 1 2 3 4 5 6 7 8 9 
10 26 17 45 18 126 17 145 18 210 18 230 18 328 18 348 18 536 26 564 27 
10 0 1 2 3 4 5 6 7 8 9 
12 22 18 42 19 140 18 160 18 272 27 301 27 408 19 429 17 528 17 547 18 588 18 608 18 
10 0 1 2 3 4 5 6 7 8 9 
12 22 18 42 18 145 18 165 19 222 17 241 18 302 17 321 18 408 17 427 17 538 27 567 27 
10 0 1 2 3 4 5 6 7 8 9 
14 29 18 49 18 146 18 166 18 232 17 251 18 301 18 321 18 384 17 403 19 509 18 529 17 608 18 628 17 
10 0 1 2 3 4 5 6 7 8 9 
10 43 17 62 18 145 18 165 18 260 26 288 28 467 26 495 26 606 16 624 17 
9 0 1 2 3 4 5 6 7 8 
12 61 25 88 26 228 18 248 19 301 17 320 19 388 16 406 19 508 17 527 18 626 19 647 16 
10 0 1 2 3 4 5 6 7 8 9 
14 30 17 49 18 147 19 168 18 195 18 215 19 326 18 346 19 416 18 436 16 524 19 545 17 624 18 644 17 
10 0 1 2 3 4 5 6 7 8 9 
12 29 17 48 18 136 19 157 18 246 28 276 26 396 18 416 18 512 17 531 18 605 17 624 17 
9 0 1 2 3 4 5 6 7 9 
12 50 18 70 18 98 19 119 18 241 18 261 18 326 18 346 17 453 28 483 27 612 18 632 18 
10 0 1 2 3 4 5 6 7 8 9 
12 21 18 41 19 182 27 211 25 336 18 356 17 414 18 434 17 493 18 513 17 605 19 626 18 
8 0 1 2 3 4 6 8 9 
14 39 19 60 18 118 18 138 16 228 17 247 18 304 17 323 18 423 17 442 17 509 19 530 18 598 18 618 19 
9 0 1 2 3 4 5 6 7 9 
10 34 17 53 16 142 17 161 19 262 26 290 28 432 27 461 27 588 16 606 17 
10 0 1 2 3 4 5 6 7 8 9 
10 20 17 39 18 157 26 185 27 305 18 325 19 391 17 410 17 548 27 577 26 
9 0 1 2 3 4 5 6 8 9 
10 35 17 54 18 140 17 159 18 217 18 237 18 466 27 495 27 602 18 622 19 
10 0 1 2 3 4 5 6 7 8 9 
12 53 25 80 26 233 18 253 18 300 18 320 18 427 19 448 18 529 18 549 17 626 18 646 17 
10 0 1 2 3 4 5 6 7 8 9 
12 47 19 68 18 130 19 151 16 193 16 211 16 321 18 341 17 420 18 440 18 551 27 580 27 
10 0 1 2 3 4 5 6 7 8 9 
8 12 16 30 18 265 26 293 27 447 28 477 25 587 19 608 18 
9 0 1 2 4 5 6 7 8 9 
14 12 18 32 18 131 18 151 17 202 17 221 19 333 18 353 18 420 19 441 16 520 17 539 19 602 17 621 17 
9 0 1 2 3 4 5 6 8 9 
14 46 17 65 18 97 18 117 18 204 19 225 19 316 16 334 17 405 18 425 18 504 19 525 18 579 18 599 19 
10 0 1 2 3 4 5 6 7 8 9 
14 49 19 70 16 132 18 152 18 205 19 226 18 302 16 320 18 433 18 453 17 497 19 518 18 621 18 641 17 
10 0 1 2 3 4 5 6 7 8 9 
12 0 18 20 18 115 19 136 18 226 16 244 17 339 27 368 27 513 19 534 18 621 17 640 19 
10 0 1 2 3 4 5 6 7 8 9 
14 43 19 64 18 147 19 168 18 218 18 238 19 326 19 347 18 393 18 413 17 515 18 535 18 576 19 597 18 
8 2 3 4 5 6 7 8 9 
ACT 10
6 14
0 0 0 0 0 0 0 0 0 0 0 1 2 2 2 2 2 2 1 3 4 4 3 3 3 3 3 2 2 1 1 1 2 2 3 3 3 4 4 4 2 3 3 3 3 4 4 3 2 3 3 2 2 3 4 4 4 4 5 5 2 2 1 1 2 2 3 4 4 4 4 4 4 4 3 1 1 2 2 2 2 2 2 1 1 1 1 1 1 1 0 0 0 0 0 0 0 0 1 1 1 1 2 3 2 2 2 2 1 1 1 1 1 1 1 1 0 0 0 0 1 1 1 1 1 1 1 2 3 3 3 3 4 4 4 3 3 2 1 0 0 1 1 2 2 3 4 4 5 5 4 3 4 5 2 3 3 3 3 3 3 3 3 2 2 1 1 1 1 1 1 1 1 1 2 2 2 2 1 1 1 1 0 0 0 0 0 0 0 0 1 1 1 1 1 1 0 1 1 1 1 1 1 0 1 2 2 2 2 2 1 0 1 1 1 2 2 2 4 3 3 3 3 3 3 3 3 1 1 1 2 2 2 3 3 2 2 2 2 2 3 4 4 4 3 4 3 3 4 2 2 2 1 3 3 3 3 4 5 5 4 4 4 4 3 2 2 3 3 3 3 3 2 1 0 0 1 1 1 1 1 1 0 0 0 0 0 0 0 0 0 0 1 1 1 1 1 1 0 0 0 1 1 1 1 2 2 2 1 1 2 2 3 4 4 4 3 3 2 1 3 3 2 2 3 3 3 3 2 3 3 4 3 3 3 2 2 2 1 1 1 1 2 3 3 3 3 3 3 4 4 5 4 4 4 3 5 6 5 5 3 3 2 2 2 1 1 0 0 0 0 0 0 0 0 0 0 0 2 2 2 2 2 2 2 1 1 1 2 1 1 2 2 2 2 3 2 2 2 3 2 2 1 2 2 3 3 4 3 3 3 2 2 2 3 3 3 3 3 3 2 2 3 3 3 2 2 3 4 5 5 5 4 3 1 1 2 2 2 1 2 2 2 1 1 1 1 1 3 3 3 3 4 4 3 3 2 1 1 1 1 0 0 0 0 0 0 0 0 0 0 0 0 0 0 0 0 0 0 0 0 0 2 2 3 3 3 3 3 3 3 4 4 3 2 1 1 0 0 0 2 3 3 4 5 5 5 3 3 2 2 2 2 2 2 2 1 1 0 1 1 1 3 3 5 5 4 4 3 4 3 3 2 2 2 3 3 3 2 3 4 4 5 5 6 4 4 4 4 4 1 0 0 0 0 1 1 1 2 3 3 3 3 3 2 2 1 1 0 0 0 0 1 1 1 1 1 1 1 1 1 0 0 0 0 0 0 0 0 0 0 0 0 0 0 0 0 0 0 0 0 0 0 1 2 2 2 2 2 1 1 1 1 1 1 1 1 1 1 1 2 3 3 3 3 3 3 4 4 4 4 5 5 5 3 2 2 2 2 2 2 2 2 2 0 0 0 0 0 0 0 0 1 1 1 1 1 1 0 0 0 0 0 0 0 0 0 0 0 0 0 0 
10 10 10 10 10 10 10 10 10 10 10 10 10 10 10 10 10 10 10 10 10 10 10 10 10 10 10 10 10 10 10 10 10 10 10 10 10 10 10 10 10 10 10 10 10 10 10 10 10 10 10 10 10 10 10 10 10 10 10 10 10 10 10 10 10 10 10 10 10 10 10 10 10 10 10 10 10 10 10 10 10 10 10 10 10 10 10 10 10 10 10 10 10 10 10 10 10 10 10 10 10 10 10 10 10 10 10 10 10 10 10 10 10 10 10 10 10 10 10 10 10 10 10 10 10 10 10 10 10 10 10 10 10 10 10 10 10 10 10 10 10 10 10 10 10 10 10 10 10 10 10 10 10 10 10 10 10 10 10 10 10 10 10 10 10 10 10 10 10 10 10 10 10 10 10 10 10 10 10 10 10 10 10 10 10 10 10 10 10 10 10 10 10 10 10 10 10 10 10 10 10 10 10 10 10 10 10 10 10 10 10 10 10 10 10 10 10 10 10 10 10 10 10 10 10 10 10 10 10 10 10 10 10 10 10 10 10 10 10 10 10 10 10 10 10 10 10 10 10 10 10 10 10 10 10 10 10 10 10 10 10 10 10 10 10 10 10 10 10 10 10 10 10 10 10 10 10 10 10 10 10 10 10 10 10 10 10 10 10 10 10 10 10 10 10 10 10 10 10 10 10 10 10 10 10 10 10 10 10 10 10 10 10 10 10 10 10 10 10 10 10 10 10 10 10 10 10 10 10 10 10 10 10 10 10 10 10 10 10 10 10 10 10 10 10 10 10 10 10 10 10 10 10 10 10 10 10 10 10 10 10 10 10 10 10 10 10 10 10 10 10 10 10 10 10 10 10 10 10 10 10 10 10 10 10 10 10 10 10 10 10 10 10 10 10 10 10 10 10 10 10 10 10 10 10 10 10 10 10 10 10 10 10 10 10 10 10 10 10 10 10 10 10 10 10 10 10 10 10 10 10 10 10 10 10 10 10 10 10 10 10 10 10 10 10 10 10 10 10 10 10 10 10 10 10 10 10 10 10 10 10 10 10 10 10 10 10 10 10 10 10 10 10 10 10 10 10 10 10 10 10 10 10 10 10 10 10 10 10 10 10 10 10 10 10 10 10 10 10 10 10 10 10 10 10 10 10 10 10 10 10 10 10 10 10 10 10 10 10 10 10 10 10 10 10 10 10 10 10 10 10 10 10 10 10 10 10 10 10 10 10 10 10 10 10 10 10 10 10 10 10 10 10 10 10 10 10 10 10 10 10 10 10 10 10 10 10 10 10 10 10 10 10 10 10 10 10 10 10 10 10 10 10 10 10 10 10 10 10 10 10 10 10 10 10 10 10 10 10 10 10 10 10 10 10 10 10 10 10 10 10 10 10 10 10 10 10 10 10 10 10 10 10 10 10 10 10 10 10 10 10 10 10 10 10 10 10 10 10 10 10 10 10 10 10 10 10 10 10 10 10 10 10 10 10 10 10 10 10 10 10 10 10 10 10 10 10 10 10 10 10 10 
100 100 100 100 100 100 100 100 100 100 100 100 100 100 100 100 100 100 100 100 100 100 100 100 100 100 100 100 100 100 100 100 100 100 100 100 100 100 100 100 100 100 100 100 100 100 100 100 100 100 100 100 100 100 100 100 100 100 100 100 100 100 100 100 100 100 100 100 100 100 100 100 100 100 100 100 100 100 100 100 100 100 100 100 100 100 100 100 100 100 100 100 100 100 100 100 100 100 100 100 100 100 100 100 100 100 100 100 100 100 100 100 100 100 100 100 100 100 100 100 100 100 100 100 100 100 100 100 100 100 100 100 100 100 100 100 100 100 100 100 100 100 100 100 100 100 100 100 100 100 100 100 100 100 100 100 100 100 100 100 100 100 100 100 100 100 100 100 100 100 100 100 100 100 100 100 100 100 100 100 100 100 100 100 100 100 100 100 100 100 100 100 100 100 100 100 100 100 100 100 100 100 100 100 100 100 100 100 100 100 100 100 100 100 100 100 100 100 100 100 100 100 100 100 100 100 100 100 100 100 100 100 100 100 100 100 100 100 100 100 100 100 100 100 100 100 100 100 100 100 100 100 100 100 100 100 100 100 100 100 100 100 100 100 100 100 100 100 100 100 100 100 100 100 100 100 100 100 100 100 100 100 100 100 100 100 100 100 100 100 100 100 100 100 100 100 100 100 100 100 100 100 100 100 100 100 100 100 100 100 100 100 100 100 100 100 100 100 100 100 100 100 100 100 100 100 100 100 100 100 100 100 100 100 100 100 100 100 100 100 100 100 100 100 100 100 100 100 100 100 100 100 100 100 100 100 100 100 100 100 100 100 100 100 100 100 100 100 100 100 100 100 100 100 100 100 100 100 100 100 100 100 100 100 100 100 100 100 100 100 100 100 100 100 100 100 100 100 100 100 100 100 100 100 100 100 100 100 100 100 100 100 100 100 100 100 100 100 100 100 100 100 100 100 100 100 100 100 100 100 100 100 100 100 100 100 100 100 100 100 100 100 100 100 100 100 100 100 100 100 100 100 100 100 100 100 100 100 100 100 100 100 100 100 100 100 100 100 100 100 100 100 100 100 100 100 100 100 100 100 100 100 100 100 100 100 100 100 100 100 100 100 100 100 100 100 100 100 100 100 100 100 100 100 100 100 100 100 100 100 100 100 100 100 100 100 100 100 100 100 100 100 100 100 100 100 100 100 100 100 100 100 100 100 100 100 100 100 100 100 100 100 100 100 100 100 100 100 100 100 100 100 100 100 100 100 100 100 100 100 100 100 100 100 100 100 100 100 100 100 100 100 100 100 100 100 100 100 100 100 100 100 100 100 100 100 100 100 100 100 100 100 100 100 100 100 100 100 100 100 100 100 100 100 100 100 100 100 100 100 100 100 100 100 100 100 100 100 100 100 100 100 100 100 100 100 100 100 100 100 100 100 100 100 100 100 100 100 100 100 100 100 100 100 100 100 100 100 100 100 100 100 100 100 100 100 100 100 100 100 100 100 100 100 100 100 100 100 100 100 100 100 
6 14
1 1 1 1 1 1 1 1 0 0 0 0 2 2 2 2 2 2 2 1 1 1 0 0 0 0 0 0 1 1 1 1 2 3 4 5 5 6 6 7 5 5 5 5 4 4 4 4 4 5 5 4 4 4 4 4 2 3 3 3 2 1 1 2 2 3 2 2 2 2 2 0 0 0 0 0 0 0 0 0 0 0 0 0 0 0 0 0 0 1 1 1 1 1 1 0 0 0 0 0 0 0 0 1 1 1 1 1 1 0 0 0 0 0 0 0 0 1 3 3 3 3 3 5 4 3 4 5 5 4 4 4 4 4 1 0 0 0 0 0 0 0 0 0 0 2 2 2 3 3 3 3 2 1 1 1 1 0 0 0 0 0 0 0 1 1 1 1 1 1 1 1 2 2 1 1 1 2 1 1 1 1 1 1 1 1 1 1 1 1 0 0 0 0 0 0 0 0 0 0 0 0 0 0 0 1 2 3 3 3 3 4 3 1 1 1 1 1 1 0 0 1 2 3 3 3 3 3 3 2 4 4 3 3 2 2 2 2 2 3 3 4 4 4 4 3 4 4 4 4 2 2 2 1 1 0 0 0 0 0 0 1 1 1 1 2 2 1 1 1 1 1 1 1 0 0 0 0 0 0 0 0 0 0 0 0 0 1 1 1 1 1 1 1 1 1 1 1 1 2 2 1 1 1 1 1 0 0 0 0 0 0 2 2 2 2 2 2 2 2 2 1 0 0 0 0 1 1 1 2 3 3 2 3 3 3 4 3 3 3 2 3 2 3 3 3 2 2 2 0 0 0 0 0 0 0 0 0 1 2 2 2 2 2 1 1 0 0 0 0 1 1 1 1 1 2 2 2 1 1 1 1 2 1 1 1 1 1 1 1 0 0 0 0 0 0 0 0 0 0 1 1 1 1 1 1 1 0 0 0 0 1 2 2 2 2 3 2 1 1 1 2 2 1 1 1 2 3 4 4 5 5 4 4 4 5 3 3 2 3 3 4 4 4 4 3 3 2 1 1 1 1 1 2 2 2 1 1 1 0 1 1 1 1 1 1 1 1 1 2 2 2 2 2 3 2 2 2 2 2 2 0 0 1 1 1 1 2 3 3 3 3 3 3 3 3 2 2 1 1 1 1 1 1 1 1 1 1 1 3 3 2 3 3 3 3 3 3 2 2 2 1 1 1 0 1 2 2 2 2 2 3 3 3 3 3 2 2 0 1 2 2 2 2 2 1 1 0 0 0 0 0 0 0 0 0 0 0 1 1 1 1 2 2 2 2 2 4 2 2 2 2 3 4 3 3 3 3 3 3 3 1 1 1 0 0 2 2 2 2 2 3 2 2 2 2 1 1 2 3 4 4 4 4 4 4 3 3 5 4 4 3 3 4 2 3 3 3 4 3 2 4 3 3 2 2 2 0 0 0 0 0 0 0 0 1 1 2 3 4 4 5 4 3 3 2 2 2 1 0 0 0 0 0 0 0 0 0 0 0 0 0 0 0 0 0 0 0 0 0 0 0 
10 10 10 10 10 10 10 10 10 10 10 10 10 10 10 10 10 10 10 10 10 10 10 10 10 10 10 10 10 10 10 10 10 10 10 10 10 10 10 10 10 10 10 10 10 10 10 10 10 10 10 10 10 10 10 10 10 10 10 10 10 10 10 10 10 10 10 10 10 10 10 10 10 10 10 10 10 10 10 10 10 10 10 10 10 10 10 10 10 10 10 10 10 10 10 10 10 10 10 10 10 10 10 10 10 10 10 10 10 10 10 10 10 10 10 10 10 10 10 10 10 10 10 10 10 10 10 10 10 10 10 10 10 10 10 10 10 10 10 10 10 10 10 10 10 10 10 10 10 10 10 10 10 10 10 10 10 10 10 10 10 10 10 10 10 10 10 10 10 10 10 10 10 10 10 10 10 10 10 10 10 10 10 10 10 10 10 10 10 10 10 10 10 10 10 10 10 10 10 10 10 10 10 10 10 10 10 10 10 10 10 10 10 10 10 10 10 10 10 10 10 10 10 10 10 10 10 10 10 10 10 10 10 10 10 10 10 10 10 10 10 10 10 10 10 10 10 10 10 10 10 10 10 10 10 10 10 10 10 10 10 10 10 10 10 10 10 10 10 10 10 10 10 10 10 10 10 10 10 10 10 10 10 10 10 10 10 10 10 10 10 10 10 10 10 10 10 10 10 10 10 10 10 10 10 10 10 10 10 10 10 10 10 10 10 10 10 10 10 10 10 10 10 10 10 10 10 10 10 10 10 10 10 10 10 10 10 10 10 10 10 10 10 10 10 10 10 10 10 10 10 10 10 10 10 10 10 10 10 10 10 10 10 10 10 10 10 10 10 10 10 10 10 10 10 10 10 10 10 10 10 10 10 10 10 10 10 10 10 10 10 10 10 10 10 10 10 10 10 10 10 10 10 10 10 10 10 10 10 10 10 10 10 10 10 10 10 10 10 10 10 10 10 10 10 10 10 10 10 10 10 10 10 10 10 10 10 10 10 10 10 10 10 10 10 10 10 10 10 10 10 10 10 10 10 10 10 10 10 10 10 10 10 10 10 10 10 10 10 10 10 10 10 10 10 10 10 10 10 10 10 10 10 10 10 10 10 10 10 10 10 10 10 10 10 10 10 10 10 10 10 10 10 10 10 10 10 10 10 10 10 10 10 10 10 10 10 10 10 10 10 10 10 10 10 10 10 10 10 10 10 10 10 10 10 10 10 10 10 10 10 10 10 10 10 10 10 10 10 10 10 10 10 10 10 10 10 10 10 10 10 10 10 10 10 10 10 10 10 10 10 10 10 10 10 10 10 10 10 10 10 10 10 10 10 10 10 10 10 10 10 10 10 10 10 10 10 10 10 10 10 10 10 10 10 10 10 10 10 10 10 10 10 10 10 10 10 10 10 10 10 10 10 10 10 10 10 10 10 10 10 10 10 10 10 10 10 10 10 10 10 10 10 10 10 10 10 10 10 10 10 10 10 10 10 10 10 10 10 10 10 10 10 10 10 10 10 10 10 10 10 10 
100 100 100 100 100 100 100 100 100 100 100 100 100 100 100 100 100 100 100 100 100 100 100 100 100 100 100 100 100 100 100 100 100 100 100 100 100 100 100 100 100 100 100 100 100 100 100 100 100 100 100 100 100 100 100 100 100 100 100 100 100 100 100 100 100 100 100 100 100 100 100 100 100 100 100 100 100 100 100 100 100 100 100 100 100 100 100 100 100 100 100 100 100 100 100 100 100 100 100 100 100 100 100 100 100 100 100 100 100 100 100 100 100 100 100 100 100 100 100 100 100 100 100 100 100 100 100 100 100 100 100 100 100 100 100 100 100 100 100 100 100 100 100 100 100 100 100 100 100 100 100 100 100 100 100 100 100 100 100 100 100 100 100 100 100 100 100 100 100 100 100 100 100 100 100 100 100 100 100 100 100 100 100 100 100 100 100 100 100 100 100 100 100 100 100 100 100 100 100 100 100 100 100 100 100 100 100 100 100 100 100 100 100 100 100 100 100 100 100 100 100 100 100 100 100 100 100 100 100 100 100 100 100 100 100 100 100 100 100 100 100 100 100 100 100 100 100 100 100 100 100 100 100 100 100 100 100 100 100 100 100 100 100 100 100 100 100 100 100 100 100 100 100 100 100 100 100 100 100 100 100 100 100 100 100 100 100 100 100 100 100 100 100 100 100 100 100 100 100 100 100 100 100 100 100 100 100 100 100 100 100 100 100 100 100 100 100 100 100 100 100 100 100 100 100 100 100 100 100 100 100 100 100 100 100 100 100 100 100 100 100 100 100 100 100 100 100 100 100 100 100 100 100 100 100 100 100 100 100 100 100 100 100 100 100 100 100 100 100 100 100 100 100 100 100 100 100 100 100 100 100 100 100 100 100 100 100 100 100 100 100 100 100 100 100 100 100 100 100 100 100 100 100 100 100 100 100 100 100 100 100 100 100 100 100 100 100 100 100 100 100 100 100 100 100 100 100 100 100 100 100 100 100 100 100 100 100 100 100 100 100 100 100 100 100 100 100 100 100 100 100 100 100 100 100 100 100 100 100 100 100 100 100 100 100 100 100 100 100 100 100 100 100 100 100 100 100 100 100 100 100 100 100 100 100 100 100 100 100 100 100 100 100 100 100 100 100 100 100 100 100 100 100 100 100 100 100 100 100 100 100 100 100 100 100 100 100 100 100 100 100 100 100 100 100 100 100 100 100 100 100 100 100 100 100 100 100 100 100 100 100 100 100 100 100 100 100 100 100 100 100 100 100 100 100 100 100 100 100 100 100 100 100 100 100 100 100 100 100 100 100 100 100 100 100 100 100 100 100 100 100 100 100 100 100 100 100 100 100 100 100 100 100 100 100 100 100 100 100 100 100 100 100 100 100 100 100 100 100 100 100 100 100 100 100 100 100 100 100 100 100 100 100 100 100 100 100 100 100 100 100 100 100 100 100 100 100 100 100 100 100 100 100 100 100 100 100 100 100 100 100 100 100 100 100 100 100 100 100 100 100 100 100 100 100 100 100 100 100 100 100 100 
4 14
1 1 1 1 1 0 1 1 1 1 1 1 1 1 1 1 1 1 3 3 3 3 2 2 2 2 1 3 3 4 4 3 2 2 0 0 0 1 2 2 3 2 2 3 3 2 2 1 0 0 0 1 1 2 2 4 5 4 5 4 4 3 3 2 1 1 1 1 2 2 2 4 3 3 3 4 5 6 7 7 4 3 1 1 1 1 1 1 0 0 0 0 0 0 0 0 0 1 3 3 3 3 2 2 1 1 0 0 0 0 0 2 2 2 2 2 2 2 3 3 2 3 1 2 2 3 3 2 2 2 1 2 3 3 4 5 3 5 6 3 3 5 3 4 4 3 4 4 3 2 2 3 3 3 4 3 3 2 1 3 3 2 2 2 4 5 6 5 4 4 4 1 0 0 0 1 1 1 1 2 2 2 2 1 1 2 1 1 1 1 1 0 2 2 2 2 3 2 3 4 6 6 5 4 2 3 2 1 2 2 3 3 3 2 1 0 0 0 0 1 1 1 1 0 0 0 1 1 1 2 1 1 1 0 1 3 4 5 5 3 1 0 1 2 2 2 4 5 5 3 2 1 1 1 2 2 1 1 0 0 0 1 1 1 2 2 1 1 1 0 0 0 0 0 0 0 0 1 1 1 1 1 2 2 2 2 2 1 0 0 0 1 1 1 1 0 0 2 2 2 2 2 2 1 1 2 2 2 4 4 4 4 3 2 2 2 2 2 2 0 1 1 2 2 2 2 3 3 4 4 3 2 2 2 2 3 3 3 2 0 1 1 1 1 0 1 2 2 2 2 2 1 1 1 0 0 0 0 1 1 2 2 2 2 3 2 2 2 2 3 3 3 4 4 5 2 2 2 2 2 2 1 0 0 1 2 2 2 2 1 1 1 2 2 2 3 2 2 2 2 3 2 4 4 3 4 6 6 9 7 6 4 2 3 2 2 2 1 1 1 2 3 3 3 4 2 1 2 3 5 5 5 6 5 4 3 3 3 3 2 2 2 2 2 2 3 2 3 6 6 5 5 2 0 0 0 0 0 0 1 1 1 1 1 0 0 0 0 0 0 0 1 1 1 2 3 3 4 4 4 5 5 3 3 2 2 2 2 1 0 0 0 0 1 1 1 1 1 0 0 0 0 0 1 1 1 1 2 1 2 3 3 3 6 6 5 7 5 5 4 4 4 4 2 2 3 3 2 2 2 1 3 3 5 5 6 9 10 11 10 8 6 5 2 2 2 1 2 2 1 1 0 1 1 3 3 3 3 2 2 4 4 3 3 2 1 1 0 0 0 0 0 0 0 1 1 1 1 1 0 1 1 2 2 2 2 2 3 3 3 3 2 1 3 2 3 3 3 3 3 2 2 3 2 3 2 2 2 2 4 6 7 7 6 6 4 2 3 2 4 6 6 6 4 4 3 2 4 5 6 6 4 5 5 7 5 5 3 1 0 0 0 0 0 0 1 3 3 3 3 2 3 2 2 3 2 2 3 2 1 1 1 1 0 0 0 0 0 0 0 0 0 
10 10 10 10 10 10 10 10 10 10 10 10 10 10 10 10 10 10 10 10 10 10 10 10 10 10 10 10 10 10 10 10 10 10 10 10 10 10 10 10 10 10 10 10 10 10 10 10 10 10 10 10 10 10 10 10 10 10 10 10 10 10 10 10 10 10 10 10 10 10 10 10 10 10 10 10 10 10 10 10 10 10 10 10 10 10 10 10 10 10 10 10 10 10 10 10 10 10 10 10 10 10 10 10 10 10 10 10 10 10 10 10 10 10 10 10 10 10 10 10 10 10 10 10 10 10 10 10 10 10 10 10 10 10 10 10 10 10 10 10 10 10 10 10 10 10 10 10 10 10 10 10 10 10 10 10 10 10 10 10 10 10 10 10 10 10 10 10 10 10 10 10 10 10 10 10 10 10 10 10 10 10 10 10 10 10 10 10 10 10 10 10 10 10 10 10 10 10 10 10 10 10 10 10 10 10 10 10 10 10 10 10 10 10 10 10 10 10 10 10 10 10 10 10 10 10 10 10 10 10 10 10 10 10 10 10 10 10 10 10 10 10 10 10 10 10 10 10 10 10 10 10 10 10 10 10 10 10 10 10 10 10 10 10 10 10 10 10 10 10 10 10 10 10 10 10 10 10 10 10 10 10 10 10 10 10 10 10 10 10 10 10 10 10 10 10 10 10 10 10 10 10 10 10 10 10 10 10 10 10 10 10 10 10 10 10 10 10 10 10 10 10 10 10 10 10 10 10 10 10 10 10 10 10 10 10 10 10 10 10 10 10 10 10 10 10 10 10 10 10 10 10 10 10 10 10 10 10 10 10 10 10 10 10 10 10 10 10 10 10 10 10 10 10 10 10 10 10 10 10 10 10 10 10 10 10 10 10 10 10 10 10 10 10 10 10 10 10 10 10 10 10 10 10 10 10 10 10 10 10 10 10 10 10 10 10 10 10 10 10 10 10 10 10 10 10 10 10 10 10 10 10 10 10 10 10 10 10 10 10 10 10 10 10 10 10 10 10 10 10 10 10 10 10 10 10 10 10 10 10 10 10 10 10 10 10 10 10 10 10 10 10 10 10 10 10 10 10 10 10 10 10 10 10 10 10 10 10 10 10 10 10 10 10 10 10 10 10 10 10 10 10 10 10 10 10 10 10 10 10 10 10 10 10 10 10 10 10 10 10 10 10 10 10 10 10 10 10 10 10 10 10 10 10 10 10 10 10 10 10 10 10 10 10 10 10 10 10 10 10 10 10 10 10 10 10 10 10 10 10 10 10 10 10 10 10 10 10 10 10 10 10 10 10 10 10 10 10 10 10 10 10 10 10 10 10 10 10 10 10 10 10 10 10 10 10 10 10 10 10 10 10 10 10 10 10 10 10 10 10 10 10 10 10 10 10 10 10 10 10 10 10 10 10 10 10 10 10 10 10 10 10 10 10 10 10 10 10 10 10 10 10 10 10 10 10 10 10 10 10 10 10 10 10 10 10 10 10 10 10 10 10 10 10 10 10 10 10 10 10 10 10 
100 100 100 100 100 100 100 100 100 100 100 100 100 100 100 100 100 100 100 100 100 100 100 100 100 100 100 100 100 100 100 100 100 100 100 100 100 100 100 100 100 100 100 100 100 100 100 100 100 100 100 100 100 100 100 100 100 100 100 100 100 100 100 100 100 100 100 100 100 100 100 100 100 100 100 100 100 100 100 100 100 100 100 100 100 100 100 100 100 100 100 100 100 100 100 100 100 100 100 100 100 100 100 100 100 100 100 100 100 100 100 100 100 100 100 100 100 100 100 100 100 100 100 100 100 100 100 100 100 100 100 100 100 100 100 100 100 100 100 100 100 100 100 100 100 100 100 100 100 100 100 100 100 100 100 100 100 100 100 100 100 100 100 100 100 100 100 100 100 100 100 100 100 100 100 100 100 100 100 100 100 100 100 100 100 100 100 100 100 100 100 100 100 100 100 100 100 100 100 100 100 100 100 100 100 100 100 100 100 100 100 100 100 100 100 100 100 100 100 100 100 100 100 100 100 100 100 100 100 100 100 100 100 100 100 100 100 100 100 100 100 100 100 100 100 100 100 100 100 100 100 100 100 100 100 100 100 100 100 100 100 100 100 100 100 100 100 100 100 100 100 100 100 100 100 100 100 100 100 100 100 100 100 100 100 100 100 100 100 100 100 100 100 100 100 100 100 100 100 100 100 100 100 100 100 100 100 100 100 100 100 100 100 100 100 100 100 100 100 100 100 100 100 100 100 100 100 100 100 100 100 100 100 100 100 100 100 100 100 100 100 100 100 100 100 100 100 100 100 100 100 100 100 100 100 100 100 100 100 100 100 100 100 100 100 100 100 100 100 100 100 100 100 100 100 100 100 100 100 100 100 100 100 100 100 100 100 100 100 100 100 100 100 100 100 100 100 100 100 100 100 100 100 100 100 100 100 100 100 100 100 100 100 100 100 100 100 100 100 100 100 100 100 100 100 100 100 100 100 100 100 100 100 100 100 100 100 100 100 100 100 100 100 100 100 100 100 100 100 100 100 100 100 100 100 100 100 100 100 100 100 100 100 100 100 100 100 100 100 100 100 100 100 100 100 100 100 100 100 100 100 100 100 100 100 100 100 100 100 100 100 100 100 100 100 100 100 100 100 100 100 100 100 100 100 100 100 100 100 100 100 100 100 100 100 100 100 100 100 100 100 100 100 100 100 100 100 100 100 100 100 100 100 100 100 100 100 100 100 100 100 100 100 100 100 100 100 100 100 100 100 100 100 100 100 100 100 100 100 100 100 100 100 100 100 100 100 100 100 100 100 100 100 100 100 100 100 100 100 100 100 100 100 100 100 100 100 100 100 100 100 100 100 100 100 100 100 100 100 100 100 100 100 100 100 100 100 100 100 100 100 100 100 100 100 100 100 100 100 100 100 100 100 100 100 100 100 100 100 100 100 100 100 100 100 100 100 100 100 100 100 100 100 100 100 100 100 100 100 100 100 100 100 100 100 100 100 100 100 100 100 100 100 100 100 100 100 100 100 100 100 100 
6 14
0 0 0 0 0 0 0 0 0 0 0 0 0 0 0 0 0 0 0 0 1 1 1 1 1 1 0 0 1 2 3 3 3 3 2 1 1 0 0 0 1 1 1 3 3 4 5 6 6 5 5 4 2 1 0 0 0 1 1 1 1 3 3 2 2 2 2 1 0 0 1 2 2 2 2 2 2 1 1 1 1 0 0 0 0 0 0 0 0 0 0 1 1 1 1 1 2 2 1 1 1 1 0 0 0 0 0 0 0 0 0 0 0 0 0 1 1 1 1 1 1 0 0 1 1 2 2 2 2 1 2 3 3 3 3 2 1 0 1 1 2 2 4 5 6 5 5 6 5 5 1 2 3 2 2 2 3 5 6 4 4 5 4 3 3 4 4 4 5 4 3 2 3 3 3 2 2 2 1 2 2 2 2 2 2 2 1 1 1 1 1 2 2 2 2 1 1 0 0 0 0 1 3 3 4 4 4 4 3 2 2 1 1 2 2 2 4 5 5 6 6 6 5 4 3 4 4 4 3 3 2 2 2 2 2 2 1 1 2 3 5 5 5 5 4 3 1 1 1 2 1 2 2 2 2 3 3 2 1 1 1 0 1 1 1 2 3 3 3 4 4 4 4 2 1 1 1 1 1 1 0 0 0 1 1 1 1 2 3 3 3 2 2 2 2 2 1 1 1 1 2 2 2 2 3 3 3 4 4 4 4 4 2 2 2 2 2 2 1 1 0 1 1 1 1 2 3 3 2 2 3 3 2 1 1 1 3 2 2 2 2 2 1 1 1 2 2 2 2 1 2 2 2 2 2 1 1 0 0 0 1 1 1 1 1 2 2 2 3 3 3 2 1 1 0 0 0 0 0 0 0 0 0 0 0 0 0 0 0 0 0 0 0 0 0 0 1 1 1 1 1 1 1 1 1 1 1 1 0 0 0 0 1 1 3 3 4 4 4 4 4 3 2 2 2 3 2 2 1 1 1 0 0 0 3 3 4 4 4 4 4 3 4 4 3 2 2 2 1 1 1 1 1 1 1 1 1 1 1 0 0 0 0 1 1 1 1 1 1 1 1 1 1 1 0 0 0 0 0 0 0 0 0 0 0 0 0 0 0 0 0 0 0 0 0 0 0 0 1 1 1 1 1 3 3 4 3 3 3 2 1 0 0 0 0 2 2 2 2 2 3 3 3 3 3 3 2 2 3 5 5 5 4 4 3 2 1 3 3 3 3 3 3 2 2 1 1 3 3 2 3 4 4 4 3 3 2 1 1 0 1 1 1 2 2 2 2 2 2 1 1 1 1 0 0 0 0 1 1 2 2 3 3 3 3 4 4 3 3 2 2 2 2 2 3 2 2 3 3 4 2 2 3 3 2 2 1 1 1 0 0 0 0 1 2 2 2 2 2 1 0 0 0 0 0 1 1 1 1 2 2 2 3 3 3 3 3 3 3 2 2 2 2 2 2 1 1 1 1 1 1 1 0 0 0 0 0 0 1 1 2 2 2 2 1 1 0 0 0 0 0 0 
10 10 10 10 10 10 10 10 10 10 10 10 10 10 10 10 10 10 10 10 10 10 10 10 10 10 10 10 10 10 10 10 10 10 10 10 10 10 10 10 10 10 10 10 10 10 10 10 10 10 10 10 10 10 10 10 10 10 10 10 10 10 10 10 10 10 10 10 10 10 10 10 10 10 10 10 10 10 10 10 10 10 10 10 10 10 10 10 10 10 10 10 10 10 10 10 10 10 10 10 10 10 10 10 10 10 10 10 10 10 10 10 10 10 10 10 10 10 10 10 10 10 10 10 10 10 10 10 10 10 10 10 10 10 10 10 10 10 10 10 10 10 10 10 10 10 10 10 10 10 10 10 10 10 10 10 10 10 10 10 10 10 10 10 10 10 10 10 10 10 10 10 10 10 10 10 10 10 10 10 10 10 10 10 10 10 10 10 10 10 10 10 10 10 10 10 10 10 10 10 10 10 10 10 10 10 10 10 10 10 10 10 10 10 10 10 10 10 10 10 10 10 10 10 10 10 10 10 10 10 10 10 10 10 10 10 10 10 10 10 10 10 10 10 10 10 10 10 10 10 10 10 10 10 10 10 10 10 10 10 10 10 10 10 10 10 10 10 10 10 10 10 10 10 10 10 10 10 10 10 10 10 10 10 10 10 10 10 10 10 10 10 10 10 10 10 10 10 10 10 10 10 10 10 10 10 10 10 10 10 10 10 10 10 10 10 10 10 10 10 10 10 10 10 10 10 10 10 10 10 10 10 10 10 10 10 10 10 10 10 10 10 10 10 10 10 10 10 10 10 10 10 10 10 10 10 10 10 10 10 10 10 10 10 10 10 10 10 10 10 10 10 10 10 10 10 10 10 10 10 10 10 10 10 10 10 10 10 10 10 10 10 10 10 10 10 10 10 10 10 10 10 10 10 10 10 10 10 10 10 10 10 10 10 10 10 10 10 10 10 10 10 10 10 10 10 10 10 10 10 10 10 10 10 10 10 10 10 10 10 10 10 10 10 10 10 10 10 10 10 10 10 10 10 10 10 10 10 10 10 10 10 10 10 10 10 10 10 10 10 10 10 10 10 10 10 10 10 10 10 10 10 10 10 10 10 10 10 10 10 10 10 10 10 10 10 10 10 10 10 10 10 10 10 10 10 10 10 10 10 10 10 10 10 10 10 10 10 10 10 10 10 10 10 10 10 10 10 10 10 10 10 10 10 10 10 10 10 10 10 10 10 10 10 10 10 10 10 10 10 10 10 10 10 10 10 10 10 10 10 10 10 10 10 10 10 10 10 10 10 10 10 10 10 10 10 10 10 10 10 10 10 10 10 10 10 10 10 10 10 10 10 10 10 10 10 10 10 10 10 10 10 10 10 10 10 10 10 10 10 10 10 10 10 10 10 10 10 10 10 10 10 10 10 10 10 10 10 10 10 10 10 10 10 10 10 10 10 10 10 10 10 10 10 10 10 10 10 10 10 10 10 10 10 10 10 10 10 10 10 10 10 10 10 10 10 10 10 10 10 10 10 
100 100 100 100 100 100 100 100 100 100 100 100 100 100 100 100 100 100 100 100 100 100 100 100 100 100 100 100 100 100 100 100 100 100 100 100 100 100 100 100 100 100 100 100 100 100 100 100 100 100 100 100 100 100 100 100 100 100 100 100 100 100 100 100 100 100 100 100 100 100 100 100 100 100 100 100 100 100 100 100 100 100 100 100 100 100 100 100 100 100 100 100 100 100 100 100 100 100 100 100 100 100 100 100 100 100 100 100 100 100 100 100 100 100 100 100 100 100 100 100 100 100 100 100 100 100 100 100 100 100 100 100 100 100 100 100 100 100 100 100 100 100 100 100 100 100 100 100 100 100 100 100 100 100 100 100 100 100 100 100 100 100 100 100 100 100 100 100 100 100 100 100 100 100 100 100 100 100 100 100 100 100 100 100 100 100 100 100 100 100 100 100 100 100 100 100 100 100 100 100 100 100 100 100 100 100 100 100 100 100 100 100 100 100 100 100 100 100 100 100 100 100 100 100 100 100 100 100 100 100 100 100 100 100 100 100 100 100 100 100 100 100 100 100 100 100 100 100 100 100 100 100 100 100 100 100 100 100 100 100 100 100 100 100 100 100 100 100 100 100 100 100 100 100 100 100 100 100 100 100 100 100 100 100 100 100 100 100 100 100 100 100 100 100 100 100 100 100 100 100 100 100 100 100 100 100 100 100 100 100 100 100 100 100 100 100 100 100 100 100 100 100 100 100 100 100 100 100 100 100 100 100 100 100 100 100 100 100 100 100 100 100 100 100 100 100 100 100 100 100 100 100 100 100 100 100 100 100 100 100 100 100 100 100 100 100 100 100 100 100 100 100 100 100 100 100 100 100 100 100 100 100 100 100 100 100 100 100 100 100 100 100 100 100 100 100 100 100 100 100 100 100 100 100 100 100 100 100 100 100 100 100 100 100 100 100 100 100 100 100 100 100 100 100 100 100 100 100 100 100 100 100 100 100 100 100 100 100 100 100 100 100 100 100 100 100 100 100 100 100 100 100 100 100 100 100 100 100 100 100 100 100 100 100 100 100 100 100 100 100 100 100 100 100 100 100 100 100 100 100 100 100 100 100 100 100 100 100 100 100 100 100 100 100 100 100 100 100 100 100 100 100 100 100 100 100 100 100 100 100 100 100 100 100 100 100 100 100 100 100 100 100 100 100 100 100 100 100 100 100 100 100 100 100 100 100 100 100 100 100 100 100 100 100 100 100 100 100 100 100 100 100 100 100 100 100 100 100 100 100 100 100 100 100 100 100 100 100 100 100 100 100 100 100 100 100 100 100 100 100 100 100 100 100 100 100 100 100 100 100 100 100 100 100 100 100 100 100 100 100 100 100 100 100 100 100 100 100 100 100 100 100 100 100 100 100 100 100 100 100 100 100 100 100 100 100 100 100 100 100 100 100 100 100 100 100 100 100 100 100 100 100 100 100 100 100 100 100 100 100 100 100 100 100 100 100 100 100 100 100 100 100 100 100 100 100 100 100 100 100 100 100 
5 14
0 0 0 0 0 0 0 0 0 0 0 0 0 1 1 1 1 1 1 1 1 1 3 3 4 3 6 6 6 6 5 3 4 4 5 4 4 3 2 2 2 2 3 3 4 5 4 5 5 5 3 3 3 4 4 4 4 4 2 2 3 2 2 3 3 3 4 4 3 2 2 3 2 2 2 1 1 1 0 0 1 2 2 2 2 1 1 1 1 1 2 2 2 2 2 2 2 3 3 2 2 3 3 2 2 2 1 1 1 1 0 2 2 2 2 2 3 4 5 5 4 5 5 4 3 2 2 1 0 1 1 1 2 3 4 5 7 6 6 6 7 5 5 4 5 5 3 4 5 3 2 3 3 3 2 2 1 1 1 3 4 4 4 4 2 3 1 2 2 2 3 2 1 1 2 2 2 2 3 2 1 1 1 0 0 0 0 0 0 0 0 0 0 0 0 2 2 2 2 2 2 1 1 1 2 2 2 1 1 1 1 2 1 1 1 1 0 1 1 2 2 2 2 2 2 3 3 3 4 4 2 3 4 4 3 3 3 3 4 2 1 2 3 3 5 6 6 5 3 2 4 3 2 2 3 3 1 1 1 1 1 1 1 0 1 1 1 1 1 0 0 0 0 1 1 1 2 2 1 1 1 0 1 1 1 1 1 0 1 1 1 2 2 2 2 2 2 1 1 0 0 1 1 3 3 3 3 2 0 0 0 0 2 2 2 2 2 2 2 3 4 6 6 6 5 5 4 4 4 3 3 3 4 2 4 4 3 3 6 6 4 4 4 3 1 1 2 3 4 4 4 2 3 2 2 2 2 2 0 0 1 1 1 1 2 2 2 1 1 1 1 1 1 1 1 1 1 2 1 1 1 1 0 0 0 0 0 0 1 2 2 3 3 3 3 1 2 2 1 1 1 1 1 1 0 0 0 0 0 2 3 4 4 4 4 3 2 2 2 2 3 3 4 4 3 3 3 1 2 2 2 2 2 2 2 2 3 4 6 5 4 5 5 4 3 2 1 1 0 0 0 0 1 1 1 1 1 0 0 0 0 1 1 1 2 2 2 2 2 2 1 1 1 1 1 0 0 0 1 1 1 1 1 1 0 0 0 0 0 0 0 0 0 0 2 3 3 3 3 2 2 3 2 3 3 2 1 1 2 2 2 2 2 2 1 1 1 2 1 1 2 2 2 2 3 1 3 3 4 4 4 4 6 6 6 5 4 2 2 2 2 2 2 2 2 1 1 2 2 2 2 2 1 2 2 2 3 4 3 2 2 2 0 0 1 1 1 1 1 1 1 1 0 0 0 0 0 0 0 0 0 1 1 1 1 1 1 0 1 3 3 4 5 5 5 5 5 4 3 2 2 2 3 2 3 3 5 5 6 6 4 6 4 4 5 5 5 4 4 3 2 2 1 2 3 6 6 7 8 7 7 5 4 3 3 2 1 0 0 0 1 1 1 1 2 1 2 3 3 3 4 3 2 2 2 2 1 0 0 0 0 0 0 0 0 0 0 0 0 0 0 0 
10 10 10 10 10 10 10 10 10 10 10 10 10 10 10 10 10 10 10 10 10 10 10 10 10 10 10 10 10 10 10 10 10 10 10 10 10 10 10 10 10 10 10 10 10 10 10 10 10 10 10 10 10 10 10 10 10 10 10 10 10 10 10 10 10 10 10 10 10 10 10 10 10 10 10 10 10 10 10 10 10 10 10 10 10 10 10 10 10 10 10 10 10 10 10 10 10 10 10 10 10 10 10 10 10 10 10 10 10 10 10 10 10 10 10 10 10 10 10 10 10 10 10 10 10 10 10 10 10 10 10 10 10 10 10 10 10 10 10 10 10 10 10 10 10 10 10 10 10 10 10 10 10 10 10 10 10 10 10 10 10 10 10 10 10 10 10 10 10 10 10 10 10 10 10 10 10 10 10 10 10 10 10 10 10 10 10 10 10 10 10 10 10 10 10 10 10 10 10 10 10 10 10 10 10 10 10 10 10 10 10 10 10 10 10 10 10 10 10 10 10 10 10 10 10 10 10 10 10 10 10 10 10 10 10 10 10 10 10 10 10 10 10 10 10 10 10 10 10 10 10 10 10 10 10 10 10 10 10 10 10 10 10 10 10 10 10 10 10 10 10 10 10 10 10 10 10 10 10 10 10 10 10 10 10 10 10 10 10 10 10 10 10 10 10 10 10 10 10 10 10 10 10 10 10 10 10 10 10 10 10 10 10 10 10 10 10 10 10 10 10 10 10 10 10 10 10 10 10 10 10 10 10 10 10 10 10 10 10 10 10 10 10 10 10 10 10 10 10 10 10 10 10 10 10 10 10 10 10 10 10 10 10 10 10 10 10 10 10 10 10 10 10 10 10 10 10 10 10 10 10 10 10 10 10 10 10 10 10 10 10 10 10 10 10 10 10 10 10 10 10 10 10 10 10 10 10 10 10 10 10 10 10 10 10 10 10 10 10 10 10 10 10 10 10 10 10 10 10 10 10 10 10 10 10 10 10 10 10 10 10 10 10 10 10 10 10 10 10 10 10 10 10 10 10 10 10 10 10 10 10 10 10 10 10 10 10 10 10 10 10 10 10 10 10 10 10 10 10 10 10 10 10 10 10 10 10 10 10 10 10 10 10 10 10 10 10 10 10 10 10 10 10 10 10 10 10 10 10 10 10 10 10 10 10 10 10 10 10 10 10 10 10 10 10 10 10 10 10 10 10 10 10 10 10 10 10 10 10 10 10 10 10 10 10 10 10 10 10 10 10 10 10 10 10 10 10 10 10 10 10 10 10 10 10 10 10 10 10 10 10 10 10 10 10 10 10 10 10 10 10 10 10 10 10 10 10 10 10 10 10 10 10 10 10 10 10 10 10 10 10 10 10 10 10 10 10 10 10 10 10 10 10 10 10 10 10 10 10 10 10 10 10 10 10 10 10 10 10 10 10 10 10 10 10 10 10 10 10 10 10 10 10 10 10 10 10 10 10 10 10 10 10 10 10 10 10 10 10 10 10 10 10 10 10 10 10 10 10 10 10 10 
100 100 100 100 100 100 100 100 100 100 100 100 100 100 100 100 100 100 100 100 100 100 100 100 100 100 100 100 100 100 100 100 100 100 100 100 100 100 100 100 100 100 100 100 100 100 100 100 100 100 100 100 100 100 100 100 100 100 100 100 100 100 100 100 100 100 100 100 100 100 100 100 100 100 100 100 100 100 100 100 100 100 100 100 100 100 100 100 100 100 100 100 100 100 100 100 100 100 100 100 100 100 100 100 100 100 100 100 100 100 100 100 100 100 100 100 100 100 100 100 100 100 100 100 100 100 100 100 100 100 100 100 100 100 100 100 100 100 100 100 100 100 100 100 100 100 100 100 100 100 100 100 100 100 100 100 100 100 100 100 100 100 100 100 100 100 100 100 100 100 100 100 100 100 100 100 100 100 100 100 100 100 100 100 100 100 100 100 100 100 100 100 100 100 100 100 100 100 100 100 100 100 100 100 100 100 100 100 100 100 100 100 100 100 100 100 100 100 100 100 100 100 100 100 100 100 100 100 100 100 100 100 100 100 100 100 100 100 100 100 100 100 100 100 100 100 100 100 100 100 100 100 100 100 100 100 100 100 100 100 100 100 100 100 100 100 100 100 100 100 100 100 100 100 100 100 100 100 100 100 100 100 100 100 100 100 100 100 100 100 100 100 100 100 100 100 100 100 100 100 100 100 100 100 100 100 100 100 100 100 100 100 100 100 100 100 100 100 100 100 100 100 100 100 100 100 100 100 100 100 100 100 100 100 100 100 100 100 100 100 100 100 100 100 100 100 100 100 100 100 100 100 100 100 100 100 100 100 100 100 100 100 100 100 100 100 100 100 100 100 100 100 100 100 100 100 100 100 100 100 100 100 100 100 100 100 100 100 100 100 100 100 100 100 100 100 100 100 100 100 100 100 100 100 100 100 100 100 100 100 100 100 100 100 100 100 100 100 100 100 100 100 100 100 100 100 100 100 100 100 100 100 100 100 100 100 100 100 100 100 100 100 100 100 100 100 100 100 100 100 100 100 100 100 100 100 100 100 100 100 100 100 100 100 100 100 100 100 100 100 100 100 100 100 100 100 100 100 100 100 100 100 100 100 100 100 100 100 100 100 100 100 100 100 100 100 100 100 100 100 100 100 100 100 100 100 100 100 100 100 100 100 100 100 100 100 100 100 100 100 100 100 100 100 100 100 100 100 100 100 100 100 100 100 100 100 100 100 100 100 100 100 100 100 100 100 100 100 100 100 100 100 100 100 100 100 100 100 100 100 100 100 100 100 100 100 100 100 100 100 100 100 100 100 100 100 100 100 100 100 100 100 100 100 100 100 100 100 100 100 100 100 100 100 100 100 100 100 100 100 100 100 100 100 100 100 100 100 100 100 100 100 100 100 100 100 100 100 100 100 100 100 100 100 100 100 100 100 100 100 100 100 100 100 100 100 100 100 100 100 100 100 100 100 100 100 100 100 100 100 100 100 100 100 100 100 100 100 100 100 100 100 100 100 100 100 100 100 100 100 100 100 
7 14
0 0 0 0 0 0 0 0 0 0 0 0 1 2 2 2 2 2 1 1 0 0 2 3 3 4 5 5 4 3 2 3 2 2 2 2 2 1 1 1 2 2 1 1 1 2 2 2 2 4 4 3 2 2 2 1 1 1 2 3 3 3 4 5 5 5 3 3 3 2 1 1 1 1 1 0 0 0 0 0 2 2 2 2 2 2 0 0 0 0 0 0 0 0 0 0 1 1 1 1 1 1 1 1 1 2 1 1 1 1 3 3 3 4 4 3 2 1 1 2 2 2 1 1 1 1 1 0 0 0 0 0 0 0 0 0 0 0 0 0 0 0 1 2 2 4 5 5 4 4 4 3 3 3 1 1 1 1 0 0 1 1 2 2 2 2 3 2 2 3 3 3 3 3 2 2 2 1 1 0 0 0 0 0 0 1 2 2 2 2 2 2 1 2 3 3 2 2 2 2 1 1 1 1 2 2 2 2 2 1 1 0 0 0 0 0 1 1 1 1 1 1 2 2 2 2 1 1 1 2 3 3 3 3 3 2 1 1 1 2 3 4 3 3 3 2 2 1 1 1 2 2 3 2 2 3 2 2 2 2 3 3 2 3 3 3 3 3 3 1 0 0 1 1 1 1 1 1 1 1 1 1 1 0 0 0 0 0 0 0 0 0 0 1 1 1 1 1 1 1 1 0 1 1 2 2 2 2 1 1 0 0 0 0 1 1 1 1 2 2 2 1 1 2 1 1 2 3 3 5 5 6 6 6 6 6 5 5 4 3 5 5 5 5 5 4 3 3 1 1 0 0 0 2 2 2 3 3 3 2 1 1 2 1 2 2 2 2 2 1 0 0 0 0 0 1 1 1 1 1 1 0 0 0 1 1 2 2 2 2 2 1 1 1 2 1 1 1 1 1 0 1 1 1 2 2 4 4 5 5 4 4 3 3 2 2 1 1 3 3 3 4 4 4 2 2 2 1 1 1 1 1 2 4 4 4 5 5 4 4 3 2 1 2 2 2 1 1 1 1 1 1 0 0 0 0 1 1 1 1 1 2 2 2 2 2 1 1 1 0 0 0 0 0 0 0 1 1 1 1 1 1 0 0 1 1 1 1 1 1 1 0 0 0 0 2 2 2 2 4 4 4 4 3 3 2 3 4 5 3 3 3 3 2 2 1 1 2 3 4 4 4 3 5 5 4 3 3 3 2 1 1 0 0 1 1 1 1 1 1 1 2 2 2 2 3 4 3 3 4 5 6 5 4 5 5 4 4 3 3 2 2 2 2 2 1 1 1 0 0 0 0 0 1 1 1 1 1 1 1 0 0 0 0 0 0 0 0 0 0 0 0 0 0 0 0 1 3 4 4 4 4 6 5 3 4 5 5 5 4 4 5 4 4 3 1 1 0 1 2 2 2 2 2 4 2 2 2 2 2 1 3 2 4 4 4 4 4 4 3 4 2 2 2 2 2 2 2 2 2 1 1 2 2 1 1 1 1 1 1 1 0 0 0 0 0 0 0 0 0 0 0 
10 10 10 10 10 10 10 10 10 10 10 10 10 10 10 10 10 10 10 10 10 10 10 10 10 10 10 10 10 10 10 10 10 10 10 10 10 10 10 10 10 10 10 10 10 10 10 10 10 10 10 10 10 10 10 10 10 10 10 10 10 10 10 10 10 10 10 10 10 10 10 10 10 10 10 10 10 10 10 10 10 10 10 10 10 10 10 10 10 10 10 10 10 10 10 10 10 10 10 10 10 10 10 10 10 10 10 10 10 10 10 10 10 10 10 10 10 10 10 10 10 10 10 10 10 10 10 10 10 10 10 10 10 10 10 10 10 10 10 10 10 10 10 10 10 10 10 10 10 10 10 10 10 10 10 10 10 10 10 10 10 10 10 10 10 10 10 10 10 10 10 10 10 10 10 10 10 10 10 10 10 10 10 10 10 10 10 10 10 10 10 10 10 10 10 10 10 10 10 10 10 10 10 10 10 10 10 10 10 10 10 10 10 10 10 10 10 10 10 10 10 10 10 10 10 10 10 10 10 10 10 10 10 10 10 10 10 10 10 10 10 10 10 10 10 10 10 10 10 10 10 10 10 10 10 10 10 10 10 10 10 10 10 10 10 10 10 10 10 10 10 10 10 10 10 10 10 10 10 10 10 10 10 10 10 10 10 10 10 10 10 10 10 10 10 10 10 10 10 10 10 10 10 10 10 10 10 10 10 10 10 10 10 10 10 10 10 10 10 10 10 10 10 10 10 10 10 10 10 10 10 10 10 10 10 10 10 10 10 10 10 10 10 10 10 10 10 10 10 10 10 10 10 10 10 10 10 10 10 10 10 10 10 10 10 10 10 10 10 10 10 10 10 10 10 10 10 10 10 10 10 10 10 10 10 10 10 10 10 10 10 10 10 10 10 10 10 10 10 10 10 10 10 10 10 10 10 10 10 10 10 10 10 10 10 10 10 10 10 10 10 10 10 10 10 10 10 10 10 10 10 10 10 10 10 10 10 10 10 10 10 10 10 10 10 10 10 10 10 10 10 10 10 10 10 10 10 10 10 10 10 10 10 10 10 10 10 10 10 10 10 10 10 10 10 10 10 10 10 10 10 10 10 10 10 10 10 10 10 10 10 10 10 10 10 10 10 10 10 10 10 10 10 10 10 10 10 10 10 10 10 10 10 10 10 10 10 10 10 10 10 10 10 10 10 10 10 10 10 10 10 10 10 10 10 10 10 10 10 10 10 10 10 10 10 10 10 10 10 10 10 10 10 10 10 10 10 10 10 10 10 10 10 10 10 10 10 10 10 10 10 10 10 10 10 10 10 10 10 10 10 10 10 10 10 10 10 10 10 10 10 10 10 10 10 10 10 10 10 10 10 10 10 10 10 10 10 10 10 10 10 10 10 10 10 10 10 10 10 10 10 10 10 10 10 10 10 10 10 10 10 10 10 10 10 10 10 10 10 10 10 10 10 10 10 10 10 10 10 10 10 10 10 10 10 10 10 10 10 10 10 10 10 10 10 10 10 10 10 10 10 10 
100 100 100 100 100 100 100 100 100 100 100 100 100 100 100 100 100 100 100 100 100 100 100 100 100 100 100 100 100 100 100 100 100 100 100 100 100 100 100 100 100 100 100 100 100 100 100 100 100 100 100 100 100 100 100 100 100 100 100 100 100 100 100 100 100 100 100 100 100 100 100 100 100 100 100 100 100 100 100 100 100 100 100 100 100 100 100 100 100 100 100 100 100 100 100 100 100 100 100 100 100 100 100 100 100 100 100 100 100 100 100 100 100 100 100 100 100 100 100 100 100 100 100 100 100 100 100 100 100 100 100 100 100 100 100 100 100 100 100 100 100 100 100 100 100 100 100 100 100 100 100 100 100 100 100 100 100 100 100 100 100 100 100 100 100 100 100 100 100 100 100 100 100 100 100 100 100 100 100 100 100 100 100 100 100 100 100 100 100 100 100 100 100 100 100 100 100 100 100 100 100 100 100 100 100 100 100 100 100 100 100 100 100 100 100 100 100 100 100 100 100 100 100 100 100 100 100 100 100 100 100 100 100 100 100 100 100 100 100 100 100 100 100 100 100 100 100 100 100 100 100 100 100 100 100 100 100 100 100 100 100 100 100 100 100 100 100 100 100 100 100 100 100 100 100 100 100 100 100 100 100 100 100 100 100 100 100 100 100 100 100 100 100 100 100 100 100 100 100 100 100 100 100 100 100 100 100 100 100 100 100 100 100 100 100 100 100 100 100 100 100 100 100 100 100 100 100 100 100 100 100 100 100 100 100 100 100 100 100 100 100 100 100 100 100 100 100 100 100 100 100 100 100 100 100 100 100 100 100 100 100 100 100 100 100 100 100 100 100 100 100 100 100 100 100 100 100 100 100 100 100 100 100 100 100 100 100 100 100 100 100 100 100 100 100 100 100 100 100 100 100 100 100 100 100 100 100 100 100 100 100 100 100 100 100 100 100 100 100 100 100 100 100 100 100 100 100 100 100 100 100 100 100 100 100 100 100 100 100 100 100 100 100 100 100 100 100 100 100 100 100 100 100 100 100 100 100 100 100 100 100 100 100 100 100 100 100 100 100 100 100 100 100 100 100 100 100 100 100 100 100 100 100 100 100 100 100 100 100 100 100 100 100 100 100 100 100 100 100 100 100 100 100 100 100 100 100 100 100 100 100 100 100 100 100 100 100 100 100 100 100 100 100 100 100 100 100 100 100 100 100 100 100 100 100 100 100 100 100 100 100 100 100 100 100 100 100 100 100 100 100 100 100 100 100 100 100 100 100 100 100 100 100 100 100 100 100 100 100 100 100 100 100 100 100 100 100 100 100 100 100 100 100 100 100 100 100 100 100 100 100 100 100 100 100 100 100 100 100 100 100 100 100 100 100 100 100 100 100 100 100 100 100 100 100 100 100 100 100 100 100 100 100 100 100 100 100 100 100 100 100 100 100 100 100 100 100 100 100 100 100 100 100 100 100 100 100 100 100 100 100 100 100 100 100 100 100 100 100 100 100 100 100 100 100 100 100 100 100 100 100 100 
6 14
0 0 0 0 0 1 1 1 1 1 1 1 0 0 1 1 1 1 1 1 1 1 2 2 2 2 2 2 1 2 2 2 2 2 3 2 1 3 3 4 3 3 3 5 5 3 3 4 4 4 5 5 6 5 6 6 6 5 4 4 4 4 2 1 1 1 0 0 0 0 0 0 0 0 0 1 1 1 1 1 1 1 1 1 1 1 0 0 0 0 0 0 0 0 0 0 0 1 2 2 2 2 3 2 5 5 6 6 6 5 4 3 3 3 1 0 0 0 0 0 0 0 0 0 0 0 0 0 0 1 2 2 2 2 2 1 3 4 4 5 5 5 5 2 1 1 1 1 1 1 1 1 0 1 1 1 2 2 2 1 1 2 2 1 1 1 1 1 1 1 0 2 3 3 3 3 3 2 3 2 1 1 1 1 0 0 0 0 0 0 0 0 0 0 0 0 0 1 2 2 2 2 2 3 3 2 2 2 2 2 2 3 3 3 2 2 2 3 3 2 3 3 3 3 3 3 3 1 1 1 1 1 1 1 0 0 0 0 1 2 2 2 2 3 2 2 2 2 2 2 2 1 0 0 1 1 1 1 1 1 1 1 0 1 1 1 1 1 1 2 2 2 1 2 2 2 1 1 1 0 0 0 0 0 0 0 0 0 0 0 0 0 0 0 0 0 1 1 2 2 2 2 2 2 1 1 1 1 1 1 1 1 1 1 0 0 1 1 1 1 1 3 3 2 2 2 2 1 1 1 1 1 1 2 2 1 1 1 1 2 2 3 3 3 3 2 2 0 0 0 0 0 0 0 0 0 0 0 0 1 1 1 1 1 1 0 0 0 0 0 0 1 1 1 1 1 1 0 0 0 0 0 0 2 2 2 2 2 2 0 0 0 0 0 0 1 1 1 1 2 2 1 1 1 1 1 0 0 0 0 1 1 1 1 1 2 4 4 3 3 3 3 2 2 2 3 3 4 5 4 3 3 4 3 3 3 3 2 2 2 2 2 3 3 3 3 2 2 1 1 0 0 0 0 1 2 2 2 2 2 1 0 0 0 0 0 0 0 0 0 0 0 0 0 0 0 0 0 0 0 0 0 0 0 1 1 1 1 1 1 1 1 2 3 2 2 3 5 5 4 3 3 2 0 0 1 1 2 2 2 2 2 2 3 3 3 3 3 3 2 2 2 1 1 1 3 4 4 4 4 4 4 3 2 2 2 2 2 2 2 2 1 1 1 1 1 1 2 2 2 2 2 2 2 1 1 0 0 0 0 0 0 0 0 1 1 2 2 2 3 3 3 2 1 1 1 1 1 1 1 1 2 2 2 3 3 2 3 4 4 4 2 2 3 3 3 3 3 2 4 4 4 3 4 4 7 6 5 5 4 4 1 2 2 3 3 4 4 4 4 3 3 4 5 5 5 6 6 5 4 2 1 0 1 1 1 1 1 1 1 1 1 1 0 0 0 0 0 0 0 0 0 0 0 0 0 1 1 1 1 1 1 1 0 0 0 0 0 0 0 0 0 
10 10 10 10 10 10 10 10 10 10 10 10 10 10 10 10 10 10 10 10 10 10 10 10 10 10 10 10 10 10 10 10 10 10 10 10 10 10 10 10 10 10 10 10 10 10 10 10 10 10 10 10 10 10 10 10 10 10 10 10 10 10 10 10 10 10 10 10 10 10 10 10 10 10 10 10 10 10 10 10 10 10 10 10 10 10 10 10 10 10 10 10 10 10 10 10 10 10 10 10 10 10 10 10 10 10 10 10 10 10 10 10 10 10 10 10 10 10 10 10 10 10 10 10 10 10 10 10 10 10 10 10 10 10 10 10 10 10 10 10 10 10 10 10 10 10 10 10 10 10 10 10 10 10 10 10 10 10 10 10 10 10 10 10 10 10 10 10 10 10 10 10 10 10 10 10 10 10 10 10 10 10 10 10 10 10 10 10 10 10 10 10 10 10 10 10 10 10 10 10 10 10 10 10 10 10 10 10 10 10 10 10 10 10 10 10 10 10 10 10 10 10 10 10 10 10 10 10 10 10 10 10 10 10 10 10 10 10 10 10 10 10 10 10 10 10 10 10 10 10 10 10 10 10 10 10 10 10 10 10 10 10 10 10 10 10 10 10 10 10 10 10 10 10 10 10 10 10 10 10 10 10 10 10 10 10 10 10 10 10 10 10 10 10 10 10 10 10 10 10 10 10 10 10 10 10 10 10 10 10 10 10 10 10 10 10 10 10 10 10 10 10 10 10 10 10 10 10 10 10 10 10 10 10 10 10 10 10 10 10 10 10 10 10 10 10 10 10 10 10 10 10 10 10 10 10 10 10 10 10 10 10 10 10 10 10 10 10 10 10 10 10 10 10 10 10 10 10 10 10 10 10 10 10 10 10 10 10 10 10 10 10 10 10 10 10 10 10 10 10 10 10 10 10 10 10 10 10 10 10 10 10 10 10 10 10 10 10 10 10 10 10 10 10 10 10 10 10 10 10 10 10 10 10 10 10 10 10 10 10 10 10 10 10 10 10 10 10 10 10 10 10 10 10 10 10 10 10 10 10 10 10 10 10 10 10 10 10 10 10 10 10 10 10 10 10 10 10 10 10 10 10 10 10 10 10 10 10 10 10 10 10 10 10 10 10 10 10 10 10 10 10 10 10 10 10 10 10 10 10 10 10 10 10 10 10 10 10 10 10 10 10 10 10 10 10 10 10 10 10 10 10 10 10 10 10 10 10 10 10 10 10 10 10 10 10 10 10 10 10 10 10 10 10 10 10 10 10 10 10 10 10 10 10 10 10 10 10 10 10 10 10 10 10 10 10 10 10 10 10 10 10 10 10 10 10 10 10 10 10 10 10 10 10 10 10 10 10 10 10 10 10 10 10 10 10 10 10 10 10 10 10 10 10 10 10 10 10 10 10 10 10 10 10 10 10 10 10 10 10 10 10 10 10 10 10 10 10 10 10 10 10 10 10 10 10 10 10 10 10 10 10 10 10 10 10 10 10 10 10 10 10 10 10 10 10 10 10 10 10 10 10 
100 100 100 100 100 100 100 100 100 100 100 100 100 100 100 100 100 100 100 100 100 100 100 100 100 100 100 100 100 100 100 100 100 100 100 100 100 100 100 100 100 100 100 100 100 100 100 100 100 100 100 100 100 100 100 100 100 100 100 100 100 100 100 100 100 100 100 100 100 100 100 100 100 100 100 100 100 100 100 100 100 100 100 100 100 100 100 100 100 100 100 100 100 100 100 100 100 100 100 100 100 100 100 100 100 100 100 100 100 100 100 100 100 100 100 100 100 100 100 100 100 100 100 100 100 100 100 100 100 100 100 100 100 100 100 100 100 100 100 100 100 100 100 100 100 100 100 100 100 100 100 100 100 100 100 100 100 100 100 100 100 100 100 100 100 100 100 100 100 100 100 100 100 100 100 100 100 100 100 100 100 100 100 100 100 100 100 100 100 100 100 100 100 100 100 100 100 100 100 100 100 100 100 100 100 100 100 100 100 100 100 100 100 100 100 100 100 100 100 100 100 100 100 100 100 100 100 100 100 100 100 100 100 100 100 100 100 100 100 100 100 100 100 100 100 100 100 100 100 100 100 100 100 100 100 100 100 100 100 100 100 100 100 100 100 100 100 100 100 100 100 100 100 100 100 100 100 100 100 100 100 100 100 100 100 100 100 100 100 100 100 100 100 100 100 100 100 100 100 100 100 100 100 100 100 100 100 100 100 100 100 100 100 100 100 100 100 100 100 100 100 100 100 100 100 100 100 100 100 100 100 100 100 100 100 100 100 100 100 100 100 100 100 100 100 100 100 100 100 100 100 100 100 100 100 100 100 100 100 100 100 100 100 100 100 100 100 100 100 100 100 100 100 100 100 100 100 100 100 100 100 100 100 100 100 100 100 100 100 100 100 100 100 100 100 100 100 100 100 100 100 100 100 100 100 100 100 100 100 100 100 100 100 100 100 100 100 100 100 100 100 100 100 100 100 100 100 100 100 100 100 100 100 100 100 100 100 100 100 100 100 100 100 100 100 100 100 100 100 100 100 100 100 100 100 100 100 100 100 100 100 100 100 100 100 100 100 100 100 100 100 100 100 100 100 100 100 100 100 100 100 100 100 100 100 100 100 100 100 100 100 100 100 100 100 100 100 100 100 100 100 100 100 100 100 100 100 100 100 100 100 100 100 100 100 100 100 100 100 100 100 100 100 100 100 100 100 100 100 100 100 100 100 100 100 100 100 100 100 100 100 100 100 100 100 100 100 100 100 100 100 100 100 100 100 100 100 100 100 100 100 100 100 100 100 100 100 100 100 100 100 100 100 100 100 100 100 100 100 100 100 100 100 100 100 100 100 100 100 100 100 100 100 100 100 100 100 100 100 100 100 100 100 100 100 100 100 100 100 100 100 100 100 100 100 100 100 100 100 100 100 100 100 100 100 100 100 100 100 100 100 100 100 100 100 100 100 100 100 100 100 100 100 100 100 100 100 100 100 100 100 100 100 100 100 100 100 100 100 100 100 100 100 100 100 100 100 100 100 100 100 100 
8 14
0 0 0 0 0 0 0 0 0 0 0 0 0 0 0 0 0 0 0 1 1 1 1 1 1 1 1 1 0 0 0 0 0 1 1 2 2 3 3 4 4 3 3 3 3 3 2 1 1 1 1 2 2 2 2 2 2 2 2 1 1 0 0 0 0 0 0 0 0 1 1 1 1 1 1 1 1 0 0 0 0 0 0 0 0 0 0 1 2 2 2 2 2 2 2 2 0 1 1 1 1 1 1 1 1 0 0 0 0 0 0 0 0 0 1 1 1 1 1 1 1 1 3 2 2 2 3 4 4 4 3 2 2 2 2 2 1 0 0 0 0 0 0 0 0 0 0 0 0 0 1 1 2 2 2 2 2 2 3 2 1 1 1 2 2 2 2 2 3 2 2 2 1 1 1 1 1 0 0 0 0 0 0 0 0 0 0 0 0 0 0 0 0 0 0 0 0 0 0 0 0 0 0 1 1 1 1 1 1 1 1 1 1 0 1 2 2 2 2 2 2 2 2 1 1 0 0 0 1 1 1 1 1 1 1 2 2 2 2 2 2 1 1 0 1 1 1 1 1 2 2 2 1 1 1 1 2 3 3 2 2 2 2 2 1 0 0 0 0 1 1 1 1 1 3 3 3 2 2 2 2 2 0 0 0 0 0 0 0 0 2 2 2 2 2 4 4 5 4 3 3 4 4 2 2 1 2 2 2 2 2 1 1 1 1 1 1 0 1 1 2 2 2 2 2 2 3 2 1 1 1 1 1 1 0 0 0 0 0 0 0 0 0 0 0 0 1 1 1 1 2 2 2 2 2 2 2 2 1 1 2 3 3 3 2 2 2 2 2 2 2 1 1 1 1 1 1 1 0 0 0 0 0 1 1 1 1 1 1 1 1 1 0 1 1 1 1 1 1 1 1 1 0 1 1 1 1 1 1 1 1 1 0 0 0 0 0 1 2 2 2 2 2 3 3 3 3 2 1 1 1 1 0 1 1 1 1 1 1 1 1 1 0 0 0 0 0 0 0 0 0 0 0 1 1 2 3 3 3 3 3 3 3 2 2 1 1 1 1 1 0 0 0 0 0 0 0 0 0 0 0 0 0 0 0 0 0 0 0 0 0 0 0 0 0 0 0 0 0 0 0 0 0 0 1 1 1 1 2 2 2 2 1 1 1 1 1 0 0 0 0 0 0 0 0 0 0 0 0 0 0 0 0 0 0 1 1 1 1 1 1 1 2 2 1 1 1 1 1 2 2 2 2 2 1 1 1 2 1 1 1 1 1 1 1 0 0 0 1 1 1 1 1 1 1 1 1 3 2 2 2 2 2 4 4 4 5 3 3 3 3 3 3 2 2 1 1 1 1 1 0 0 0 0 0 0 0 0 1 2 2 2 2 2 3 3 2 3 3 2 2 2 1 1 1 0 0 0 0 0 1 1 1 1 1 2 2 2 2 2 2 1 1 1 0 0 0 1 1 1 1 2 3 3 3 3 3 2 2 1 0 0 0 0 0 0 0 0 0 0 0 0 
10 10 10 10 10 10 10 10 10 10 10 10 10 10 10 10 10 10 10 10 10 10 10 10 10 10 10 10 10 10 10 10 10 10 10 10 10 10 10 10 10 10 10 10 10 10 10 10 10 10 10 10 10 10 10 10 10 10 10 10 10 10 10 10 10 10 10 10 10 10 10 10 10 10 10 10 10 10 10 10 10 10 10 10 10 10 10 10 10 10 10 10 10 10 10 10 10 10 10 10 10 10 10 10 10 10 10 10 10 10 10 10 10 10 10 10 10 10 10 10 10 10 10 10 10 10 10 10 10 10 10 10 10 10 10 10 10 10 10 10 10 10 10 10 10 10 10 10 10 10 10 10 10 10 10 10 10 10 10 10 10 10 10 10 10 10 10 10 10 10 10 10 10 10 10 10 10 10 10 10 10 10 10 10 10 10 10 10 10 10 10 10 10 10 10 10 10 10 10 10 10 10 10 10 10 10 10 10 10 10 10 10 10 10 10 10 10 10 10 10 10 10 10 10 10 10 10 10 10 10 10 10 10 10 10 10 10 10 10 10 10 10 10 10 10 10 10 10 10 10 10 10 10 10 10 10 10 10 10 10 10 10 10 10 10 10 10 10 10 10 10 10 10 10 10 10 10 10 10 10 10 10 10 10 10 10 10 10 10 10 10 10 10 10 10 10 10 10 10 10 10 10 10 10 10 10 10 10 10 10 10 10 10 10 10 10 10 10 10 10 10 10 10 10 10 10 10 10 10 10 10 10 10 10 10 10 10 10 10 10 10 10 10 10 10 10 10 10 10 10 10 10 10 10 10 10 10 10 10 10 10 10 10 10 10 10 10 10 10 10 10 10 10 10 10 10 10 10 10 10 10 10 10 10 10 10 10 10 10 10 10 10 10 10 10 10 10 10 10 10 10 10 10 10 10 10 10 10 10 10 10 10 10 10 10 10 10 10 10 10 10 10 10 10 10 10 10 10 10 10 10 10 10 10 10 10 10 10 10 10 10 10 10 10 10 10 10 10 10 10 10 10 10 10 10 10 10 10 10 10 10 10 10 10 10 10 10 10 10 10 10 10 10 10 10 10 10 10 10 10 10 10 10 10 10 10 10 10 10 10 10 10 10 10 10 10 10 10 10 10 10 10 10 10 10 10 10 10 10 10 10 10 10 10 10 10 10 10 10 10 10 10 10 10 10 10 10 10 10 10 10 10 10 10 10 10 10 10 10 10 10 10 10 10 10 10 10 10 10 10 10 10 10 10 10 10 10 10 10 10 10 10 10 10 10 10 10 10 10 10 10 10 10 10 10 10 10 10 10 10 10 10 10 10 10 10 10 10 10 10 10 10 10 10 10 10 10 10 10 10 10 10 10 10 10 10 10 10 10 10 10 10 10 10 10 10 10 10 10 10 10 10 10 10 10 10 10 10 10 10 10 10 10 10 10 10 10 10 10 10 10 10 10 10 10 10 10 10 10 10 10 10 10 10 10 10 10 10 10 10 10 10 10 10 10 10 10 10 10 10 10 10 
100 100 100 100 100 100 100 100 100 100 100 100 100 100 100 100 100 100 100 100 100 100 100 100 100 100 100 100 100 100 100 100 100 100 100 100 100 100 100 100 100 100 100 100 100 100 100 100 100 100 100 100 100 100 100 100 100 100 100 100 100 100 100 100 100 100 100 100 100 100 100 100 100 100 100 100 100 100 100 100 100 100 100 100 100 100 100 100 100 100 100 100 100 100 100 100 100 100 100 100 100 100 100 100 100 100 100 100 100 100 100 100 100 100 100 100 100 100 100 100 100 100 100 100 100 100 100 100 100 100 100 100 100 100 100 100 100 100 100 100 100 100 100 100 100 100 100 100 100 100 100 100 100 100 100 100 100 100 100 100 100 100 100 100 100 100 100 100 100 100 100 100 100 100 100 100 100 100 100 100 100 100 100 100 100 100 100 100 100 100 100 100 100 100 100 100 100 100 100 100 100 100 100 100 100 100 100 100 100 100 100 100 100 100 100 100 100 100 100 100 100 100 100 100 100 100 100 100 100 100 100 100 100 100 100 100 100 100 100 100 100 100 100 100 100 100 100 100 100 100 100 100 100 100 100 100 100 100 100 100 100 100 100 100 100 100 100 100 100 100 100 100 100 100 100 100 100 100 100 100 100 100 100 100 100 100 100 100 100 100 100 100 100 100 100 100 100 100 100 100 100 100 100 100 100 100 100 100 100 100 100 100 100 100 100 100 100 100 100 100 100 100 100 100 100 100 100 100 100 100 100 100 100 100 100 100 100 100 100 100 100 100 100 100 100 100 100 100 100 100 100 100 100 100 100 100 100 100 100 100 100 100 100 100 100 100 100 100 100 100 100 100 100 100 100 100 100 100 100 100 100 100 100 100 100 100 100 100 100 100 100 100 100 100 100 100 100 100 100 100 100 100 100 100 100 100 100 100 100 100 100 100 100 100 100 100 100 100 100 100 100 100 100 100 100 100 100 100 100 100 100 100 100 100 100 100 100 100 100 100 100 100 100 100 100 100 100 100 100 100 100 100 100 100 100 100 100 100 100 100 100 100 100 100 100 100 100 100 100 100 100 100 100 100 100 100 100 100 100 100 100 100 100 100 100 100 100 100 100 100 100 100 100 100 100 100 100 100 100 100 100 100 100 100 100 100 100 100 100 100 100 100 100 100 100 100 100 100 100 100 100 100 100 100 100 100 100 100 100 100 100 100 100 100 100 100 100 100 100 100 100 100 100 100 100 100 100 100 100 100 100 100 100 100 100 100 100 100 100 100 100 100 100 100 100 100 100 100 100 100 100 100 100 100 100 100 100 100 100 100 100 100 100 100 100 100 100 100 100 100 100 100 100 100 100 100 100 100 100 100 100 100 100 100 100 100 100 100 100 100 100 100 100 100 100 100 100 100 100 100 100 100 100 100 100 100 100 100 100 100 100 100 100 100 100 100 100 100 100 100 100 100 100 100 100 100 100 100 100 100 100 100 100 100 100 100 100 100 100 100 100 100 100 100 100 100 100 100 100 100 100 100 
8 14
0 0 0 0 2 2 2 2 3 3 3 3 2 1 1 1 1 0 0 0 0 0 0 0 0 0 0 1 1 3 3 3 3 3 3 4 4 1 2 2 2 3 4 4 4 4 4 3 4 4 4 3 2 2 3 3 2 2 2 3 2 2 2 2 2 2 2 1 1 1 1 0 0 0 0 0 0 0 0 0 0 0 0 0 0 0 0 0 1 1 1 1 1 1 1 1 1 1 0 0 0 0 0 0 0 0 0 0 1 1 1 1 1 1 1 1 1 1 0 0 0 0 0 0 0 0 0 0 0 0 0 0 1 1 1 1 1 1 1 1 1 1 1 0 0 0 0 0 0 0 0 0 1 1 3 3 3 3 4 4 3 3 3 2 1 1 1 1 0 0 0 0 0 0 0 0 0 0 0 0 0 0 1 1 1 1 2 2 2 2 2 2 1 1 1 1 1 1 1 0 0 0 0 0 0 0 0 0 0 0 0 0 0 0 0 1 1 1 1 1 1 1 2 2 2 3 3 3 4 4 4 3 4 4 3 2 1 1 1 1 1 1 0 0 0 0 0 0 0 1 1 1 1 2 2 2 2 1 1 1 2 1 2 2 2 2 2 2 2 2 2 1 1 1 1 1 2 2 2 2 3 3 3 3 3 3 2 2 1 1 1 0 0 0 0 0 0 0 0 0 0 1 1 1 1 2 2 2 3 3 4 5 5 4 4 4 4 4 3 3 2 1 2 2 2 2 1 1 2 2 1 1 2 2 2 2 2 2 2 2 2 2 2 2 2 1 0 0 1 1 1 1 1 1 1 1 1 1 1 1 1 1 1 1 1 2 1 1 1 1 1 1 1 0 0 1 1 1 1 1 1 1 1 0 0 0 0 0 0 0 0 0 0 0 0 0 0 0 1 1 1 1 1 1 1 1 1 2 2 2 3 3 4 4 4 4 4 4 4 4 3 2 2 2 2 2 1 1 1 1 1 1 1 1 0 0 0 0 0 0 0 1 2 2 2 2 2 2 3 3 3 1 1 1 1 1 1 1 0 0 0 1 1 1 1 1 1 2 2 2 3 2 2 2 2 2 1 1 0 0 1 1 1 2 2 2 2 2 1 2 2 2 2 1 1 1 1 0 0 0 0 0 0 0 0 0 0 0 0 0 0 0 1 1 2 2 2 3 4 4 4 4 3 4 4 3 2 2 2 2 2 2 1 0 0 1 1 1 3 3 3 3 3 3 3 5 4 2 2 2 2 2 2 2 3 2 2 2 1 1 1 1 2 1 1 1 1 1 1 1 0 0 0 0 0 0 1 1 1 2 3 3 4 4 4 4 3 3 3 2 2 1 1 0 1 1 1 1 1 1 1 1 1 1 1 0 0 0 0 0 0 1 2 3 5 5 5 5 5 6 4 4 4 1 2 2 2 1 1 1 1 1 2 1 1 1 1 1 1 1 1 1 1 1 1 1 1 1 1 1 1 0 0 0 0 0 0 0 0 0 0 0 0 0 0 0 0 0 0 0 0 0 
10 10 10 10 10 10 10 10 10 10 10 10 10 10 10 10 10 10 10 10 10 10 10 10 10 10 10 10 10 10 10 10 10 10 10 10 10 10 10 10 10 10 10 10 10 10 10 10 10 10 10 10 10 10 10 10 10 10 10 10 10 10 10 10 10 10 10 10 10 10 10 10 10 10 10 10 10 10 10 10 10 10 10 10 10 10 10 10 10 10 10 10 10 10 10 10 10 10 10 10 10 10 10 10 10 10 10 10 10 10 10 10 10 10 10 10 10 10 10 10 10 10 10 10 10 10 10 10 10 10 10 10 10 10 10 10 10 10 10 10 10 10 10 10 10 10 10 10 10 10 10 10 10 10 10 10 10 10 10 10 10 10 10 10 10 10 10 10 10 10 10 10 10 10 10 10 10 10 10 10 10 10 10 10 10 10 10 10 10 10 10 10 10 10 10 10 10 10 10 10 10 10 10 10 10 10 10 10 10 10 10 10 10 10 10 10 10 10 10 10 10 10 10 10 10 10 10 10 10 10 10 10 10 10 10 10 10 10 10 10 10 10 10 10 10 10 10 10 10 10 10 10 10 10 10 10 10 10 10 10 10 10 10 10 10 10 10 10 10 10 10 10 10 10 10 10 10 10 10 10 10 10 10 10 10 10 10 10 10 10 10 10 10 10 10 10 10 10 10 10 10 10 10 10 10 10 10 10 10 10 10 10 10 10 10 10 10 10 10 10 10 10 10 10 10 10 10 10 10 10 10 10 10 10 10 10 10 10 10 10 10 10 10 10 10 10 10 10 10 10 10 10 10 10 10 10 10 10 10 10 10 10 10 10 10 10 10 10 10 10 10 10 10 10 10 10 10 10 10 10 10 10 10 10 10 10 10 10 10 10 10 10 10 10 10 10 10 10 10 10 10 10 10 10 10 10 10 10 10 10 10 10 10 10 10 10 10 10 10 10 10 10 10 10 10 10 10 10 10 10 10 10 10 10 10 10 10 10 10 10 10 10 10 10 10 10 10 10 10 10 10 10 10 10 10 10 10 10 10 10 10 10 10 10 10 10 10 10 10 10 10 10 10 10 10 10 10 10 10 10 10 10 10 10 10 10 10 10 10 10 10 10 10 10 10 10 10 10 10 10 10 10 10 10 10 10 10 10 10 10 10 10 10 10 10 10 10 10 10 10 10 10 10 10 10 10 10 10 10 10 10 10 10 10 10 10 10 10 10 10 10 10 10 10 10 10 10 10 10 10 10 10 10 10 10 10 10 10 10 10 10 10 10 10 10 10 10 10 10 10 10 10 10 10 10 10 10 10 10 10 10 10 10 10 10 10 10 10 10 10 10 10 10 10 10 10 10 10 10 10 10 10 10 10 10 10 10 10 10 10 10 10 10 10 10 10 10 10 10 10 10 10 10 10 10 10 10 10 10 10 10 10 10 10 10 10 10 10 10 10 10 10 10 10 10 10 10 10 10 10 10 10 10 10 10 10 10 10 10 10 10 10 10 10 10 10 10 10 10 10 10 10 
100 100 100 100 100 100 100 100 100 100 100 100 100 100 100 100 100 100 100 100 100 100 100 100 100 100 100 100 100 100 100 100 100 100 100 100 100 100 100 100 100 100 100 100 100 100 100 100 100 100 100 100 100 100 100 100 100 100 100 100 100 100 100 100 100 100 100 100 100 100 100 100 100 100 100 100 100 100 100 100 100 100 100 100 100 100 100 100 100 100 100 100 100 100 100 100 100 100 100 100 100 100 100 100 100 100 100 100 100 100 100 100 100 100 100 100 100 100 100 100 100 100 100 100 100 100 100 100 100 100 100 100 100 100 100 100 100 100 100 100 100 100 100 100 100 100 100 100 100 100 100 100 100 100 100 100 100 100 100 100 100 100 100 100 100 100 100 100 100 100 100 100 100 100 100 100 100 100 100 100 100 100 100 100 100 100 100 100 100 100 100 100 100 100 100 100 100 100 100 100 100 100 100 100 100 100 100 100 100 100 100 100 100 100 100 100 100 100 100 100 100 100 100 100 100 100 100 100 100 100 100 100 100 100 100 100 100 100 100 100 100 100 100 100 100 100 100 100 100 100 100 100 100 100 100 100 100 100 100 100 100 100 100 100 100 100 100 100 100 100 100 100 100 100 100 100 100 100 100 100 100 100 100 100 100 100 100 100 100 100 100 100 100 100 100 100 100 100 100 100 100 100 100 100 100 100 100 100 100 100 100 100 100 100 100 100 100 100 100 100 100 100 100 100 100 100 100 100 100 100 100 100 100 100 100 100 100 100 100 100 100 100 100 100 100 100 100 100 100 100 100 100 100 100 100 100 100 100 100 100 100 100 100 100 100 100 100 100 100 100 100 100 100 100 100 100 100 100 100 100 100 100 100 100 100 100 100 100 100 100 100 100 100 100 100 100 100 100 100 100 100 100 100 100 100 100 100 100 100 100 100 100 100 100 100 100 100 100 100 100 100 100 100 100 100 100 100 100 100 100 100 100 100 100 100 100 100 100 100 100 100 100 100 100 100 100 100 100 100 100 100 100 100 100 100 100 100 100 100 100 100 100 100 100 100 100 100 100 100 100 100 100 100 100 100 100 100 100 100 100 100 100 100 100 100 100 100 100 100 100 100 100 100 100 100 100 100 100 100 100 100 100 100 100 100 100 100 100 100 100 100 100 100 100 100 100 100 100 100 100 100 100 100 100 100 100 100 100 100 100 100 100 100 100 100 100 100 100 100 100 100 100 100 100 100 100 100 100 100 100 100 100 100 100 100 100 100 100 100 100 100 100 100 100 100 100 100 100 100 100 100 100 100 100 100 100 100 100 100 100 100 100 100 100 100 100 100 100 100 100 100 100 100 100 100 100 100 100 100 100 100 100 100 100 100 100 100 100 100 100 100 100 100 100 100 100 100 100 100 100 100 100 100 100 100 100 100 100 100 100 100 100 100 100 100 100 100 100 100 100 100 100 100 100 100 100 100 100 100 100 100 100 100 100 100 100 100 100 100 100 100 100 100 100 100 100 100 100 100 100 100 100 
6 14
0 0 0 0 0 0 0 0 0 0 0 0 0 0 0 0 0 0 0 0 0 1 1 1 1 1 1 0 0 0 1 1 2 2 3 3 4 4 3 2 2 1 1 0 0 0 0 0 1 2 2 2 3 3 3 1 1 2 1 1 3 3 3 2 3 3 2 2 2 2 4 3 3 3 3 3 2 2 0 0 0 1 1 1 1 2 2 2 1 1 1 0 0 1 1 1 1 1 1 1 1 1 1 1 0 0 1 1 1 2 2 2 3 3 3 1 1 3 2 2 2 2 4 2 2 2 2 2 2 1 1 1 1 1 1 2 3 4 4 5 5 5 5 4 1 1 2 2 2 2 2 3 3 2 3 3 3 4 2 2 3 2 2 2 1 1 0 0 1 2 2 2 2 2 1 0 0 1 1 1 2 2 2 2 1 1 0 0 0 0 0 0 0 1 1 1 2 2 2 2 1 1 1 1 0 0 0 0 1 1 2 2 2 3 3 3 2 2 1 0 0 0 0 0 0 0 0 2 2 2 2 2 2 5 6 5 4 4 4 2 0 0 0 0 0 0 0 1 2 3 4 5 6 6 5 4 5 4 3 2 3 2 2 2 3 3 3 2 2 2 1 1 1 1 1 1 1 1 1 1 1 1 1 1 1 1 1 1 1 1 1 1 1 1 1 1 1 0 0 0 0 0 0 0 0 0 1 1 1 1 2 2 1 2 2 3 3 4 4 4 3 3 3 3 3 3 4 3 3 3 2 1 1 1 1 3 4 4 3 4 5 3 4 3 3 2 1 2 3 3 3 3 3 3 2 2 2 1 2 2 1 1 1 1 1 1 0 0 0 0 0 0 0 0 0 0 0 0 0 0 0 1 1 1 1 1 1 1 0 1 1 3 4 4 4 3 3 3 4 2 2 2 2 1 1 0 0 0 0 0 0 0 1 1 1 2 2 3 2 2 2 2 2 1 2 3 4 4 3 3 2 2 1 1 1 1 1 1 0 0 0 0 0 0 1 1 1 1 1 1 2 2 1 2 2 2 2 2 2 0 0 0 0 0 0 0 0 0 0 0 0 0 0 0 0 0 0 0 0 0 0 0 0 0 0 0 0 0 0 0 0 0 0 0 0 0 0 1 1 1 1 1 1 0 0 0 0 0 0 1 1 1 1 2 2 3 2 2 2 2 2 1 1 1 0 0 1 1 1 1 4 4 4 3 4 4 3 1 1 1 0 1 1 1 1 2 2 2 1 1 1 2 2 1 2 2 3 2 2 2 2 2 1 1 1 1 1 1 2 2 2 2 2 2 2 0 0 0 0 0 0 0 0 0 0 0 0 2 2 2 2 3 4 4 2 2 3 3 4 2 3 3 4 3 2 2 1 2 2 2 2 1 2 1 1 1 1 2 1 1 1 1 1 1 0 0 0 0 0 0 0 0 1 1 1 1 1 2 1 2 2 2 2 3 2 1 1 1 1 1 1 0 0 0 0 0 0 1 1 1 1 1 1 0 0 0 0 0 0 0 0 0 
10 10 10 10 10 10 10 10 10 10 10 10 10 10 10 10 10 10 10 10 10 10 10 10 10 10 10 10 10 10 10 10 10 10 10 10 10 10 10 10 10 10 10 10 10 10 10 10 10 10 10 10 10 10 10 10 10 10 10 10 10 10 10 10 10 10 10 10 10 10 10 10 10 10 10 10 10 10 10 10 10 10 10 10 10 10 10 10 10 10 10 10 10 10 10 10 10 10 10 10 10 10 10 10 10 10 10 10 10 10 10 10 10 10 10 10 10 10 10 10 10 10 10 10 10 10 10 10 10 10 10 10 10 10 10 10 10 10 10 10 10 10 10 10 10 10 10 10 10 10 10 10 10 10 10 10 10 10 10 10 10 10 10 10 10 10 10 10 10 10 10 10 10 10 10 10 10 10 10 10 10 10 10 10 10 10 10 10 10 10 10 10 10 10 10 10 10 10 10 10 10 10 10 10 10 10 10 10 10 10 10 10 10 10 10 10 10 10 10 10 10 10 10 10 10 10 10 10 10 10 10 10 10 10 10 10 10 10 10 10 10 10 10 10 10 10 10 10 10 10 10 10 10 10 10 10 10 10 10 10 10 10 10 10 10 10 10 10 10 10 10 10 10 10 10 10 10 10 10 10 10 10 10 10 10 10 10 10 10 10 10 10 10 10 10 10 10 10 10 10 10 10 10 10 10 10 10 10 10 10 10 10 10 10 10 10 10 10 10 10 10 10 10 10 10 10 10 10 10 10 10 10 10 10 10 10 10 10 10 10 10 10 10 10 10 10 10 10 10 10 10 10 10 10 10 10 10 10 10 10 10 10 10 10 10 10 10 10 10 10 10 10 10 10 10 10 10 10 10 10 10 10 10 10 10 10 10 10 10 10 10 10 10 10 10 10 10 10 10 10 10 10 10 10 10 10 10 10 10 10 10 10 10 10 10 10 10 10 10 10 10 10 10 10 10 10 10 10 10 10 10 10 10 10 10 10 10 10 10 10 10 10 10 10 10 10 10 10 10 10 10 10 10 10 10 10 10 10 10 10 10 10 10 10 10 10 10 10 10 10 10 10 10 10 10 10 10 10 10 10 10 10 10 10 10 10 10 10 10 10 10 10 10 10 10 10 10 10 10 10 10 10 10 10 10 10 10 10 10 10 10 10 10 10 10 10 10 10 10 10 10 10 10 10 10 10 10 10 10 10 10 10 10 10 10 10 10 10 10 10 10 10 10 10 10 10 10 10 10 10 10 10 10 10 10 10 10 10 10 10 10 10 10 10 10 10 10 10 10 10 10 10 10 10 10 10 10 10 10 10 10 10 10 10 10 10 10 10 10 10 10 10 10 10 10 10 10 10 10 10 10 10 10 10 10 10 10 10 10 10 10 10 10 10 10 10 10 10 10 10 10 10 10 10 10 10 10 10 10 10 10 10 10 10 10 10 10 10 10 10 10 10 10 10 10 10 10 10 10 10 10 10 10 10 10 10 10 10 10 10 10 10 10 10 10 10 10 10 10 10 10 10 
100 100 100 100 100 100 100 100 100 100 100 100 100 100 100 100 100 100 100 100 100 100 100 100 100 100 100 100 100 100 100 100 100 100 100 100 100 100 100 100 100 100 100 100 100 100 100 100 100 100 100 100 100 100 100 100 100 100 100 100 100 100 100 100 100 100 100 100 100 100 100 100 100 100 100 100 100 100 100 100 100 100 100 100 100 100 100 100 100 100 100 100 100 100 100 100 100 100 100 100 100 100 100 100 100 100 100 100 100 100 100 100 100 100 100 100 100 100 100 100 100 100 100 100 100 100 100 100 100 100 100 100 100 100 100 100 100 100 100 100 100 100 100 100 100 100 100 100 100 100 100 100 100 100 100 100 100 100 100 100 100 100 100 100 100 100 100 100 100 100 100 100 100 100 100 100 100 100 100 100 100 100 100 100 100 100 100 100 100 100 100 100 100 100 100 100 100 100 100 100 100 100 100 100 100 100 100 100 100 100 100 100 100 100 100 100 100 100 100 100 100 100 100 100 100 100 100 100 100 100 100 100 100 100 100 100 100 100 100 100 100 100 100 100 100 100 100 100 100 100 100 100 100 100 100 100 100 100 100 100 100 100 100 100 100 100 100 100 100 100 100 100 100 100 100 100 100 100 100 100 100 100 100 100 100 100 100 100 100 100 100 100 100 100 100 100 100 100 100 100 100 100 100 100 100 100 100 100 100 100 100 100 100 100 100 100 100 100 100 100 100 100 100 100 100 100 100 100 100 100 100 100 100 100 100 100 100 100 100 100 100 100 100 100 100 100 100 100 100 100 100 100 100 100 100 100 100 100 100 100 100 100 100 100 100 100 100 100 100 100 100 100 100 100 100 100 100 100 100 100 100 100 100 100 100 100 100 100 100 100 100 100 100 100 100 100 100 100 100 100 100 100 100 100 100 100 100 100 100 100 100 100 100 100 100 100 100 100 100 100 100 100 100 100 100 100 100 100 100 100 100 100 100 100 100 100 100 100 100 100 100 100 100 100 100 100 100 100 100 100 100 100 100 100 100 100 100 100 100 100 100 100 100 100 100 100 100 100 100 100 100 100 100 100 100 100 100 100 100 100 100 100 100 100 100 100 100 100 100 100 100 100 100 100 100 100 100 100 100 100 100 100 100 100 100 100 100 100 100 100 100 100 100 100 100 100 100 100 100 100 100 100 100 100 100 100 100 100 100 100 100 100 100 100 100 100 100 100 100 100 100 100 100 100 100 100 100 100 100 100 100 100 100 100 100 100 100 100 100 100 100 100 100 100 100 100 100 100 100 100 100 100 100 100 100 100 100 100 100 100 100 100 100 100 100 100 100 100 100 100 100 100 100 100 100 100 100 100 100 100 100 100 100 100 100 100 100 100 100 100 100 100 100 100 100 100 100 100 100 100 100 100 100 100 100 100 100 100 100 100 100 100 100 100 100 100 100 100 100 100 100 100 100 100 100 100 100 100 100 100 100 100 100 100 100 100 100 100 100 100 100 100 100 100 100 100 100 100 100 100 100 100 
