4
Instancias/Problem_0_71.txt
                   1               70415               70580                1500                1500                   2
                   2               33990               57700        -1.15422e+06                1500                   2
                   3               33110               56710        -1.08925e+06                1500                   2
                   4               33110               56380        -1.02604e+06                1500                   2
                   5               32985               56145             -962821                1500                   2
                   6               32560               55830             -899856                1500                   2
                   7               32560               55830             -837737                1500                   2
                   8               32560               55940             -775617                1500                   2
                   9               32560               55830             -726802                1500                   2
                  10               32560               55405             -664692                1500                   2
                  11               32560               55310             -602573                1500                   2
                  12               32560               55310             -540454                1500                   2
                  13               32340               54995             -478338                1500                   2
                  14               32135               54460             -417702                1500                   2
                  15               32025               54790             -361738                1500                   2
                  16               32025               54790             -301867                1500                   2
                  17               31915               54915             -240821                1500                   2
                  18               31680               54665             -198768                1500                   2
                  19               31680               54900             -139453                1500                   2
                  20               30785               51585            -96226.4                1500                   2
                  21               30785               51915            -57705.6                1500                   2
                  22               29700               49400            -34286.3                1500                   2
                  23               26190               50450            -17761.5                1500                   2
                  24               23000               46490              -14063                1500                   2
                  25               21790               45170            -12922.9                1500                   2
                  26               21225               45435            -10654.9                1500                   2
                  27               19450               47940            -9802.52                1500                   1
                  28               19010               44430            -7793.02                1500                   1
                  29               17155               52680            -15240.5                1500                   1
                  30               17155               50795            -7605.65                1500                   1
                  31               16620               38165            -3712.03                1500                   1
                  32               14735               38715            -2452.48                1500                   1
                  33               14075               29520            -1141.31                1500                   1
                  34               12300               42580            -1371.02                1500                   1
                  35               11970               35855            -1808.21                1500                   1
                  36               11530               32965             -805.77                1500                   1
                  37               11405               60215            -12295.7                1500                   1
                  38               11405               59255            -6571.91                1500                   1
                  39               11405               46085            -3146.11                1500                   1
                  40               11405               42990            -1297.98                1500                   1
                  41               10980               35775            -595.339                1500                   1
                  42               10855               27540             218.421                1500                   1
                  43               10180               57710            -9186.52                1500                   1
                  44               10180               55260            -5591.71                1500                   1
                  45               10070               36720            -1220.67                1500                   1
                  46                9835               30545            -228.749                1500                   1
                  47                9175               57805            -7327.24                1500                   1
                  48                9175               56015             -3678.3                1500                   1
                  49                8750               40785            -941.964                1500                   1
                  50                8750               31880             133.593                1500                   1
                  51                8750               29135             620.176                1500                   1
                  52                8420               45190            -4013.13                1500                   1
                  53                8420               37675            -1139.93                1500                 0.5
                  54                8310               29575             276.166                1500                 0.5
                  55                7210               21795             818.685                1500                 0.5
                  56                7210               19125             951.467                1500                 0.5
                  57                7195               42265            -525.135                1500                 0.5
                  58                7195               36110             174.985                1500                 0.5
                  59                6960               25645             964.253                1500                 0.5
                  60                6960               20430             1448.18                1500                 0.5
                  61                6835               42205            -315.783                1500                 0.5
                  62                6835               32935             705.346                1500                 0.5
                  63                6835               27125             1132.91                1500                 0.5
                  64                6835               16380             1474.33                1500                 0.5
                  65                6835               43685              -802.6                1500                 0.5
                  66                6835               29305             942.251                1500                 0.5
                  67                6835               32540             797.329                1500                 0.5
                  68                6835               19110             1644.32             1644.32                 0.5
                  69                6725               38770            -1029.46             1644.32                 0.5
                  70                6725               33740            -66.7571             1644.32                 0.5
                  71                6725               19440             1333.89             1644.32                 0.5
                  72                6725               32385             177.979             1644.32                 0.5
                  73                6725               24230             1160.64             1644.32                 0.5
                  74                6725               23870             1221.12             1644.32                 0.5
                  75                6725               35405             882.675             1644.32                 0.5
                  76                6725               19175             1506.07             1644.32                 0.5
                  77                6725               14290             1720.19             1720.19                 0.5
                  78                6725               43480            -546.537             1720.19                 0.5
                  79                6725               35670              199.23             1720.19                 0.5
                  80                6725               21405             1268.95             1720.19                 0.5
                  81                6725               33975             620.518             1720.19                 0.5
                  82                6725               28065             1192.45             1720.19                 0.5
                  83                6725               31385             1234.68             1720.19                 0.5
                  84                6725               19035             1570.71             1720.19                 0.5
                  85                6725               38215            -66.6914             1720.19                 0.5
                  86                6725               26950             902.008             1720.19                 0.5
                  87                6725               22285             1351.42             1720.19                 0.5
                  88                6725               15685             1571.15             1720.19                 0.5
                  89                6725               11945             1738.24             1738.24                 0.5
                  90                6725               12055             1657.54             1738.24                 0.5
                  91                6725               36255             -788.67             1738.24                 0.5
                  92                6725               30880             201.885             1738.24                 0.5
                  93                6725               24830             764.365             1738.24                 0.5
                  94                6725               20385             1040.59             1738.24                 0.5
                  95                6725               34350             948.958             1738.24                 0.5
                  96                6725               24910             1605.82             1738.24                 0.5
                  97                6725               38515             551.686             1738.24                 0.5
                  98                6725               27755             1186.53             1738.24                 0.5
                  99                6725               31050             1324.72             1738.24                 0.5
                 100                6725               20195             1104.35             1738.24                 0.5
                 101                6725               16425             1616.29             1738.24                 0.5
                 102                6725               39475             139.534             1738.24                 0.5
                 103                6725               27390             896.703             1738.24                 0.5
                 104                6725               21890             1206.45             1738.24                 0.5
                 105                6725               28930             1339.31             1738.24                 0.5
                 106                6725               18105             1734.14             1738.24                 0.5
                 107                6725               35385            -164.866             1738.24                 0.5
                 108                6725               25755             905.865             1738.24                 0.5
                 109                6725               22145             1424.12             1738.24                 0.5
                 110                6725               30425             602.949             1738.24                 0.5
                 111                6725               26370             1141.29             1738.24                 0.5
                 112                6725               22380              1338.1             1738.24                 0.5
                 113                6725               30815             1010.81             1738.24                 0.5
                 114                6725               16800             1639.13             1738.24                 0.5
                 115                6505               30660            -256.171             1738.24                0.25
                 116                6505               29765             517.865             1738.24                0.25
                 117                6505               27800             879.775             1738.24                0.25
                 118                6505               20635             1553.97             1738.24                0.25
                 119                6505               14885             1720.93             1738.24                0.25
                 120                6505               14020             1813.86             1813.86                0.25
                 121                6505               27770             1119.41             1813.86                0.25
                 122                6505               23355             1446.41             1813.86                0.25
                 123                6505               12750             1849.98             1849.98                0.25
                 124                6505               19080             1354.58             1849.98                0.25
                 125                6505               14980             1578.37             1849.98                0.25
                 126                6505               15105             1675.86             1849.98                0.25
                 127                6505                9795             1856.83             1856.83                0.25
                 128                6505               30850             268.603             1856.83                0.25
                 129                6505               28650             816.554             1856.83                0.25
                 130                6505               22820              1133.6             1856.83                0.25
                 131                6505               13095             1623.85             1856.83                0.25
                 132                6505               10865             1770.71             1856.83                0.25
                 133                6505               28915             594.375             1856.83                0.25
                 134                6505               23070             1276.23             1856.83                0.25
                 135                6505               13300             1807.16             1856.83                0.25
                 136                6505                7030             1888.23             1888.23                0.25
                 137                6505               31180            -862.668             1888.23                0.25
                 138                6505               30645             -88.948             1888.23                0.25
                 139                6505               28305              576.16             1888.23                0.25
                 140                6505               18060             1397.28             1888.23                0.25
                 141                6505               12515              1536.2             1888.23                0.25
                 142                6505               16960             1297.85             1888.23                0.25
                 143                6505               14555             1632.66             1888.23                0.25
                 144                6505               17510             1711.52             1888.23                0.25
                 145                6505               15985             1648.14             1888.23                0.25
                 146                6505               10425             1856.07             1888.23                0.25
                 147                6505               24845             905.356             1888.23                0.25
                 148                6505               20980             1376.25             1888.23                0.25
                 149                6505               12515             1631.39             1888.23                0.25
                 150                6505               10315             1826.07             1888.23                0.25
                 151                6505               29025              488.43             1888.23                0.25
                 152                6505               26150             1179.89             1888.23                0.25
                 153                6505               11665             1753.89             1888.23                0.25
                 154                6505               24000             924.673             1888.23                0.25
                 155                6505               20920             1342.33             1888.23                0.25
                 156                6505               13440             1836.32             1888.23                0.25
                 157                6505               19505             860.572             1888.23                0.25
                 158                6505               18265             1524.32             1888.23                0.25
                 159                6505               11005             1899.86             1899.86                0.25
                 160                6505               21140             286.045             1899.86                0.25
                 161                6505               19820             1211.18             1899.86                0.25
                 162                6505               15750             1518.76             1899.86                0.25
                 163                6505               16520             1582.05             1899.86                0.25
                 164                6505               10895             1781.69             1899.86                0.25
                 165                6505               27785             1063.79             1899.86                0.25
                 166                6505               18720             1452.86             1899.86                0.25
                 167                6505               11320             1844.35             1899.86                0.25
                 168                6505               22240             732.237             1899.86                0.25
                 169                6505               22395             1368.45             1899.86                0.25
                 170                6505               12090             1760.68             1899.86                0.25
                 171                6505                9560             1898.17             1899.86                0.25
                 172                6505               31495             -221.92             1899.86                0.25
                 173                6505               31165             540.603             1899.86                0.25
                 174                6505               27755             994.792             1899.86                0.25
                 175                6505               11635             1500.83             1899.86                0.25
                 176                6505               10675             1718.39             1899.86                0.25
                 177                6505               23480             320.233             1899.86                0.25
                 178                6505               21595             1056.74             1899.86                0.25
                 179                6505               20605                1443             1899.86                0.25
                 180                6505                9875             1841.47             1899.86                0.25
                 181                6505                8320             1905.47             1905.47                0.25
                 182                6505               29750            -1028.75             1905.47                0.25
                 183                6505               27110            -119.322             1905.47                0.25
                 184                6505               25115             655.331             1905.47                0.25
                 185                6505               18610             1056.74             1905.47                0.25
                 186                6505               18295             1276.26             1905.47                0.25
                 187                6505               13565             1481.65             1905.47                0.25
                 188                6505               11995             1667.02             1905.47                0.25
                 189                6505               26150             1034.93             1905.47                0.25
                 190                6505               22190             1542.64             1905.47                0.25
                 191                6505               16080             1683.81             1905.47                0.25
                 192                6505               12010             1818.38             1905.47                0.25
                 193                6505               21815             1018.61             1905.47                0.25
                 194                6505               17825              1537.1             1905.47                0.25
                 195                6505               14540             1579.01             1905.47                0.25
                 196                6505                9670             1893.16             1905.47                0.25
                 197                6505               24895             129.787             1905.47                0.25
                 198                6505               23795             958.821             1905.47                0.25
                 199                6505               20480             1281.71             1905.47                0.25
                 200                6505               13770             1678.47             1905.47                0.25
                 201                6505               12075             1806.23             1905.47                0.25
                 202                6505               25350              1132.8             1905.47                0.25
                 203                6505               18940             1586.42             1905.47                0.25
                 204                6505               15875             1598.89             1905.47                0.25
                 205                6505               13990             1782.56             1905.47                0.25
                 206                6505               19270             1590.91             1905.47                0.25
                 207                6505               13190             1794.21             1905.47               0.125
                 208                6505               10440             1910.72             1910.72               0.125
                 209                6505               13505             1686.94             1910.72               0.125
                 210                6505               11400             1799.27             1910.72               0.125
                 211                6505               11930             1814.97             1910.72               0.125
                 212                6505               11915             1927.74             1927.74               0.125
                 213                6505               15075             1830.16             1927.74               0.125
                 214                6505               10535             1558.34             1927.74               0.125
                 215                6505                9215             1899.21             1927.74               0.125
                 216                6505                8335             1931.76             1931.76               0.125
                 217                6505               13440             1032.86             1931.76               0.125
                 218                6505               12780             1536.28             1931.76               0.125
                 219                6505               11885             1664.18             1931.76               0.125
                 220                6505               10235             1840.33             1931.76               0.125
                 221                6505                7675             1916.15             1931.76               0.125
                 222                6505               18390             1196.16             1931.76               0.125
                 223                6505               16520             1574.38             1931.76               0.125
                 224                6505               14085             1683.97             1931.76               0.125
                 225                6505                8665             1918.64             1931.76               0.125
                 226                6505               14070             718.756             1931.76               0.125
                 227                6505               14070             1241.95             1931.76               0.125
                 228                6505               14070             1555.84             1931.76               0.125
                 229                6505                9875             1786.88             1931.76               0.125
                 230                6505                8225             1814.76             1931.76               0.125
                 231                6505                7580              1955.8              1955.8               0.125
                 232                6505               14730             976.853              1955.8               0.125
                 233                6505               14730             1470.59              1955.8               0.125
                 234                6505               11635             1620.22              1955.8               0.125
                 235                6505                6890             1756.18              1955.8               0.125
                 236                6505                6890              1890.3              1955.8               0.125
                 237                6505               15830             1155.69              1955.8               0.125
                 238                6505               14855             1585.88              1955.8               0.125
                 239                6505               10425             1654.35              1955.8               0.125
                 240                6505               10205             1559.55              1955.8               0.125
                 241                6505                9875             1925.86              1955.8               0.125
                 242                6505                9105             1957.49             1957.49               0.125
                 243                6505               13960             1253.19             1957.49               0.125
                 244                6505               12625             1707.35             1957.49               0.125
                 245                6505                6905              1838.8             1957.49               0.125
                 246                6505                6355              1953.9             1957.49               0.125
                 247                6505               15155             1126.98             1957.49               0.125
                 248                6505               13960             1479.38             1957.49               0.125
                 249                6505               12955             1604.11             1957.49               0.125
                 250                6505                8255             1766.16             1957.49               0.125
                 251                6505                8225             1844.13             1957.49               0.125
                 252                6505               12245             1497.77             1957.49               0.125
                 253                6505               10580             1781.89             1957.49               0.125
                 254                6505                7675             1727.38             1957.49               0.125
                 255                6505                6905             1936.46             1957.49               0.125
                 256                6505               16820             515.649             1957.49               0.125
                 257                6505               14070             1002.87             1957.49               0.125
                 258                6505               13520             1498.73             1957.49               0.125
                 259                6505               11540             1632.83             1957.49               0.125
                 260                6505                9765             1709.25             1957.49               0.125
                 261                6505                8115             1852.87             1957.49               0.125
                 262                6505               16945             1528.32             1957.49               0.125
                 263                6505               11760             1730.07             1957.49               0.125
                 264                6505                9685             1638.08             1957.49               0.125
                 265                6505                7690             1968.29             1968.29               0.125
                 266                6505               12640              1446.9             1968.29               0.125
                 267                6505               11760             1757.16             1968.29               0.125
                 268                6505                8775             1683.24             1968.29               0.125
                 269                6505                6890             1935.48             1968.29               0.125
                 270                6505               15500             692.852             1968.29               0.125
                 271                6505               14965             1256.33             1968.29               0.125
                 272                6505               12765             1608.88             1968.29               0.125
                 273                6505               10770             1712.35             1968.29               0.125
                 274                6505               11445             1451.63             1968.29               0.125
                 275                6505               11445             1726.38             1968.29               0.125
                 276                6505                9355             1877.23             1968.29               0.125
                 277                6505               12940             1576.69             1968.29               0.125
                 278                6505               11510             1842.37             1968.29               0.125
                 279                6505               10660                1640             1968.29               0.125
                 280                6505               10660              1862.1             1968.29               0.125
                 281                6505                9750              1746.8             1968.29               0.125
                 282                6505                7990             1877.77             1968.29               0.125
                 283                6505               13975             1077.66             1968.29               0.125
                 284                6505               13205             1488.96             1968.29               0.125
                 285                6505               10785             1772.53             1968.29               0.125
                 286                6505                9040             1825.85             1968.29               0.125
                 287                6505                9560             1723.46             1968.29               0.125
                 288                6505                7675             1886.14             1968.29               0.125
                 289                6505                8900             1363.05             1968.29               0.125
                 290                6505                8900             1686.18             1968.29               0.125
                 291                6505                7360             1831.34             1968.29              0.0625
                 292                6505                9215             1844.62             1968.29              0.0625
                 293                6505                7440             1966.81             1968.29              0.0625
                 294                6505                9655             1668.64             1968.29              0.0625
                 295                6505                8335             1865.61             1968.29              0.0625
                 296                6505                7000             1896.89             1968.29              0.0625
                 297                6505                8335              1841.3             1968.29              0.0625
                 298                6505                7235             1949.87             1968.29              0.0625
                 299                6505                9750             1674.29             1968.29              0.0625
                 300                6505                8210             1900.99             1968.29              0.0625
                 301                6505                7110              1926.3             1968.29              0.0625
                 302                6505                6905             1642.75             1968.29              0.0625
                 303                6505                6905             1910.51             1968.29              0.0625
                 304                6505                6905                1924             1968.29              0.0625
                 305                6505                6905             1935.97             1968.29              0.0625
                 306                6505                7110             1513.58             1968.29              0.0625
                 307                6505                7110             1797.13             1968.29              0.0625
                 308                6505                7110             1873.31             1968.29              0.0625
                 309                6505                7110             1880.66             1968.29              0.0625
                 310                6505                6905             1787.66             1968.29              0.0625
                 311                6505                6905             1933.13             1968.29              0.0625
                 312                6505                8430             1622.27             1968.29              0.0625
                 313                6505                7110             1854.94             1968.29              0.0625
                 314                6505                7110             1910.67             1968.29              0.0625
                 315                6505                7110             1919.84             1968.29              0.0625
                 316                6505                6795             1614.71             1968.29              0.0625
                 317                6505                6795             1819.77             1968.29             0.03125
                 318                6505                6795             1902.17             1968.29             0.03125
                 319                6505                6450             1950.36             1968.29             0.03125
                 320                6505                6230             2004.81             2004.81             0.03125
                 321                6505                6230             1829.09             2004.81             0.03125
                 322                6505                6230             1946.72             2004.81             0.03125
                 323                6505                6230             1948.23             2004.81             0.03125
                 324                6505                5790             1887.76             2004.81             0.03125
                 325                6505                5790             1950.31             2004.81             0.03125
                 326                6505                5790             2018.18             2018.18             0.03125
                 327                6505                6135             1791.61             2018.18             0.03125
                 328                6505                5790              1921.9             2018.18             0.03125
                 329                6505                5790             1959.49             2018.18             0.03125
                 330                6505                6135             1730.95             2018.18             0.03125
                 331                6505                5790             1871.13             2018.18             0.03125
                 332                6505                5790             1983.15             2018.18             0.03125
                 333                6505                4470              2022.8              2022.8             0.03125
                 334                6505                6575             1509.64              2022.8             0.03125
                 335                6505                5365             1648.01              2022.8             0.03125
                 336                6505                6575              1787.8              2022.8             0.03125
                 337                6505                6230             1890.67              2022.8             0.03125
                 338                6505                6230             1926.51              2022.8             0.03125
                 339                6505                6450             1926.65              2022.8             0.03125
                 340                6505                6025              1809.6              2022.8             0.03125
                 341                6505                6025             1949.18              2022.8             0.03125
                 342                6505                6025             1979.65              2022.8             0.03125
                 343                6505                6010             1983.21              2022.8             0.03125
                 344                6505                6905             1728.83              2022.8             0.03125
                 345                6505                6905             1868.89              2022.8             0.03125
                 346                6505                6905             1941.68              2022.8             0.03125
                 347                6505                6905             1999.62              2022.8             0.03125
                 348                6505                6010             1823.22              2022.8             0.03125
                 349                6505                6010             1961.89              2022.8             0.03125
                 350                6505                6010             1978.13              2022.8             0.03125
                 351                6505                6010             1979.51              2022.8             0.03125
                 352                6505                6010             1951.03              2022.8             0.03125
                 353                6505                6010             1979.16              2022.8             0.03125
                 354                6505                5915             1669.95              2022.8             0.03125
                 355                6505                5570             1806.64              2022.8             0.03125
                 356                6505                5570             1924.71              2022.8             0.03125
                 357                6505                5570             1984.18              2022.8             0.03125
                 358                6505                8775             1675.34              2022.8             0.03125
                 359                6505                6355             1813.48              2022.8            0.015625
                 360                6505                6355             1882.09              2022.8            0.015625
                 361                6505                6010             1951.93              2022.8            0.015625
                 362                6505                6010             1974.99              2022.8            0.015625
                 363                6505                6135             1899.67              2022.8            0.015625
                 364                6505                5790             1969.47              2022.8            0.015625
                 365                6505                5790             2008.99              2022.8            0.015625
                 366                6505                5790             2022.85             2022.85            0.015625
                 367                6505                6245             1954.76             2022.85            0.015625
                 368                6505                6245             1998.87             2022.85            0.015625
                 369                6505                6245             2013.73             2022.85            0.015625
                 370                6505                5790             1900.72             2022.85            0.015625
                 371                6505                5790             1964.03             2022.85            0.015625
                 372                6505                5790             2020.71             2022.85            0.015625
                 373                6505                5790             2024.32             2024.32            0.015625
                 374                6505                5790             2025.43             2025.43            0.015625
                 375                6505                6355              1929.6             2025.43            0.015625
                 376                6505                6010             1972.52             2025.43            0.015625
                 377                6505                6010             2003.57             2025.43            0.015625
                 378                6505                6010             1923.64             2025.43            0.015625
                 379                6505                6010             1993.63             2025.43            0.015625
                 380                6505                6010             2025.85             2025.85            0.015625
                 381                6505                6010             2030.78             2030.78            0.015625
                 382                6505                6010             1878.46             2030.78            0.015625
                 383                6505                6010             1948.37             2030.78            0.015625
                 384                6505                6010              1999.6             2030.78            0.015625
                 385                6505                6135             1875.77             2030.78            0.015625
                 386                6505                5790             1943.41             2030.78            0.015625
                 387                6505                5790             2012.93             2030.78            0.015625
                 388                6505                5790             2029.92             2030.78            0.015625
                 389                6505                5790              2030.9              2030.9            0.015625
                 390                6505                6010             1919.96              2030.9            0.015625
                 391                6505                6010             1988.35              2030.9            0.015625
                 392                6505                6010             1998.16              2030.9            0.015625
                 393                6505                6355             1931.27              2030.9            0.015625
                 394                6505                6010             1986.31              2030.9            0.015625
                 395                6505                6010             2033.79             2033.79            0.015625
                 396                6505                6010             2034.25             2034.25            0.015625
                 397                6505                6010             1965.68             2034.25            0.015625
                 398                6505                6010             2008.97             2034.25            0.015625
                 399                6505                6135             1836.29             2034.25            0.015625
                 400                6505                5790             1905.94             2034.25            0.015625
                 401                6505                5790             1972.39             2034.25            0.015625
                 402                6505                5790             2018.12             2034.25            0.015625
                 403                6505                5790             2022.53             2034.25            0.015625
                 404                6505                5790             2023.71             2034.25            0.015625
                 405                6505                6010             1891.24             2034.25            0.015625
                 406                6505                6010             1961.09             2034.25            0.015625
                 407                6505                6010             2004.78             2034.25            0.015625
                 408                6505                5790             1875.89             2034.25            0.015625
                 409                6505                5790             1945.75             2034.25            0.015625
                 410                6505                5790             2002.47             2034.25            0.015625
                 411                6505                5790             2025.15             2034.25            0.015625
                 412                6505                6010             1930.27             2034.25            0.015625
                 413                6505                6010             1997.65             2034.25            0.015625
                 414                6505                6010             2014.92             2034.25            0.015625
                 415                6505                5790             1862.73             2034.25            0.015625
                 416                6505                5790             1932.59             2034.25            0.015625
                 417                6505                5790             1989.27             2034.25            0.015625
                 418                6505                5790             2015.93             2034.25            0.015625
                 419                6505                6355             1876.06             2034.25            0.015625
                 420                6505                6010             1945.64             2034.25            0.015625
                 421                6505                6010             2007.47             2034.25            0.015625
                 422                6505                6010             2016.14             2034.25           0.0078125
Lagrangian Relaxation Time: 6.04085 s.
Tried aggregator 1 time.
MIP Presolve eliminated 272 rows and 644 columns.
MIP Presolve modified 106 coefficients.
Reduced MIP has 788 rows, 2568 columns, and 19749 nonzeros.
Reduced MIP has 1192 binaries, 0 generals, 0 SOSs, and 0 indicators.
Presolve time = 0.04 sec. (6.34 ticks)
Probing time = 0.02 sec. (2.65 ticks)
Tried aggregator 1 time.
MIP Presolve eliminated 64 rows and 128 columns.
Reduced MIP has 724 rows, 2440 columns, and 18840 nonzeros.
Reduced MIP has 1192 binaries, 0 generals, 0 SOSs, and 0 indicators.
Presolve time = 0.05 sec. (7.52 ticks)
Probing time = 0.01 sec. (2.61 ticks)
Clique table members: 100.
MIP emphasis: integer feasibility.
MIP search method: dynamic search.
Parallel mode: none, using 1 thread.
Root relaxation solution time = 0.42 sec. (84.59 ticks)

        Nodes                                         Cuts/
   Node  Left     Objective  IInf  Best Integer    Best Bound    ItCnt     Gap

*     0     0      integral     0     2050.0000     2050.0000     1191    0.00%
Elapsed time = 0.59 sec. (111.57 ticks, tree = 0.00 MB, solutions = 1)

Root node processing (before b&c):
  Real time             =    0.60 sec. (111.67 ticks)
Sequential b&c:
  Real time             =    0.00 sec. (0.00 ticks)
                          ------------
Total (root+branch&cut) =    0.60 sec. (111.67 ticks)

Root node processing (before b&c):
  Real time             =    0.00 sec. (0.04 ticks)
Sequential b&c:
  Real time             =    0.00 sec. (0.00 ticks)
                          ------------
Total (root+branch&cut) =    0.00 sec. (0.04 ticks)
Best Solution Found: 2050
Optimality Gap: 0.00774162
Solution is feasible
Total Time: 6.64136 s.
Best Solution: 2050
SubProblem Destroyed
...done!
