4
Instancias/Problem_0_71.txt
                   1               70415               70580                1500                1500                   2
                   2               33990               57700        -1.15422e+06                1500                   2
                   3               33110               56710        -1.08925e+06                1500                   2
                   4               33110               56380        -1.02604e+06                1500                   2
                   5               32985               56145             -962821                1500                   2
                   6               32560               55830             -899856                1500                   2
                   7               32560               55830             -837737                1500                   2
                   8               32560               55940             -775617                1500                   2
                   9               32560               55830             -726802                1500                   2
                  10               32560               55405             -664692                1500                   2
                  11               32560               55310             -602573                1500                   2
                  12               32560               55310             -540454                1500                   2
                  13               32340               54995             -478338                1500                   2
                  14               32135               54460             -417702                1500                   2
                  15               32025               54790             -361738                1500                   2
                  16               32025               54790             -301867                1500                   2
                  17               31915               54915             -240821                1500                   2
                  18               31680               54665             -198768                1500                   2
                  19               31680               54900             -139453                1500                   2
                  20               30785               51585            -96226.4                1500                   2
                  21               30785               51915            -57705.6                1500                   2
                  22               29700               49400            -34286.3                1500                   2
                  23               26190               50450            -17761.5                1500                   2
                  24               23000               46490              -14063                1500                   2
                  25               21790               45170            -12922.9                1500                   2
                  26               21225               45435            -10654.9                1500                   2
                  27               19450               47940            -9802.52                1500                   2
                  28               19010               42025             -7721.8                1500                   2
                  29               17895               50030            -13377.9                1500                   2
                  30               17580               44540            -6100.15                1500                   2
                  31               16825               39675            -4722.58                1500                   2
                  32               15020               52540            -10298.1                1500                   2
                  33               14800               46095            -4846.11                1500                   2
                  34               13560               62620            -39661.1                1500                   2
                  35               13560               61850              -23026                1500                   2
                  36               13560               55765              -13976                1500                   2
                  37               13340               51350            -8505.32                1500                   2
                  38               13230               44545            -5556.74                1500                   2
                  39               12680               42375            -3894.96                1500                   2
                  40               12240               45045            -4658.49                1500                   2
                  41               12130               31945            -1511.79                1500                   2
                  42               11800               47250            -4782.52                1500                   2
                  43               11550               32435            -1362.57                1500                   2
                  44               11000               67270            -45234.8                1500                   2
                  45               11000               66090            -29516.9                1500                   2
                  46               11000               62460              -17284                1500                   2
                  47               10670               54695            -10840.7                1500                   2
                  48               10340               49985            -6140.76                1500                   2
                  49               10340               41610            -2952.44                1500                   2
                  50                9555               61500            -17424.7                1500                   2
                  51                9555               56975            -9073.35                1500                   2
                  52                9555               46180            -4151.75                1500                   1
                  53                9350               40145            -1697.88                1500                   1
                  54                8785               45680            -2960.56                1500                   1
                  55                8785               39880            -756.672                1500                   1
                  56                8675               45710            -2238.13                1500                   1
                  57                8580               33815            -278.098                1500                   1
                  58                8580               25800             602.357                1500                   1
                  59                8265               24985             785.694                1500                   1
                  60                8265               58140            -8276.54                1500                   1
                  61                8265               52200            -4583.42                1500                   1
                  62                8265               42570            -1524.52                1500                   1
                  63                8265               41105            -766.542                1500                   1
                  64                8265               27295             599.021                1500                   1
                  65                8155               49435            -4585.47                1500                   1
                  66                8155               44500             -2464.9                1500                   1
                  67                8155               35215            -246.422                1500                   1
                  68                8155               25550             645.977                1500                   1
                  69                8155               54320            -6326.01                1500                   1
                  70                8155               51445            -3393.08                1500                   1
                  71                8155               37555             -1017.8                1500                   1
                  72                8155               26620             482.962                1500                   1
                  73                8155               51350            -3659.04                1500                   1
                  74                8155               40210            -1214.55                1500                   1
                  75                8155               34490             63.7005                1500                   1
                  76                8155               50805            -2174.96                1500                   1
                  77                8155               41095            -342.042                1500                   1
                  78                8155               41120            -597.303                1500                   1
                  79                8155               28160             837.303                1500                   1
                  80                8155               59080            -4236.26                1500                   1
                  81                8155               49590             -2002.9                1500                   1
                  82                8155               28360              303.13                1500                   1
                  83                8155               23195             958.798                1500                   1
                  84                8155               57310            -7393.02                1500                   1
                  85                8155               53445            -4366.37                1500                   1
                  86                8155               34865             -485.66                1500                   1
                  87                8155               30060             376.334                1500                   1
                  88                8155               45945             -2762.5                1500                   1
                  89                8155               36535            -824.108                1500                   1
                  90                8155               34665            -108.467                1500                   1
                  91                8155               22470              1151.8                1500                   1
                  92                7935               53015            -6062.78                1500                   1
                  93                7935               46320            -3300.18                1500                   1
                  94                7935               28650             105.986                1500                   1
                  95                7935               21355             1019.93                1500                   1
                  96                7935               24325             954.625                1500                   1
                  97                7935               49875            -5294.91                1500                   1
                  98                7935               41815            -1563.46                1500                   1
                  99                7935               26775             74.8687                1500                   1
                 100                7935               17805             1123.46                1500                   1
                 101                7935               49875            -9233.18                1500                   1
                 102                7935               46700            -5335.37                1500                   1
                 103                7935               40885            -2351.82                1500                 0.5
                 104                7935               31240            -60.6551                1500                 0.5
                 105                7730               24105               568.5                1500                 0.5
                 106                7730               22600             902.491                1500                 0.5
                 107                7730               38815             -49.314                1500                 0.5
                 108                7730               30580             755.815                1500                 0.5
                 109                7730               28005             1142.58                1500                 0.5
                 110                7730               30845             711.431                1500                 0.5
                 111                7730               20995             1416.29                1500                 0.5
                 112                7730               42315            -483.731                1500                 0.5
                 113                7730               37160             330.363                1500                 0.5
                 114                7730               20495             1312.62                1500                 0.5
                 115                7730               12950             1604.78             1604.78                 0.5
                 116                7730               45160            -3325.04             1604.78                 0.5
                 117                7730               43540            -1533.39             1604.78                 0.5
                 118                7730               33955            -303.812             1604.78                 0.5
                 119                7730               26355             501.995             1604.78                 0.5
                 120                7730               27905             811.019             1604.78                 0.5
                 121                7730               33000             1041.77             1604.78                 0.5
                 122                7730               17760             1605.96             1605.96                 0.5
                 123                7730               38405            -751.524             1605.96                 0.5
                 124                7730               33110             145.326             1605.96                 0.5
                 125                7730               26320             912.428             1605.96                 0.5
                 126                7730               28300             1028.22             1605.96                 0.5
                 127                7730               21010             1447.74             1605.96                 0.5
                 128                7730               39615            -124.649             1605.96                 0.5
                 129                7730               27910               882.1             1605.96                 0.5
                 130                7730               19660             1344.68             1605.96                 0.5
                 131                7730               37950             8.62545             1605.96                 0.5
                 132                7730               23195             1373.94             1605.96                 0.5
                 133                7730               32735             152.747             1605.96                 0.5
                 134                7730               26765             880.325             1605.96                 0.5
                 135                7730               26135             1225.76             1605.96                 0.5
                 136                7730               24970             1324.46             1605.96                 0.5
                 137                7730               15890             1669.91             1669.91                 0.5
                 138                7730               41800            -2330.04             1669.91                 0.5
                 139                7730               38925            -470.665             1669.91                 0.5
                 140                7730               30000             323.424             1669.91                 0.5
                 141                7730               20025             986.209             1669.91                 0.5
                 142                7730               17700             1471.59             1669.91                 0.5
                 143                7730               41755            -1190.72             1669.91                 0.5
                 144                7730               36130             101.066             1669.91                 0.5
                 145                7730               23055             1446.95             1669.91                 0.5
                 146                7730               36565             457.559             1669.91                 0.5
                 147                7730               20225             1415.95             1669.91                 0.5
                 148                7730               37635            -12.9506             1669.91                 0.5
                 149                7730               28995             873.841             1669.91                 0.5
                 150                7730               27735             1234.43             1669.91                 0.5
                 151                7730               11570             1787.84             1787.84                 0.5
                 152                7730               45680            -3991.96             1787.84                 0.5
                 153                7730               44910            -2572.32             1787.84                 0.5
                 154                7730               38815            -949.999             1787.84                 0.5
                 155                7730               24640             790.501             1787.84                 0.5
                 156                7730               19300             1115.64             1787.84                 0.5
                 157                7730               40715            -650.372             1787.84                 0.5
                 158                7730               36050              447.63             1787.84                 0.5
                 159                7730               19175             1414.04             1787.84                 0.5
                 160                7730               13330             1719.93             1787.84                 0.5
                 161                7730               48300            -3643.54             1787.84                 0.5
                 162                7730               47420            -1934.21             1787.84                 0.5
                 163                7730               28850             283.813             1787.84                 0.5
                 164                7730               22020             1034.32             1787.84                 0.5
                 165                7730               20370             1435.26             1787.84                 0.5
                 166                7730               37305            -298.919             1787.84                 0.5
                 167                7730               29780             706.395             1787.84                 0.5
                 168                7730               20400             1350.49             1787.84                 0.5
                 169                7730               33235             178.848             1787.84                 0.5
                 170                7730               30360             957.016             1787.84                 0.5
                 171                7730               18370             1517.36             1787.84                 0.5
                 172                7730               35830            -509.081             1787.84                 0.5
                 173                7730               30565             489.694             1787.84                 0.5
                 174                7730               17180             1536.72             1787.84                 0.5
                 175                7730               14695              1648.6             1787.84                 0.5
                 176                7730               44770            -2828.26             1787.84                 0.5
                 177                7730               39410            -790.122             1787.84                 0.5
                 178                7730               20885             970.342             1787.84                 0.5
                 179                7730               31885             222.733             1787.84                 0.5
                 180                7730               22710             1248.89             1787.84                 0.5
                 181                7730               23400             1196.46             1787.84                 0.5
                 182                7730               24880             830.099             1787.84                 0.5
                 183                7730               18720             1434.46             1787.84                 0.5
                 184                7730               30220            -36.0975             1787.84                 0.5
                 185                7730               28005              693.84             1787.84                 0.5
                 186                7730               22820             1506.85             1787.84                 0.5
                 187                7730               26860             809.921             1787.84                 0.5
                 188                7730               16065             1602.13             1787.84                 0.5
                 189                7730               37905            -1440.21             1787.84                 0.5
                 190                7730               35940             279.125             1787.84                 0.5
                 191                7730               18155             1377.04             1787.84                 0.5
                 192                7730               17825             1627.33             1787.84                 0.5
                 193                7730               34710            -1226.19             1787.84                 0.5
                 194                7730               32180             182.388             1787.84                 0.5
                 195                7730               21125             1148.75             1787.84                 0.5
                 196                7730               14415             1477.58             1787.84                 0.5
                 197                7730               12795             1598.19             1787.84                 0.5
                 198                7730               40620            -3351.32             1787.84                 0.5
                 199                7730               39000            -1419.18             1787.84                 0.5
                 200                7730               29605            -38.8176             1787.84                 0.5
                 201                7730               22175              833.71             1787.84                 0.5
                 202                7730               20475              1280.2             1787.84                0.25
                 203                7730               16125             1602.52             1787.84                0.25
                 204                7730               20745             1256.25             1787.84                0.25
                 205                7730               16080             1592.62             1787.84                0.25
                 206                7730               22175             1469.38             1787.84                0.25
                 207                7730               12780             1692.44             1787.84                0.25
                 208                7730               23055             1179.04             1787.84                0.25
                 209                7730               10485             1735.94             1787.84                0.25
                 210                7730               10060             1808.43             1808.43                0.25
                 211                7730               29070             90.1499             1808.43                0.25
                 212                7730               25505             765.561             1808.43                0.25
                 213                7730               13880             1492.86             1808.43                0.25
                 214                7730               24155             1252.76             1808.43                0.25
                 215                7730               16835             1742.91             1808.43                0.25
                 216                7730               19900             1461.03             1808.43                0.25
                 217                7730               13945             1629.48             1808.43                0.25
                 218                7730               18735             1281.01             1808.43                0.25
                 219                7730               13110             1565.34             1808.43                0.25
                 220                7730               15985             1497.76             1808.43                0.25
                 221                7730               12765             1735.46             1808.43                0.25
                 222                7730               20275             698.316             1808.43                0.25
                 223                7730               18060             1286.15             1808.43                0.25
                 224                7730               16755             1631.78             1808.43                0.25
                 225                7730               12845             1801.34             1808.43                0.25
                 226                7730               24015             814.805             1808.43                0.25
                 227                7730               22270             1304.76             1808.43                0.25
                 228                7730               13990             1762.18             1808.43                0.25
                 229                7730               28330             970.475             1808.43                0.25
                 230                7730               24575             1305.68             1808.43                0.25
                 231                7730               11145             1779.29             1808.43                0.25
                 232                7730               28980             455.193             1808.43                0.25
                 233                7730               24580               966.9             1808.43                0.25
                 234                7730               10550             1678.98             1808.43                0.25
                 235                7730               10190             1768.73             1808.43                0.25
                 236                7730                8210             1837.87             1837.87                0.25
                 237                7730               26890            -1686.09             1837.87                0.25
                 238                7730               27345            -285.673             1837.87                0.25
                 239                7730               24155             606.753             1837.87                0.25
                 240                7730               15355             1257.21             1837.87                0.25
                 241                7730               11600             1470.62             1837.87                0.25
                 242                7730               27630             401.144             1837.87                0.25
                 243                7730               22555             1374.36             1837.87                0.25
                 244                7730               11460             1705.97             1837.87                0.25
                 245                7730               10360             1853.72             1853.72                0.25
                 246                7730               30880            -90.3971             1853.72                0.25
                 247                7730               28240              671.78             1853.72                0.25
                 248                7730               13315             1506.41             1853.72                0.25
                 249                7730               22160             775.601             1853.72                0.25
                 250                7730               17965             1560.49             1853.72                0.25
                 251                7730               13315             1556.87             1853.72                0.25
                 252                7730               11005             1837.61             1853.72                0.25
                 253                7730               29370            -419.584             1853.72                0.25
                 254                7730               28930             628.285             1853.72                0.25
                 255                7730               21200             1068.32             1853.72                0.25
                 256                7730               11965             1556.66             1853.72                0.25
                 257                7730               11525             1742.35             1853.72                0.25
                 258                7730               18375             945.002             1853.72                0.25
                 259                7730               15720             1466.88             1853.72                0.25
                 260                7730               11540             1653.18             1853.72                0.25
                 261                7730               22130               554.4             1853.72                0.25
                 262                7730               17385             1461.89             1853.72                0.25
                 263                7730               14870             1662.43             1853.72                0.25
                 264                7730                7140             1878.46             1878.46                0.25
                 265                7620               28020            -831.657             1878.46                0.25
                 266                7620               25255           0.0869512             1878.46                0.25
                 267                7620               20510             585.139             1878.46                0.25
                 268                7620               13975             1243.14             1878.46                0.25
                 269                7620               12010             1406.32             1878.46                0.25
                 270                7620               16660             1239.83             1878.46                0.25
                 271                7620               11695             1511.91             1878.46                0.25
                 272                7620               15215             1633.98             1878.46                0.25
                 273                7620               16410             1529.99             1878.46                0.25
                 274                7620               11085             1762.29             1878.46                0.25
                 275                7620               23700             124.937             1878.46                0.25
                 276                7620               22130             990.293             1878.46                0.25
                 277                7620               12435             1442.44             1878.46                0.25
                 278                7620               16960              1533.5             1878.46                0.25
                 279                7620               12010             1789.41             1878.46                0.25
                 280                7620               22565              466.29             1878.46                0.25
                 281                7620               20980             1163.79             1878.46                0.25
                 282                7620               13125             1735.81             1878.46                0.25
                 283                7620               23875             533.308             1878.46                0.25
                 284                7620               21690             1237.31             1878.46                0.25
                 285                7620               12530             1683.89             1878.46                0.25
                 286                7620                9875             1822.92             1878.46                0.25
                 287                7620               25775            -425.952             1878.46                0.25
                 288                7620               24660             636.857             1878.46                0.25
                 289                7620               19615             967.251             1878.46                0.25
                 290                7620               12875             1662.68             1878.46                0.25
                 291                7620               31745             427.995             1878.46                0.25
                 292                7620               27235             1145.55             1878.46                0.25
                 293                7620               14510              1585.2             1878.46                0.25
                 294                7620                9435             1860.06             1878.46                0.25
                 295                7620               29590            -979.166             1878.46                0.25
                 296                7620               27705             139.033             1878.46                0.25
                 297                7620               25960             677.917             1878.46                0.25
                 298                7620               13330             1467.59             1878.46                0.25
                 299                7620               10740             1594.11             1878.46                0.25
                 300                7620               24140            -16.6456             1878.46                0.25
                 301                7620               21735             885.846             1878.46                0.25
                 302                7620               18025             1487.76             1878.46                0.25
                 303                7620               16850             1527.05             1878.46                0.25
                 304                7620               13850             1736.93             1878.46                0.25
                 305                7620               10520             1817.19             1878.46                0.25
                 306                7620               27990             708.951             1878.46                0.25
                 307                7620               19990             1146.93             1878.46                0.25
                 308                7620               11790             1529.67             1878.46                0.25
                 309                7620                9905             1775.26             1878.46                0.25
                 310                7620               27535             -68.336             1878.46                0.25
                 311                7620               27865             702.191             1878.46                0.25
                 312                7620               19930             1053.64             1878.46                0.25
                 313                7620               18985             1468.72             1878.46                0.25
                 314                7620               14870             1801.39             1878.46                0.25
                 315                7620               26405             949.651             1878.46               0.125
                 316                7620               24550             1211.48             1878.46               0.125
                 317                7620               13960             1668.94             1878.46               0.125
                 318                7620               10770             1873.61             1878.46               0.125
                 319                7620               13850              1594.5             1878.46               0.125
                 320                7620               13190              1778.5             1878.46               0.125
                 321                7620               10235             1697.09             1878.46               0.125
                 322                7620                9230             1856.93             1878.46               0.125
                 323                7620               16000             1394.42             1878.46               0.125
                 324                7620               13360             1677.86             1878.46               0.125
                 325                7620               10110             1796.31             1878.46               0.125
                 326                7620                7455             1926.79             1926.79               0.125
                 327                7620               14400             957.418             1926.79               0.125
                 328                7620               13190             1495.99             1926.79               0.125
                 329                7620               11870             1586.04             1926.79               0.125
                 330                7620                8695             1732.57             1926.79               0.125
                 331                7620                8695             1871.43             1926.79               0.125
                 332                7620               14620             1432.09             1926.79               0.125
                 333                7620               12075             1688.71             1926.79               0.125
                 334                7620               13725             1741.77             1926.79               0.125
                 335                7620               10235             1806.51             1926.79               0.125
                 336                7620                8130             1921.61             1926.79               0.125
                 337                7620               14950             1277.04             1926.79               0.125
                 338                7620               14730             1605.08             1926.79               0.125
                 339                7620               12545             1651.79             1926.79               0.125
                 340                7620               10880             1842.46             1926.79               0.125
                 341                7620               13945             1193.66             1926.79               0.125
                 342                7620               11070             1742.25             1926.79               0.125
                 343                7620               12765             1677.44             1926.79               0.125
                 344                7620                9435             1884.92             1926.79               0.125
                 345                7620               14635             1041.43             1926.79               0.125
                 346                7620               14085             1618.11             1926.79               0.125
                 347                7620               10740             1731.81             1926.79               0.125
                 348                7620               11240             1457.92             1926.79               0.125
                 349                7620                8365             1874.16             1926.79               0.125
                 350                7620               15890             516.921             1926.79               0.125
                 351                7620               15215             1224.94             1926.79               0.125
                 352                7620               14650              1591.6             1926.79               0.125
                 353                7620               11445             1770.08             1926.79               0.125
                 354                7620                9545             1840.25             1926.79               0.125
                 355                7620               16410                1441             1926.79               0.125
                 356                7620               14855             1706.84             1926.79               0.125
                 357                7620                7440              1785.8             1926.79               0.125
                 358                7620                7235             1966.22             1966.22               0.125
                 359                7620                6230             1959.72             1966.22               0.125
                 360                7620                6890             1966.87             1966.87               0.125
                 361                7620               19270             520.593             1966.87               0.125
                 362                7620               17965             1019.73             1966.87               0.125
                 363                7620               15310             1332.93             1966.87               0.125
                 364                7620                8460             1699.72             1966.87               0.125
                 365                7620               17480             1297.25             1966.87               0.125
                 366                7620               14415             1751.93             1966.87               0.125
                 367                7620               12420             1840.55             1966.87               0.125
                 368                7620                8225             1897.55             1966.87               0.125
                 369                7620               10250             1406.61             1966.87               0.125
                 370                7620                9700              1673.1             1966.87               0.125
                 371                7620               15010             1570.72             1966.87               0.125
                 372                7620               13250             1850.57             1966.87               0.125
                 373                7620                8005             1688.47             1966.87               0.125
                 374                7620                6245             1898.01             1966.87               0.125
                 375                7620               14760             373.405             1966.87               0.125
                 376                7620               14085             1042.58             1966.87               0.125
                 377                7620               13300             1387.19             1966.87               0.125
                 378                7620                8995             1534.99             1966.87               0.125
                 379                7620                8995             1711.28             1966.87               0.125
                 380                7620               11995             1371.91             1966.87               0.125
                 381                7620               10895             1795.27             1966.87               0.125
                 382                7620                9245             1624.84             1966.87               0.125
                 383                7620                8460             1850.43             1966.87               0.125
                 384                7620               12515             1226.33             1966.87               0.125
                 385                7620               13395             1717.95             1966.87               0.125
                 386                7620                8570             1498.21             1966.87               0.125
                 387                7620                8570             1918.13             1966.87               0.125
                 388                7620                7235             1973.63             1973.63               0.125
                 389                7620               14020               648.7             1973.63               0.125
                 390                7620               12135             1327.96             1973.63               0.125
                 391                7620                9590             1570.54             1973.63               0.125
                 392                7620               11665             1683.03             1973.63               0.125
                 393                7620                8900             1848.63             1973.63               0.125
                 394                7620               14085             1095.85             1973.63               0.125
                 395                7620               11650             1585.51             1973.63               0.125
                 396                7620                9120             1727.09             1973.63               0.125
                 397                7620               10785             1449.06             1973.63               0.125
                 398                7620                9795             1812.41             1973.63               0.125
                 399                7620                9685             1848.74             1973.63               0.125
                 400                7620               12795                1193             1973.63               0.125
                 401                7620               12795             1656.76             1973.63               0.125
                 402                7620                9435             1802.74             1973.63               0.125
                 403                7620                9310             1339.99             1973.63               0.125
                 404                7620                9310              1856.6             1973.63               0.125
                 405                7620                8870             1896.15             1973.63               0.125
                 406                7620               17085             828.361             1973.63               0.125
                 407                7620               15405              1421.8             1973.63               0.125
                 408                7620               10220             1670.31             1973.63               0.125
                 409                7620               11540             1498.95             1973.63               0.125
                 410                7620               10880             1878.09             1973.63               0.125
                 411                7620               10880             1441.68             1973.63               0.125
                 412                7620                9670             1811.04             1973.63               0.125
                 413                7620               16850             1094.72             1973.63               0.125
                 414                7620               16410             1704.14             1973.63               0.125
                 415                7620               13205             1757.58             1973.63               0.125
                 416                7620               10015             1803.11             1973.63               0.125
                 417                7620               11525             1579.83             1973.63               0.125
                 418                7620                9215             1821.41             1973.63               0.125
                 419                7620               13125                1121             1973.63               0.125
                 420                7620               11365             1611.76             1973.63               0.125
                 421                7620                7675             1791.99             1973.63               0.125
                 422                7620               11210             910.173             1973.63               0.125
                 423                7620               10770             1543.49             1973.63               0.125
                 424                7620                9890             1668.23             1973.63               0.125
                 425                7620                9890              1453.6             1973.63               0.125
                 426                7620                8240             1854.57             1973.63               0.125
                 427                7620                7675             1935.15             1973.63               0.125
                 428                7620               15845             1083.65             1973.63               0.125
                 429                7620               13960             1534.05             1973.63               0.125
                 430                7620               10565             1636.58             1973.63               0.125
                 431                7620                9890             1767.73             1973.63               0.125
                 432                7620               11635             1344.84             1973.63               0.125
                 433                7620               11400             1849.41             1973.63               0.125
                 434                7620               10300             1902.01             1973.63               0.125
                 435                7620               11650             1606.25             1973.63               0.125
                 436                7620               11100             1758.95             1973.63               0.125
                 437                7620                8020             1747.51             1973.63               0.125
                 438                7620                8020             1929.07             1973.63               0.125
                 439                7620               12515             1101.11             1973.63              0.0625
Lagrangian Relaxation Time: 2.81992 s.
Tried aggregator 1 time.
MIP Presolve eliminated 272 rows and 645 columns.
MIP Presolve modified 55 coefficients.
Reduced MIP has 788 rows, 2941 columns, and 25662 nonzeros.
Reduced MIP has 1565 binaries, 0 generals, 0 SOSs, and 0 indicators.
Presolve time = 0.01 sec. (7.88 ticks)
Probing time = 0.00 sec. (2.76 ticks)
Tried aggregator 1 time.
MIP Presolve eliminated 53 rows and 106 columns.
Reduced MIP has 735 rows, 2835 columns, and 24817 nonzeros.
Reduced MIP has 1565 binaries, 0 generals, 0 SOSs, and 0 indicators.
Presolve time = 0.02 sec. (9.38 ticks)
Probing time = 0.01 sec. (2.72 ticks)
Clique table members: 100.
MIP emphasis: integer feasibility.
MIP search method: dynamic search.
Parallel mode: none, using 1 thread.
Root relaxation solution time = 0.19 sec. (110.49 ticks)

        Nodes                                         Cuts/
   Node  Left     Objective  IInf  Best Integer    Best Bound    ItCnt     Gap

*     0     0      integral     0     2050.0000     2050.0000     1489    0.00%
Elapsed time = 0.26 sec. (143.34 ticks, tree = 0.00 MB, solutions = 1)

Root node processing (before b&c):
  Real time             =    0.26 sec. (143.45 ticks)
Sequential b&c:
  Real time             =    0.00 sec. (0.00 ticks)
                          ------------
Total (root+branch&cut) =    0.26 sec. (143.45 ticks)

Root node processing (before b&c):
  Real time             =    0.00 sec. (0.04 ticks)
Sequential b&c:
  Real time             =    0.00 sec. (0.00 ticks)
                          ------------
Total (root+branch&cut) =    0.00 sec. (0.04 ticks)
Best Solution Found: 2050
Optimality Gap: 0.038697
Solution is feasible
Total Time: 3.08269 s.
Best Solution: 2050
SubProblem Destroyed
...done!
