4
Instancias/Problem_0_737.txt
                   1               65380               66510                1500                1500                   2
                   2               31020               62820        -1.21751e+06                1500                   2
                   3               30690               62270        -1.15848e+06                1500                   2
                   4               30690               62270         -1.1001e+06                1500                   2
                   5               30690               62050        -1.04172e+06                1500                   2
                   6               30690               61955             -983344                1500                   2
                   7               30485               62080             -924969                1500                   2
                   8               30485               61860             -867000                1500                   2
                   9               30155               60650             -809034                1500                   2
                  10               30155               60980             -751724                1500                   2
                  11               30155               60650             -694424                1500                   2
                  12               29935               59315             -661709                1500                   2
                  13               29605               59425             -605144                1500                   2
                  14               29605               59645             -548948                1500                   2
                  15               29495               58985             -493045                1500                   2
                  16               29495               58765             -437059                1500                   2
                  17               29495               58875             -381084                1500                   2
                  18               29040               58075             -329328                1500                   2
                  19               29040               58185             -278725                1500                   2
                  20               28695               57620             -224326                1500                   2
                  21               28240               55735             -171277                1500                   2
                  22               28130               55295             -136806                1500                   2
                  23               28020               55185            -83597.2                1500                   2
                  24               27510               52545            -57724.4                1500                   2
                  25               26960               52605            -34237.7                1500                   2
                  26               26055               52335            -25120.5                1500                   2
                  27               25490               53120            -20785.4                1500                   2
                  28               23305               44430            -14900.3                1500                   2
                  29               22425               46050            -12478.8                1500                   2
                  30               21575               44005            -11301.9                1500                   2
                  31               20775               45455            -10320.7                1500                   2
                  32               19785               50450            -18198.3                1500                   2
                  33               19315               46945            -8857.41                1500                   2
                  34               17805               65895            -56671.7                1500                   2
                  35               17805               65675            -34949.8                1500                   2
                  36               17380               62120            -17824.3                1500                   2
                  37               16075               51045            -8949.13                1500                   2
                  38               15430               62570            -20572.4                1500                   2
                  39               14800               56240              -10289                1500                   2
                  40               14045               53170            -12222.2                1500                   2
                  41               13935               46095            -6103.41                1500                   2
                  42               12945               66425            -19728.5                1500                   2
                  43               12725               60910            -12046.3                1500                   2
                  44               11830               44350            -5671.44                1500                   2
                  45               11595               38045            -2044.68                1500                   2
                  46               10935               64180              -27897                1500                   2
                  47               10935               61855            -17394.9                1500                   2
                  48               10840               59065            -10661.7                1500                   2
                  49               10605               46335            -4328.09                1500                   2
                  50               10290               49100            -3125.62                1500                   2
                  51               10180               37390            -2234.77                1500                   2
                  52               10070               53140            -4789.37                1500                   1
                  53                9740               35585            -1797.51                1500                   1
                  54                9740               45780             -4337.1                1500                   1
                  55                9520               33700            -1775.76                1500                   1
                  56                9410               48565            -3734.03                1500                   1
                  57                9410               38515            -1552.71                1500                   1
                  58                9410               43665            -2156.87                1500                   1
                  59                8970               48580            -2151.09                1500                   1
                  60                8970               31910            -195.617                1500                   1
                  61                8860               58655            -4840.09                1500                   1
                  62                8860               42865            -2125.57                1500                   1
                  63                8860               43035            -868.852                1500                   1
                  64                8860               31640               389.2                1500                   1
                  65                8860               59450            -5559.86                1500                   1
                  66                8860               52130            -2946.94                1500                   1
                  67                8860               40210            -806.198                1500                   1
                  68                8860               33105             23.0037                1500                   1
                  69                8860               49905            -2923.99                1500                   1
                  70                8860               33675            -976.635                1500                   1
                  71                8860               41685            -2181.15                1500                   1
                  72                8860               42235            -687.213                1500                   1
                  73                8860               48990            -1517.35                1500                   1
                  74                8780               38195            -569.051                1500                   1
                  75                8780               26220             752.152                1500                   1
                  76                8560               57235            -6790.55                1500                   1
                  77                8450               54015            -4217.18                1500                   1
                  78                8450               37100            -758.813                1500                   1
                  79                8450               33405             316.919                1500                   1
                  80                8450               32275             225.745                1500                   1
                  81                8450               32855             495.868                1500                   1
                  82                8450               48540            -4410.67                1500                   1
                  83                8450               44515            -2225.05                1500                   1
                  84                8450               43005            -871.049                1500                   1
                  85                8450               31720             543.356                1500                   1
                  86                8450               56945            -5514.84                1500                   1
                  87                8450               44720            -2582.42                1500                   1
                  88                8450               38355            -377.115                1500                   1
                  89                8450               30465             700.863                1500                   1
                  90                8450               51870            -4000.43                1500                   1
                  91                8450               37035            -553.891                1500                   1
                  92                8325               52575            -2422.68                1500                   1
                  93                8325               35555            -2.88073                1500                   1
                  94                8215               46925            -2563.69                1500                   1
                  95                8215               36490            -454.565                1500                   1
                  96                8215               41295            -1566.14                1500                   1
                  97                8215               28405             224.633                1500                   1
                  98                8215               47395            -3332.65                1500                   1
                  99                8215               35970            -1360.66                1500                   1
                 100                8105               43055            -1052.67                1500                   1
                 101                8105               35605            -809.518                1500                   1
                 102                8105               40605            -1273.98                1500                   1
                 103                8105               22090             687.226                1500                 0.5
                 104                8105               42425            -1185.06                1500                 0.5
                 105                8105               31975             168.684                1500                 0.5
                 106                8105               32685             608.154                1500                 0.5
                 107                8105               35920              298.62                1500                 0.5
                 108                8105               28460             624.805                1500                 0.5
                 109                8105               33575             78.1672                1500                 0.5
                 110                7995               24085             1070.63                1500                 0.5
                 111                7885               34840            -688.045                1500                 0.5
                 112                7885               23400             1119.75                1500                 0.5
                 113                7885               35310            -354.938                1500                 0.5
                 114                7885               27120              723.31                1500                 0.5
                 115                7885               27595             491.899                1500                 0.5
                 116                7885               20410             1060.21                1500                 0.5
                 117                7885               41955            -1089.74                1500                 0.5
                 118                7885               33455             211.809                1500                 0.5
                 119                7885               32055             727.771                1500                 0.5
                 120                7885               31035             229.806                1500                 0.5
                 121                7885               23445             1147.23                1500                 0.5
                 122                7790               38465            -674.921                1500                 0.5
                 123                7790               26055             1092.83                1500                 0.5
                 124                7790               38420            -353.971                1500                 0.5
                 125                7790               23415             1143.54                1500                 0.5
                 126                7790               40920            -674.117                1500                 0.5
                 127                7790               28470             908.028                1500                 0.5
                 128                7790               27390             538.356                1500                 0.5
                 129                7790               29635             362.315                1500                 0.5
                 130                7790               32305              787.37                1500                 0.5
                 131                7775               24280             855.836                1500                 0.5
                 132                7665               34810            -34.2918                1500                 0.5
                 133                7665               24215             1173.12                1500                 0.5
                 134                7665               17000             1476.85                1500                 0.5
                 135                7665               16485             1624.62             1624.62                 0.5
                 136                7665               42360            -2900.31             1624.62                 0.5
                 137                7665               38635            -1572.36             1624.62                 0.5
                 138                7665               28490             356.679             1624.62                 0.5
                 139                7665               35310            -181.467             1624.62                 0.5
                 140                7665               25330             959.231             1624.62                 0.5
                 141                7665               32025            -32.4291             1624.62                 0.5
                 142                7665               24420             1292.88             1624.62                 0.5
                 143                7665               37995            -649.454             1624.62                 0.5
                 144                7665               31225             224.077             1624.62                 0.5
                 145                7665               26840             891.318             1624.62                 0.5
                 146                7665               20540             1475.85             1624.62                 0.5
                 147                7665               38830             -1389.8             1624.62                 0.5
                 148                7665               30170             729.638             1624.62                 0.5
                 149                7555               29325             583.126             1624.62                 0.5
                 150                7555               28520             589.834             1624.62                 0.5
                 151                7555               20145             1300.84             1624.62                 0.5
                 152                7555               35940            -666.768             1624.62                 0.5
                 153                7555               28665             297.397             1624.62                 0.5
                 154                7555               21800             1050.09             1624.62                 0.5
                 155                7555               37965             -619.23             1624.62                 0.5
                 156                7555               26055             510.035             1624.62                 0.5
                 157                7555               28020             615.779             1624.62                 0.5
                 158                7555               34650             345.413             1624.62                 0.5
                 159                7555               27705             938.982             1624.62                 0.5
                 160                7555               30865             395.368             1624.62                 0.5
                 161                7555               25005             979.589             1624.62                 0.5
                 162                7555               34505             84.5327             1624.62                 0.5
                 163                7555               21135             1238.41             1624.62                 0.5
                 164                7555               46920            -925.926             1624.62                 0.5
                 165                7555               34205             529.335             1624.62                 0.5
                 166                7555               23715              904.76             1624.62                 0.5
                 167                7555               33345             83.9256             1624.62                 0.5
                 168                7555               22175             1270.17             1624.62                 0.5
                 169                7555               44720            -1208.29             1624.62                 0.5
                 170                7555               35075             177.099             1624.62                 0.5
                 171                7555               30420             910.567             1624.62                 0.5
                 172                7555               23165             1396.22             1624.62                 0.5
                 173                7555               38420            -981.553             1624.62                 0.5
                 174                7555               30925              318.51             1624.62                 0.5
                 175                7555               24640             1010.05             1624.62                 0.5
                 176                7555               29575             337.877             1624.62                 0.5
                 177                7555               25900             963.946             1624.62                 0.5
                 178                7555               20055             1325.73             1624.62                 0.5
                 179                7555               40050            -1215.58             1624.62                 0.5
                 180                7555               30705            -38.7653             1624.62                 0.5
                 181                7555               27150             1073.23             1624.62                 0.5
                 182                7555               35230             130.206             1624.62                 0.5
                 183                7555               29070             1049.57             1624.62                 0.5
                 184                7555               31915             187.144             1624.62                 0.5
                 185                7555               25405             1121.57             1624.62                 0.5
                 186                7555               38390            -174.909             1624.62                0.25
                 187                7555               27735             919.961             1624.62                0.25
                 188                7555               19705             1404.73             1624.62                0.25
                 189                7555               26735             1073.34             1624.62                0.25
                 190                7555               25490             1235.07             1624.62                0.25
                 191                7555               14145             1585.64             1624.62                0.25
                 192                7555               35530             267.693             1624.62                0.25
                 193                7555               21045             1242.48             1624.62                0.25
                 194                7555               32420             1071.43             1624.62                0.25
                 195                7555               21325             1531.14             1624.62                0.25
                 196                7555               32795             779.454             1624.62                0.25
                 197                7555               26275              1317.6             1624.62                0.25
                 198                7555               18405             1620.74             1624.62                0.25
                 199                7555               34385             403.554             1624.62                0.25
                 200                7555               21530             1479.63             1624.62                0.25
                 201                7555               27435              1156.7             1624.62                0.25
                 202                7555               22235             1507.84             1624.62                0.25
                 203                7555               29720             904.812             1624.62                0.25
                 204                7555               26640             1282.77             1624.62                0.25
                 205                7555               27250              1399.2             1624.62                0.25
                 206                7555               22915              1352.6             1624.62                0.25
                 207                7555               26495             1219.19             1624.62                0.25
                 208                7555               16405             1613.69             1624.62                0.25
                 209                7555               33035              436.04             1624.62                0.25
                 210                7555               21280             1403.91             1624.62                0.25
                 211                7555               26150             1205.34             1624.62                0.25
                 212                7555               19740             1486.31             1624.62                0.25
                 213                7555               17100              1678.8              1678.8                0.25
                 214                7555               35215             448.613              1678.8                0.25
                 215                7555               25960             1381.42              1678.8                0.25
                 216                7555               26435             1384.72              1678.8                0.25
                 217                7555               18060             1677.82              1678.8                0.25
                 218                7555               16535             1737.44             1737.44                0.25
                 219                7555               33395             202.071             1737.44                0.25
                 220                7555               24515             1223.34             1737.44                0.25
                 221                7555               18640             1454.84             1737.44                0.25
                 222                7555               29120             920.905             1737.44                0.25
                 223                7555               20275             1342.37             1737.44                0.25
                 224                7555               30155             966.711             1737.44                0.25
                 225                7555               23495             1422.33             1737.44                0.25
                 226                7555               18890             1649.96             1737.44                0.25
                 227                7555               35010             409.298             1737.44                0.25
                 228                7555               26355             1061.51             1737.44                0.25
                 229                7555               24280             1325.42             1737.44                0.25
                 230                7555               26400             1314.66             1737.44                0.25
                 231                7555               25100             1388.65             1737.44                0.25
                 232                7555               27030             1286.42             1737.44                0.25
                 233                7555               22145             1504.79             1737.44                0.25
                 234                7555               30330              947.39             1737.44                0.25
                 235                7555               24970                1398             1737.44                0.25
                 236                7555               27080             1246.36             1737.44                0.25
                 237                7555               21720             1432.85             1737.44                0.25
                 238                7555               15875             1693.65             1737.44                0.25
                 239                7555               32375             282.439             1737.44                0.25
                 240                7555               23590             1286.91             1737.44                0.25
                 241                7555               17585              1605.9             1737.44                0.25
                 242                7555               35375             585.063             1737.44                0.25
                 243                7555               22475             1508.91             1737.44                0.25
                 244                7555               29025             928.003             1737.44                0.25
                 245                7555               19520             1644.48             1737.44                0.25
                 246                7555               28270             845.165             1737.44                0.25
                 247                7555               20135             1587.78             1737.44                0.25
                 248                7555               33440             1017.38             1737.44                0.25
                 249                7555               18355              1578.6             1737.44                0.25
                 250                7555               31510             698.119             1737.44                0.25
                 251                7555               27990             1007.02             1737.44                0.25
                 252                7555               22490             1556.63             1737.44                0.25
                 253                7555               17885             1737.82             1737.82                0.25
                 254                7555               39270             12.1557             1737.82                0.25
                 255                7555               31665             599.452             1737.82                0.25
                 256                7555               20305             1467.92             1737.82                0.25
                 257                7555               15435             1709.72             1737.82                0.25
                 258                7555               27595             479.856             1737.82                0.25
                 259                7555               22645              1312.9             1737.82                0.25
                 260                7555               28445             1029.26             1737.82                0.25
                 261                7555               22190              1426.3             1737.82                0.25
                 262                7555               27770             1129.49             1737.82                0.25
                 263                7555               21580              1570.1             1737.82                0.25
                 264                7555               29090             913.412             1737.82                0.25
                 265                7555               19505             1654.25             1737.82                0.25
                 266                7555               29750             766.881             1737.82                0.25
                 267                7555               22630             1533.19             1737.82                0.25
                 268                7555               31225             1051.31             1737.82                0.25
                 269                7555               22865             1489.65             1737.82                0.25
                 270                7555               17115             1647.24             1737.82                0.25
                 271                7555               16960             1731.09             1737.82                0.25
                 272                7555               27330              542.39             1737.82                0.25
                 273                7555               19505             1456.69             1737.82                0.25
                 274                7555               28400              928.06             1737.82                0.25
                 275                7555               23495             1365.42             1737.82                0.25
                 276                7555               28885             1140.77             1737.82                0.25
                 277                7555               22300             1593.18             1737.82                0.25
                 278                7555               30880             960.881             1737.82                0.25
                 279                7555               19455              1563.2             1737.82                0.25
                 280                7555               33410             650.672             1737.82                0.25
                 281                7555               22460              1508.1             1737.82                0.25
                 282                7555               30395             1094.95             1737.82                0.25
                 283                7555               21815             1510.68             1737.82                0.25
                 284                7555               28290             981.118             1737.82                0.25
                 285                7555               20635             1542.04             1737.82                0.25
                 286                7555               11945             1741.71             1741.71                0.25
                 287                7555               35860            -314.416             1741.71                0.25
                 288                7555               34100             312.886             1741.71                0.25
                 289                7555               24310             768.482             1741.71                0.25
                 290                7555               25395             1137.94             1741.71                0.25
                 291                7555               19880             1465.29             1741.71                0.25
                 292                7555               32405             951.246             1741.71                0.25
                 293                7555               20540             1557.01             1741.71                0.25
                 294                7555               29720             796.293             1741.71                0.25
                 295                7555               26545             1303.81             1741.71                0.25
                 296                7555               25190             1399.84             1741.71                0.25
                 297                7555               16770             1713.71             1741.71                0.25
                 298                7555               34745             407.081             1741.71                0.25
                 299                7555               20730             1358.34             1741.71                0.25
                 300                7555               30425             1053.93             1741.71                0.25
                 301                7555               21280             1629.87             1741.71                0.25
                 302                7555               31840             613.671             1741.71                0.25
                 303                7555               27095             1168.67             1741.71                0.25
                 304                7555               21140              1569.8             1741.71                0.25
                 305                7555               27425             979.593             1741.71                0.25
                 306                7555               24140             1597.08             1741.71                0.25
                 307                7555               30060             1065.49             1741.71                0.25
                 308                7555               24970             1430.02             1741.71                0.25
                 309                7555               25615             1230.65             1741.71                0.25
                 310                7555               29310             1365.23             1741.71                0.25
                 311                7555               22695             1477.27             1741.71                0.25
                 312                7555               16205              1736.9             1741.71                0.25
                 313                7555               42165            -277.273             1741.71                0.25
                 314                7555               31825             444.096             1741.71                0.25
                 315                7555               26655             1385.55             1741.71                0.25
                 316                7555               25775             1251.96             1741.71                0.25
                 317                7555               16990             1587.43             1741.71                0.25
                 318                7555               31730             560.733             1741.71                0.25
                 319                7555               21785             1324.85             1741.71                0.25
                 320                7555               22300             1195.21             1741.71                0.25
                 321                7555               26935             1485.51             1741.71                0.25
                 322                7555               27880             1327.92             1741.71                0.25
                 323                7555               24895             1611.09             1741.71                0.25
                 324                7555               27000             1142.67             1741.71                0.25
                 325                7555               19535             1536.97             1741.71                0.25
                 326                7555               28905             969.466             1741.71                0.25
                 327                7555               19375             1650.35             1741.71                0.25
                 328                7555               13455             1781.92             1781.92                0.25
                 329                7555               39350            -521.657             1781.92                0.25
                 330                7555               33300             307.123             1781.92                0.25
                 331                7555               25145              1214.9             1781.92                0.25
                 332                7555               26135             1301.24             1781.92                0.25
                 333                7555               28570             1233.83             1781.92                0.25
                 334                7555               20415             1628.48             1781.92                0.25
                 335                7555               28165             883.993             1781.92                0.25
                 336                7555               21685             1606.37             1781.92                0.25
                 337                7555               31525             794.655             1781.92                0.25
                 338                7555               29045             1382.95             1781.92                0.25
                 339                7555               21970             1448.38             1781.92                0.25
                 340                7555               16645             1728.01             1781.92                0.25
                 341                7555               39695            -23.5521             1781.92                0.25
                 342                7555               33410             783.216             1781.92                0.25
                 343                7555               22960              1240.1             1781.92                0.25
                 344                7555               23520             1322.85             1781.92                0.25
                 345                7555               16925             1656.29             1781.92                0.25
                 346                7555               36395             310.556             1781.92                0.25
                 347                7555               27925             974.938             1781.92                0.25
                 348                7555               19615             1539.65             1781.92                0.25
                 349                7555               14445             1738.48             1781.92                0.25
                 350                7555               31270              242.64             1781.92                0.25
                 351                7555               27450             835.197             1781.92                0.25
                 352                7555               22270             1398.16             1781.92                0.25
                 353                7555               27440             1163.65             1781.92                0.25
                 354                7555               23210             1534.23             1781.92                0.25
                 355                7555               28760             1158.26             1781.92                0.25
                 356                7555               22065             1550.19             1781.92                0.25
                 357                7555               30505             953.463             1781.92                0.25
                 358                7555               23245             1450.19             1781.92                0.25
                 359                7555               26340             1222.24             1781.92                0.25
                 360                7555               23795             1478.83             1781.92                0.25
                 361                7555               26700             1299.06             1781.92                0.25
                 362                7555               22300             1472.33             1781.92                0.25
                 363                7555               13800             1657.89             1781.92                0.25
                 364                7555               18530             1742.01             1781.92                0.25
                 365                7555               25635             887.525             1781.92                0.25
                 366                7555               22050             1505.14             1781.92                0.25
                 367                7555               28150             1083.64             1781.92                0.25
                 368                7555               20920             1477.29             1781.92                0.25
                 369                7555               29700             980.126             1781.92                0.25
                 370                7555               20585             1691.08             1781.92                0.25
                 371                7555               36535              722.96             1781.92                0.25
                 372                7555               26165             1167.39             1781.92                0.25
                 373                7555               27425             1241.64             1781.92                0.25
                 374                7555               19505                1598             1781.92                0.25
                 375                7555               27440             995.782             1781.92                0.25
                 376                7555               21280             1545.76             1781.92                0.25
                 377                7555               30345             1105.88             1781.92                0.25
                 378                7555               22585             1385.02             1781.92                0.25
                 379                7555               28145             1257.66             1781.92               0.125
                 380                7555               21830             1479.95             1781.92               0.125
                 381                7555               20465             1710.53             1781.92               0.125
                 382                7555               21625             1498.29             1781.92               0.125
                 383                7555               17980             1716.76             1781.92               0.125
                 384                7555               25600             1441.47             1781.92               0.125
                 385                7555               22050             1667.75             1781.92               0.125
                 386                7555               22775             1627.94             1781.92               0.125
                 387                7555               24500             1652.42             1781.92               0.125
                 388                7555               24740             1643.68             1781.92               0.125
                 389                7555               16035              1803.2              1803.2               0.125
                 390                7555               26260             1275.53              1803.2               0.125
                 391                7555               19000             1725.86              1803.2               0.125
                 392                7555               13205             1809.68             1809.68               0.125
                 393                7555               27865             1068.43             1809.68               0.125
                 394                7555               21545             1582.75             1809.68               0.125
                 395                7555               18185              1660.9             1809.68               0.125
                 396                7555               15230             1808.27             1809.68               0.125
                 397                7555               29135             1312.41             1809.68               0.125
                 398                7555               19380              1663.2             1809.68               0.125
                 399                7555               16095             1779.47             1809.68               0.125
                 400                7555               24295             1354.55             1809.68               0.125
                 401                7555               18215             1728.99             1809.68               0.125
                 402                7555               23670             1530.15             1809.68               0.125
                 403                7555               15310             1812.49             1812.49               0.125
                 404                7555               29200             1148.14             1812.49               0.125
                 405                7555               22210             1457.16             1812.49               0.125
                 406                7555               15640              1810.8             1812.49               0.125
                 407                7555               26940             1267.33             1812.49               0.125
                 408                7555               22900             1502.67             1812.49               0.125
                 409                7555               21705             1683.72             1812.49               0.125
                 410                7555               20920             1618.16             1812.49               0.125
                 411                7555               23260             1697.05             1812.49               0.125
                 412                7555               23025             1659.23             1812.49               0.125
                 413                7555               21860             1734.19             1812.49               0.125
                 414                7555               22540             1620.86             1812.49               0.125
                 415                7555               19285             1677.08             1812.49               0.125
                 416                7555               17855             1811.26             1812.49               0.125
                 417                7555               24425             1491.44             1812.49               0.125
                 418                7555               17885             1761.93             1812.49               0.125
                 419                7555               12575             1862.23             1862.23               0.125
                 420                7555               34150             739.067             1862.23               0.125
                 421                7555               32265             1032.76             1862.23               0.125
                 422                7555               27220             1310.85             1862.23               0.125
                 423                7555               19300             1688.74             1862.23               0.125
                 424                7555               16895             1771.91             1862.23               0.125
                 425                7555               27360             1307.59             1862.23               0.125
                 426                7555               19835             1744.44             1862.23               0.125
                 427                7555               27315             1527.38             1862.23               0.125
                 428                7555               17275              1774.9             1862.23               0.125
                 429                7555               23670             1425.13             1862.23               0.125
                 430                7555               20355             1655.07             1862.23               0.125
                 431                7555               18735             1703.01             1862.23               0.125
                 432                7555               24800             1579.01             1862.23               0.125
                 433                7555               20230              1788.2             1862.23               0.125
                 434                7555               27440              1466.2             1862.23               0.125
                 435                7555               18720             1820.31             1862.23               0.125
                 436                7555               28840             1327.07             1862.23               0.125
                 437                7555               24990              1584.3             1862.23               0.125
                 438                7555               20480             1756.05             1862.23               0.125
                 439                7555               11005             1837.94             1862.23               0.125
                 440                7555               11900             1854.17             1862.23               0.125
                 441                7555               11555              1876.4              1876.4               0.125
                 442                7555               30300             811.599              1876.4               0.125
                 443                7555               25900             1098.28              1876.4               0.125
                 444                7555               18910             1584.15              1876.4               0.125
                 445                7555               20700             1618.28              1876.4               0.125
                 446                7555               24705             1592.16              1876.4               0.125
                 447                7555               16895             1777.16              1876.4               0.125
                 448                7555               27175             1392.86              1876.4               0.125
                 449                7555               21060             1714.29              1876.4               0.125
                 450                7555               23040             1594.37              1876.4               0.125
                 451                7555               21170             1778.38              1876.4               0.125
                 452                7555               23655             1584.82              1876.4               0.125
                 453                7555               18940             1739.77              1876.4               0.125
                 454                7555               14870             1831.33              1876.4               0.125
                 455                7555               28070             1245.66              1876.4               0.125
                 456                7555               20965             1645.69              1876.4               0.125
                 457                7555               22790             1646.32              1876.4               0.125
                 458                7555               21030              1680.6              1876.4               0.125
                 459                7555               22380             1628.45              1876.4               0.125
                 460                7555               18310             1796.41              1876.4               0.125
                 461                7555               25365             1464.56              1876.4               0.125
                 462                7555               18060             1814.72              1876.4               0.125
                 463                7555               25835             1385.37              1876.4               0.125
                 464                7555               17195             1752.03              1876.4               0.125
                 465                7555               24440             1382.06              1876.4               0.125
                 466                7555               21550             1620.57              1876.4               0.125
                 467                7555               18295             1785.05              1876.4               0.125
                 468                7555               21360             1527.34              1876.4               0.125
                 469                7555               21720             1741.73              1876.4               0.125
                 470                7555               23765             1608.89              1876.4               0.125
                 471                7555               17195             1787.58              1876.4               0.125
                 472                7555               27850             1393.16              1876.4               0.125
                 473                7555               23185             1627.43              1876.4               0.125
                 474                7555               18830             1723.92              1876.4               0.125
                 475                7555               26480              1518.9              1876.4               0.125
                 476                7555               21910             1756.89              1876.4               0.125
                 477                7555               25335             1601.58              1876.4               0.125
                 478                7555               21455             1799.92              1876.4               0.125
                 479                7555               14100              1873.8              1876.4               0.125
                 480                7555               29955             1065.81              1876.4               0.125
                 481                7555               25840             1352.89              1876.4               0.125
                 482                7555               22350             1632.82              1876.4               0.125
                 483                7555               15090             1773.95              1876.4               0.125
                 484                7555               26765             1246.98              1876.4               0.125
                 485                7555               24360             1506.19              1876.4               0.125
                 486                7555               20135             1674.04              1876.4               0.125
                 487                7555               24880             1660.89              1876.4               0.125
                 488                7555               15985             1794.59              1876.4               0.125
                 489                7555               24110             1344.37              1876.4               0.125
                 490                7555               19225             1712.83              1876.4               0.125
                 491                7555               26435             1544.96              1876.4               0.125
                 492                7555               19680             1722.19              1876.4              0.0625
Lagrangian Relaxation Time: 4.97778 s.
Tried aggregator 1 time.
MIP Presolve eliminated 263 rows and 628 columns.
MIP Presolve modified 54 coefficients.
Reduced MIP has 797 rows, 3393 columns, and 32802 nonzeros.
Reduced MIP has 1999 binaries, 0 generals, 0 SOSs, and 0 indicators.
Presolve time = 0.02 sec. (9.58 ticks)
Probing time = 0.00 sec. (2.88 ticks)
Tried aggregator 1 time.
MIP Presolve eliminated 52 rows and 104 columns.
Reduced MIP has 745 rows, 3289 columns, and 32042 nonzeros.
Reduced MIP has 1999 binaries, 0 generals, 0 SOSs, and 0 indicators.
Presolve time = 0.02 sec. (11.67 ticks)
Probing time = 0.00 sec. (2.85 ticks)
Clique table members: 100.
MIP emphasis: integer feasibility.
MIP search method: dynamic search.
Parallel mode: none, using 1 thread.
Root relaxation solution time = 0.33 sec. (313.67 ticks)

        Nodes                                         Cuts/
   Node  Left     Objective  IInf  Best Integer    Best Bound    ItCnt     Gap

      0     0     2016.6667   116                   2016.6667     2670         
*     0+    0                         5915.0000     2016.6667            65.91%
      0     0     2022.1622   139     5915.0000       Cuts: 3     3088   65.81%
*     0+    0                         2505.0000     2022.1622            19.27%
      0     2     2022.1622   127     2505.0000     2022.2131     3088   19.27%
Elapsed time = 1.33 sec. (1160.69 ticks, tree = 0.01 MB, solutions = 2)
*     1     1      integral     0     2065.0000     2022.2131     5029    2.07%
      1     1     2065.0000     0     2065.0000     2022.2911     5029    2.07%
      2     2     2028.2071   152     2065.0000     2028.2071     5460    1.78%
      3     3     2029.8450   138     2065.0000     2028.2071     5555    1.78%
      4     4     2061.1765   132     2065.0000     2030.0000     6396    1.69%
      5     5     2034.5106   153     2065.0000     2034.5860     6651    1.47%
      6     4        cutoff           2065.0000     2034.5860     6894    1.47%
      7     5     2035.5357   150     2065.0000     2034.6465     7121    1.47%
      8     4        cutoff           2065.0000     2035.5357     7540    1.43%
      9     5     2050.8333   107     2065.0000     2035.5357     8375    1.43%
     13     5        cutoff           2065.0000     2035.5357    10919    1.43%
Elapsed time = 2.34 sec. (2146.89 ticks, tree = 0.02 MB, solutions = 3)

Gomory fractional cuts applied:  1

Root node processing (before b&c):
  Real time             =    1.30 sec. (1140.64 ticks)
Sequential b&c:
  Real time             =    1.12 sec. (1079.01 ticks)
                          ------------
Total (root+branch&cut) =    2.42 sec. (2219.64 ticks)

Root node processing (before b&c):
  Real time             =    0.00 sec. (0.56 ticks)
Sequential b&c:
  Real time             =    0.00 sec. (0.00 ticks)
                          ------------
Total (root+branch&cut) =    0.00 sec. (0.56 ticks)
Best Solution Found: 2065
Optimality Gap: 0.100509
Solution is feasible
Total Time: 7.40025 s.
Best Solution: 2065
SubProblem Destroyed
...done!
