4
Instancias/Problem_0_896.txt
                   1               64760               66070                1500                1500                   2
                   2               31030               55155             -976504                1500                   2
                   3               29600               52735             -917464                1500                   2
                   4               29600               52735             -861265                1500                   2
                   5               29285               52625             -805071                1500                   2
                   6               29175               52405             -749503                1500                   2
                   7               29175               52595             -694169                1500                   2
                   8               29080               52610             -638821                1500                   2
                   9               29080               52610             -603526                1500                   2
                  10               29080               52720             -548368                1500                   2
                  11               29080               52515             -493210                1500                   2
                  12               29080               51525             -438084                1500                   2
                  13               29080               51430             -386826                1500                   2
                  14               29080               51210             -331715                1500                   2
                  15               28750               51680             -276613                1500                   2
                  16               28750               52090             -229859                1500                   2
                  17               28545               51460             -175475                1500                   2
                  18               28090               50125             -132271                1500                   2
                  19               26745               48975            -83901.4                1500                   2
                  20               25865               48475              -50589                1500                   2
                  21               24970               47040            -23145.6                1500                   2
                  22               23680               46285              -14750                1500                   2
                  23               23145               45140            -12686.2                1500                   2
                  24               19215               64400             -110922                1500                   2
                  25               18885               63395            -78430.3                1500                   2
                  26               18775               63065            -53071.1                1500                   2
                  27               18555               62030            -28486.2                1500                   1
                  28               18445               61135            -19405.4                1500                   1
                  29               18445               59825            -13609.3                1500                   1
                  30               17345               49635             -7630.3                1500                   1
                  31               14565               42260            -6146.33                1500                   1
                  32               14125               36385            -3745.05                1500                   1
                  33               13575               55260            -8721.54                1500                   1
                  34               13575               49495            -4423.33                1500                   1
                  35               12805               47670            -3901.13                1500                   1
                  36               12790               36435            -1329.68                1500                   1
                  37               12145               63055            -11367.3                1500                   1
                  38               12145               62160            -6719.58                1500                   1
                  39               12035               44635            -2271.06                1500                   1
                  40               11690               38650            -685.317                1500                   1
                  41               11580               53910            -9031.28                1500                   1
                  42               11580               48740            -4223.76                1500                   1
                  43               11015               30800            -713.941                1500                   1
                  44               10890               63345            -9569.48                1500                   1
                  45               10890               55500            -4967.98                1500                   1
                  46               10105               35430            -1978.63                1500                   1
                  47                9790               56265            -5047.89                1500                   1
                  48                9790               48170            -2359.17                1500                   1
                  49                9350               31595            -626.655                1500                   1
                  50                9240               33520             -505.24                1500                   1
                  51                9240               25190             357.699                1500                   1
                  52                9240               53745            -7613.82                1500                   1
                  53                9240               44480             -3776.5                1500                 0.5
                  54                9240               36940            -1140.68                1500                 0.5
                  55                9240               36815            -505.251                1500                 0.5
                  56                9240               37145            -358.683                1500                 0.5
                  57                9130               25690             610.331                1500                 0.5
                  58                9130               46685            -1714.78                1500                 0.5
                  59                9020               37320            -91.2611                1500                 0.5
                  60                9020               39315            -77.9127                1500                 0.5
                  61                9020               38250             319.205                1500                 0.5
                  62                9020               23430             268.362                1500                 0.5
                  63                9020               48395            -1261.04                1500                 0.5
                  64                9020               27185             513.094                1500                 0.5
                  65                9020               43980            -886.508                1500                 0.5
                  66                9020               27310             747.038                1500                 0.5
                  67                9020               48180            -1406.74                1500                 0.5
                  68                9020               27435             754.227                1500                 0.5
                  69                9020               41735            -1333.95                1500                 0.5
                  70                9020               29225             15.6984                1500                 0.5
                  71                9020               39300            -181.699                1500                 0.5
                  72                8910               30690             575.493                1500                 0.5
                  73                8690               36580            -190.106                1500                 0.5
                  74                8690               25585             711.614                1500                 0.5
                  75                8690               49695            -1527.17                1500                 0.5
                  76                8565               38560            -97.3805                1500                 0.5
                  77                8565               29555             587.426                1500                 0.5
                  78                8565               19030             1083.06                1500                 0.5
                  79                8345               53375            -3379.58                1500                0.25
                  80                8345               45360            -1839.87                1500                0.25
                  81                8345               39375             -468.85                1500                0.25
                  82                8345               31940             168.508                1500                0.25
                  83                8345               26725             874.554                1500                0.25
                  84                8345               33940             575.508                1500                0.25
                  85                8345               21825             1109.06                1500                0.25
                  86                8345               34885             458.368                1500                0.25
                  87                8345               20020             1249.73                1500                0.25
                  88                8345               43085              140.58                1500                0.25
                  89                8345               21655             1113.35                1500                0.25
                  90                8345               39270             366.153                1500                0.25
                  91                8345               22770             1157.82                1500                0.25
                  92                8345               37855             540.763                1500                0.25
                  93                8345               19970             1183.03                1500                0.25
                  94                8345               43400             219.179                1500                0.25
                  95                8345               23965             1191.37                1500                0.25
                  96                8345               38040             543.409                1500                0.25
                  97                8345               14945             1331.36                1500                0.25
                  98                8345               46780            -764.085                1500                0.25
                  99                8345               34900             207.038                1500                0.25
                 100                8345               22645             1076.51                1500                0.25
                 101                8345               36375             522.705                1500                0.25
                 102                8345               21590             1308.37                1500                0.25
                 103                8345               32750             402.507                1500                0.25
                 104                8345               18510             1217.03                1500                0.25
                 105                8345               39740             82.5823                1500               0.125
                 106                8345               36705             532.443                1500               0.125
                 107                8345               22645             1135.57                1500               0.125
                 108                8345               21810             1360.58                1500               0.125
                 109                8345               22835             1242.67                1500               0.125
                 110                8345               15840             1449.35                1500               0.125
                 111                8345               31270             983.873                1500               0.125
                 112                8345               17510             1409.93                1500               0.125
                 113                8345               31745             1109.53                1500               0.125
                 114                8345               17680             1486.69                1500               0.125
                 115                8345               12480              1551.3              1551.3               0.125
                 116                8345               37840             422.174              1551.3               0.125
                 117                8345               24125             1073.04              1551.3               0.125
                 118                8345               19615              1441.2              1551.3               0.125
                 119                8345               35120             1096.21              1551.3               0.125
                 120                8345               17490             1545.97              1551.3               0.125
                 121                8345               30835             1043.26              1551.3               0.125
                 122                8345               20635             1299.69              1551.3               0.125
                 123                8345               20680             1334.41              1551.3               0.125
                 124                8345               14790             1516.29              1551.3               0.125
                 125                8345               40715             615.812              1551.3               0.125
                 126                8345               27485             1213.44              1551.3               0.125
                 127                8345               19660             1480.16              1551.3               0.125
                 128                8345               12700             1560.92             1560.92               0.125
                 129                8345               33315             392.432             1560.92               0.125
                 130                8345               25240             849.131             1560.92               0.125
                 131                8345               19565             1343.19             1560.92               0.125
                 132                8345               21940             1376.19             1560.92               0.125
                 133                8345               22520             1419.24             1560.92               0.125
                 134                8345               30080             1287.64             1560.92               0.125
                 135                8345               14775             1536.45             1560.92               0.125
                 136                8345               40530              596.86             1560.92               0.125
                 137                8345               30175             1280.03             1560.92               0.125
                 138                8345               18750             1500.75             1560.92               0.125
                 139                8345               37135             1060.82             1560.92               0.125
                 140                8345               17505              1540.5             1560.92               0.125
                 141                8345               32905             1040.01             1560.92               0.125
                 142                8345               22710             1331.33             1560.92               0.125
                 143                8345               19095              1449.4             1560.92               0.125
                 144                8345               31225             1270.31             1560.92               0.125
                 145                8345               16595             1545.68             1560.92               0.125
                 146                8345               26685             1179.29             1560.92               0.125
                 147                8345               18325             1464.24             1560.92               0.125
                 148                8345               20085             1336.41             1560.92               0.125
                 149                8345               19375             1471.26             1560.92               0.125
                 150                8345               33080             1061.57             1560.92               0.125
                 151                8345               24925             1312.95             1560.92               0.125
                 152                8345               15780             1485.73             1560.92               0.125
                 153                8345               32120             1034.58             1560.92               0.125
                 154                8345               22835             1356.89             1560.92              0.0625
                 155                8345               14745             1563.11             1563.11              0.0625
                 156                8345               19000             1507.61             1563.11              0.0625
                 157                8345               16735             1554.16             1563.11              0.0625
                 158                8345               21280             1474.64             1563.11              0.0625
                 159                8345               16330             1583.71             1583.71              0.0625
                 160                8345               17695              1509.3             1583.71              0.0625
                 161                8345               18500             1537.28             1583.71              0.0625
                 162                8345               15605             1588.77             1588.77              0.0625
                 163                8345               27125             1442.68             1588.77              0.0625
                 164                8345               13250             1633.83             1633.83              0.0625
                 165                8345               27550             1340.81             1633.83              0.0625
                 166                8345               15560              1585.9             1633.83              0.0625
                 167                8345               17775             1498.86             1633.83              0.0625
                 168                8345               15465             1576.72             1633.83              0.0625
                 169                8345               20950             1503.24             1633.83              0.0625
                 170                8345               12605             1627.28             1633.83              0.0625
                 171                8345               27645             1283.78             1633.83              0.0625
                 172                8345               16345             1580.83             1633.83              0.0625
                 173                8345               17400             1543.46             1633.83              0.0625
                 174                8345               19740             1555.82             1633.83              0.0625
                 175                8345               15620             1571.14             1633.83              0.0625
                 176                8345               21170             1560.08             1633.83              0.0625
                 177                8345               15765             1625.43             1633.83              0.0625
                 178                8345               17930             1510.99             1633.83              0.0625
                 179                8345               16455             1601.27             1633.83              0.0625
                 180                8345               19250             1524.53             1633.83              0.0625
                 181                8345               16250             1631.43             1633.83              0.0625
                 182                8345               18055             1542.13             1633.83              0.0625
                 183                8345               18735             1604.85             1633.83              0.0625
                 184                8345               20855             1572.58             1633.83              0.0625
                 185                8345               18560             1602.03             1633.83              0.0625
                 186                8345               11805             1653.52             1653.52              0.0625
                 187                8345               29385             1241.24             1653.52              0.0625
                 188                8345               19190             1553.59             1653.52              0.0625
                 189                8345               16455             1593.72             1653.52              0.0625
                 190                8345               18245             1567.62             1653.52              0.0625
                 191                8345               18670             1599.48             1653.52              0.0625
                 192                8345               10940             1658.74             1658.74              0.0625
                 193                8345               25790             1247.71             1658.74              0.0625
                 194                8345               16520             1551.21             1658.74              0.0625
                 195                8345               14210             1613.64             1658.74              0.0625
                 196                8345               21875             1479.34             1658.74              0.0625
                 197                8345               15810             1609.77             1658.74              0.0625
                 198                8345               20700              1535.6             1658.74              0.0625
                 199                8345               17130             1611.34             1658.74              0.0625
                 200                8345               22190              1545.5             1658.74              0.0625
                 201                8345               15165             1633.38             1658.74              0.0625
                 202                8345               20495             1508.41             1658.74              0.0625
                 203                8345               13280             1635.47             1658.74              0.0625
                 204                8345               28195             1328.22             1658.74              0.0625
                 205                8345               22350             1508.35             1658.74              0.0625
                 206                8345               15510             1630.18             1658.74              0.0625
                 207                8345               23575             1483.49             1658.74              0.0625
                 208                8345               14855             1634.07             1658.74              0.0625
                 209                8345               12105             1673.72             1673.72              0.0625
                 210                8345               34695                1252             1673.72              0.0625
                 211                8345               23930             1435.73             1673.72              0.0625
                 212                8345               16485             1603.98             1673.72              0.0625
                 213                8345               14380             1654.32             1673.72              0.0625
                 214                8345               24990             1396.06             1673.72              0.0625
                 215                8345               20700             1512.87             1673.72              0.0625
                 216                8345               17415             1619.78             1673.72              0.0625
                 217                8345               21700             1531.89             1673.72              0.0625
                 218                8345               14805             1644.51             1673.72              0.0625
                 219                8345               29295             1367.83             1673.72              0.0625
                 220                8345               16660             1629.73             1673.72              0.0625
                 221                8345               17445             1518.82             1673.72              0.0625
                 222                8345               15545             1618.34             1673.72              0.0625
                 223                8345               27360             1471.15             1673.72              0.0625
                 224                8345               19175             1575.75             1673.72              0.0625
                 225                8345               20820             1563.07             1673.72              0.0625
                 226                8345               16125             1645.28             1673.72              0.0625
                 227                8345               23650             1535.11             1673.72              0.0625
                 228                8345               16505             1636.66             1673.72              0.0625
                 229                8345               27375             1467.93             1673.72              0.0625
                 230                8345               16390             1658.54             1673.72              0.0625
                 231                8345               24865             1442.51             1673.72              0.0625
                 232                8345               16205             1645.77             1673.72              0.0625
                 233                8345               10610             1688.08             1688.08              0.0625
                 234                8345               34210             1193.83             1688.08              0.0625
                 235                8345               25065             1371.12             1688.08              0.0625
                 236                8345               16910             1580.79             1688.08              0.0625
                 237                8345               22630             1480.65             1688.08              0.0625
                 238                8345               13105             1654.93             1688.08              0.0625
                 239                8345               25365                1369             1688.08              0.0625
                 240                8345               14005             1618.51             1688.08              0.0625
                 241                8345               19330             1545.32             1688.08              0.0625
                 242                8345               13280             1617.68             1688.08              0.0625
                 243                8345               18530             1542.34             1688.08              0.0625
                 244                8345               17760              1624.1             1688.08              0.0625
                 245                8345               18325             1530.59             1688.08              0.0625
                 246                8345               18105             1652.06             1688.08              0.0625
                 247                8345               20665             1529.78             1688.08              0.0625
                 248                8345               18325             1656.37             1688.08              0.0625
                 249                8345               20590             1540.62             1688.08              0.0625
                 250                8345               18780             1636.35             1688.08              0.0625
                 251                8345               10470              1683.8             1688.08              0.0625
                 252                8345               30550             1170.51             1688.08              0.0625
                 253                8345               21455             1456.95             1688.08              0.0625
                 254                8345               17025             1543.49             1688.08              0.0625
                 255                8345               18985             1577.18             1688.08              0.0625
                 256                8345               16815             1611.74             1688.08              0.0625
                 257                8345               12870             1678.33             1688.08              0.0625
                 258                8345               28695             1364.61             1688.08              0.0625
                 259                8345               16880              1605.6             1688.08             0.03125
                 260                8345               10295             1697.33             1697.33             0.03125
                 261                8345               18105             1587.61             1697.33             0.03125
                 262                8345               14335             1629.83             1697.33             0.03125
                 263                8345               15700              1689.8             1697.33             0.03125
                 264                8345               16440              1674.6             1697.33             0.03125
                 265                8345               14035             1682.69             1697.33             0.03125
                 266                8345               19675              1654.8             1697.33             0.03125
                 267                8345               12935             1708.02             1708.02             0.03125
                 268                8345               20635             1594.15             1708.02             0.03125
                 269                8345               18355             1639.19             1708.02             0.03125
                 270                8345               12825             1700.37             1708.02             0.03125
                 271                8345               17540             1643.29             1708.02             0.03125
                 272                8345               14885             1698.17             1708.02             0.03125
                 273                8345               20620             1642.07             1708.02             0.03125
                 274                8345               11270             1708.08             1708.08             0.03125
                 275                8345               19630             1581.56             1708.08             0.03125
                 276                8345               14430              1684.9             1708.08             0.03125
                 277                8345               11710             1711.52             1711.52             0.03125
                 278                8345               25175             1555.11             1711.52             0.03125
                 279                8345               15840             1697.85             1711.52             0.03125
                 280                8345               18185             1658.97             1711.52             0.03125
                 281                8345               13895             1707.15             1711.52             0.03125
                 282                8345               19440             1648.21             1711.52             0.03125
                 283                8345               11255              1725.8              1725.8             0.03125
                 284                8345               26875             1519.59              1725.8             0.03125
                 285                8345               24170             1582.15              1725.8             0.03125
                 286                8345               18985             1697.63              1725.8             0.03125
                 287                8345               21295             1663.28              1725.8             0.03125
                 288                8345               11145             1719.62              1725.8             0.03125
                 289                8345               25520             1550.47              1725.8             0.03125
                 290                8345               20775             1627.65              1725.8             0.03125
                 291                8345               11725             1712.79              1725.8             0.03125
                 292                8345               22410             1589.51              1725.8             0.03125
                 293                8345               13815             1699.15              1725.8             0.03125
                 294                8345               16580              1665.7              1725.8             0.03125
                 295                8345               18105             1687.11              1725.8             0.03125
                 296                8345               13360             1718.34              1725.8             0.03125
                 297                8345               22050              1597.7              1725.8             0.03125
                 298                8345               17745             1657.23              1725.8             0.03125
                 299                8345               12620             1713.65              1725.8             0.03125
                 300                8345               23290             1596.79              1725.8             0.03125
                 301                8345               11270             1705.71              1725.8             0.03125
                 302                8345               10705             1723.71              1725.8             0.03125
                 303                8345               18355             1569.19              1725.8             0.03125
                 304                8345               15890             1679.31              1725.8             0.03125
                 305                8345               11285             1714.98              1725.8             0.03125
                 306                8345               18640             1593.01              1725.8             0.03125
                 307                8345               11900             1706.77              1725.8             0.03125
                 308                8345               21310             1636.53              1725.8             0.03125
                 309                8345               12605             1711.58              1725.8            0.015625
                 310                8345               16580             1718.54              1725.8            0.015625
                 311                8345               11615             1740.72             1740.72            0.015625
                 312                8345               21215             1683.45             1740.72            0.015625
                 313                8345               16910             1712.43             1740.72            0.015625
                 314                8345               14335             1737.23             1740.72            0.015625
                 315                8345               16910             1727.28             1740.72            0.015625
                 316                8345               11020             1743.92             1743.92            0.015625
                 317                8345               17065             1707.14             1743.92            0.015625
                 318                8345               11395             1750.87             1750.87            0.015625
                 319                8345                9965             1757.81             1757.81            0.015625
                 320                8345               19615             1659.03             1757.81            0.015625
                 321                8345               16645             1702.54             1757.81            0.015625
                 322                8345               14115             1733.71             1757.81            0.015625
                 323                8345               16910              1722.6             1757.81            0.015625
                 324                8345               11710             1753.14             1757.81            0.015625
                 325                8345               21500             1696.56             1757.81            0.015625
                 326                8345               13045             1742.23             1757.81            0.015625
                 327                8345               10280             1750.37             1757.81            0.015625
                 328                8345               18245             1690.36             1757.81            0.015625
                 329                8345               14160             1738.46             1757.81            0.015625
                 330                8345               17980             1729.02             1757.81            0.015625
                 331                8345               11585             1751.22             1757.81            0.015625
                 332                8345               21155             1703.12             1757.81            0.015625
                 333                8345               12935              1750.8             1757.81            0.015625
                 334                8345               15950             1707.64             1757.81            0.015625
                 335                8345               15290             1733.94             1757.81            0.015625
                 336                8345               16035             1740.31             1757.81            0.015625
                 337                8345               13925             1745.54             1757.81            0.015625
                 338                8345               17760             1713.92             1757.81            0.015625
                 339                8345               13580             1750.87             1757.81            0.015625
                 340                8345               10955             1765.48             1765.48            0.015625
                 341                8345               21500             1675.84             1765.48            0.015625
                 342                8345               18955             1699.08             1765.48            0.015625
                 343                8345               11270             1756.11             1765.48            0.015625
                 344                8345               20290              1691.4             1765.48            0.015625
                 345                8345               14145             1740.73             1765.48            0.015625
                 346                8345               18670             1730.82             1765.48            0.015625
                 347                8345               11175             1755.28             1765.48            0.015625
                 348                8345               19660             1699.98             1765.48            0.015625
                 349                8345               18010             1722.49             1765.48            0.015625
                 350                8345               11710             1753.83             1765.48            0.015625
                 351                8345                7215             1766.09             1766.09            0.015625
                 352                8345               19740             1670.87             1766.09            0.015625
                 353                8345               12905             1712.92             1766.09            0.015625
                 354                8345               10375             1721.69             1766.09            0.015625
                 355                8345               13940             1720.21             1766.09            0.015625
                 356                8345               12700             1747.12             1766.09            0.015625
                 357                8345               20585                1706             1766.09            0.015625
                 358                8345               13125             1751.76             1766.09            0.015625
                 359                8345               18090             1720.28             1766.09            0.015625
                 360                8345               11615             1761.65             1766.09            0.015625
                 361                8345               17540             1696.09             1766.09            0.015625
                 362                8345               16660             1711.72             1766.09            0.015625
                 363                8345               12810             1759.52             1766.09            0.015625
                 364                8345               16110             1732.62             1766.09            0.015625
                 365                8345               14475             1736.17             1766.09            0.015625
                 366                8345               17960             1732.49             1766.09            0.015625
                 367                8345               14255             1753.03             1766.09            0.015625
                 368                8345               18465             1727.29             1766.09            0.015625
                 369                8345               10610             1756.84             1766.09            0.015625
                 370                8345               19755             1676.13             1766.09            0.015625
                 371                8345               15545             1716.49             1766.09            0.015625
                 372                8345               13735             1747.36             1766.09            0.015625
                 373                8345               20115             1726.44             1766.09            0.015625
                 374                8345               11600             1756.53             1766.09            0.015625
                 375                8345               19600             1696.69             1766.09            0.015625
                 376                8345               13200             1748.14             1766.09            0.015625
                 377                8345               12180             1757.63             1766.09           0.0078125
Lagrangian Relaxation Time: 6.29096 s.
Tried aggregator 1 time.
MIP Presolve eliminated 314 rows and 728 columns.
MIP Presolve modified 63 coefficients.
Reduced MIP has 746 rows, 2849 columns, and 25588 nonzeros.
Reduced MIP has 1557 binaries, 0 generals, 0 SOSs, and 0 indicators.
Presolve time = 0.05 sec. (7.66 ticks)
Probing time = 0.02 sec. (2.73 ticks)
Tried aggregator 1 time.
MIP Presolve eliminated 55 rows and 110 columns.
Reduced MIP has 691 rows, 2739 columns, and 24861 nonzeros.
Reduced MIP has 1557 binaries, 0 generals, 0 SOSs, and 0 indicators.
Presolve time = 0.06 sec. (9.25 ticks)
Probing time = 0.02 sec. (2.70 ticks)
Clique table members: 100.
MIP emphasis: integer feasibility.
MIP search method: dynamic search.
Parallel mode: none, using 1 thread.
Root relaxation solution time = 0.90 sec. (209.38 ticks)

        Nodes                                         Cuts/
   Node  Left     Objective  IInf  Best Integer    Best Bound    ItCnt     Gap

      0     0     1825.0000   105                   1825.0000     2076         
*     0+    0                         8000.0000     1825.0000            77.19%
      0     0     1838.0287   162     8000.0000      Fract: 6     2478   77.02%
*     0+    0                         7295.0000     1838.0287            74.80%
*     0+    0                         5300.0000     1838.0287            65.32%
*     0+    0                         2735.0000     1838.0287            32.80%
*     0+    0                         2705.0000     1838.0287            32.05%
      0     2     1838.0287   160     2705.0000     1838.0388     2478   32.05%
Elapsed time = 2.82 sec. (995.61 ticks, tree = 0.01 MB, solutions = 5)
      2     4     1861.3462   150     2705.0000     1861.3462     4313   31.19%
      3     5     1863.7500   146     2705.0000     1861.3462     4407   31.19%
      4     6     1904.8944   184     2705.0000     1861.3462     4803   31.19%
      5     7     1865.5605   168     2705.0000     1861.3462     5400   31.19%
      6     8     1899.8719   185     2705.0000     1861.3462     6871   31.19%
      7     9     1926.2500   125     2705.0000     1861.3462     7818   31.19%
      8    10     1951.6854   173     2705.0000     1861.3462     8283   31.19%
      9    11     1946.2500   115     2705.0000     1861.3462     8565   31.19%
     10    12     1950.0000   115     2705.0000     1861.3462     8639   31.19%
     17    19     1997.5974   160     2705.0000     1861.3462    10248   31.19%
Elapsed time = 4.06 sec. (1981.00 ticks, tree = 0.07 MB, solutions = 5)
*    28    27      integral     0     2060.0000     1861.3462    12095    9.64%
*    42    35      integral     0     2045.0000     1865.0357    16642    8.80%
     49    38     1904.6923   212     2045.0000     1865.0649    17791    8.80%
     50    39     1910.0186   210     2045.0000     1865.0649    17898    8.80%
     51    40     1914.0526   196     2045.0000     1865.0649    17963    8.80%
     52    41     1921.3739   207     2045.0000     1865.0649    18131    8.80%
     53    42     1934.4066   208     2045.0000     1865.0649    18261    8.80%
     54    43     1949.8895   210     2045.0000     1865.0649    18416    8.80%
     55    44     1957.0686   216     2045.0000     1865.0649    18564    8.80%
     56    45     2001.4931   209     2045.0000     1865.0649    18872    8.80%
     57    46     2006.8471   198     2045.0000     1865.0649    19093    8.80%
Elapsed time = 5.31 sec. (3094.24 ticks, tree = 0.16 MB, solutions = 7)
*    90    19      integral     0     1935.0000     1865.0649    25289    3.61%
    109    26     1928.5180   183     1935.0000     1880.8333    27486    2.80%
    110    25        cutoff           1935.0000     1880.8333    27501    2.80%
    111    24        cutoff           1935.0000     1880.8333    27509    2.80%
    112    25     1902.4844   186     1935.0000     1880.8333    27597    2.80%
    113    26     1913.0357   188     1935.0000     1880.8333    27744    2.80%
    114    25        cutoff           1935.0000     1880.8333    27776    2.80%
    115    26     1917.5255   183     1935.0000     1880.8333    27863    2.80%
    116    25        cutoff           1935.0000     1880.8333    27982    2.80%
    117    26     1934.1667   130     1935.0000     1880.8333    28082    2.80%
    118    25        cutoff           1935.0000     1880.8333    28086    2.80%
Elapsed time = 7.46 sec. (4138.87 ticks, tree = 0.11 MB, solutions = 8)
*   139     1      integral     0     1890.0000     1881.9444    30197    0.43%

Gomory fractional cuts applied:  3

Root node processing (before b&c):
  Real time             =    2.78 sec. (981.71 ticks)
Sequential b&c:
  Real time             =    5.95 sec. (3437.07 ticks)
                          ------------
Total (root+branch&cut) =    8.73 sec. (4418.78 ticks)

Root node processing (before b&c):
  Real time             =    0.00 sec. (1.14 ticks)
Sequential b&c:
  Real time             =    0.00 sec. (0.00 ticks)
                          ------------
Total (root+branch&cut) =    0.00 sec. (1.14 ticks)
Best Solution Found: 1890
Optimality Gap: 0.0701586
Solution is feasible
Total Time: 15.0287 s.
Best Solution: 1890
SubProblem Destroyed
...done!
