4
Instancias/Problem_0_342.txt
                   1               68500               68820                1500                1500                   2
                   2               29245               65020        -1.13447e+06                1500                   2
                   3               28145               64030        -1.07899e+06                1500                   2
                   4               27925               63920         -1.0257e+06                1500                   2
                   5               27925               64470             -972856                1500                   2
                   6               27925               64250             -920009                1500                   2
                   7               27925               63700             -867163                1500                   2
                   8               27250               62805             -814316                1500                   2
                   9               27250               63025             -762818                1500                   2
                  10               27250               62915             -711783                1500                   2
                  11               27250               63025             -668246                1500                   2
                  12               27250               62805             -616754                1500                   2
                  13               27250               62820             -565261                1500                   2
                  14               27250               62380             -513765                1500                   2
                  15               27250               62710             -462267                1500                   2
                  16               27030               61170             -410797                1500                   2
                  17               27030               61830             -370530                1500                   2
                  18               26480               59615             -319490                1500                   2
                  19               26480               59725             -269543                1500                   2
                  20               26260               59285             -219609                1500                   2
                  21               26260               59190             -184939                1500                   2
                  22               25945               57855             -135605                1500                   2
                  23               25710               58265            -98328.1                1500                   2
                  24               24925               57420            -59823.7                1500                   2
                  25               24925               58535            -35421.1                1500                   2
                  26               22990               49840            -24201.3                1500                   2
                  27               21230               52900            -17479.5                1500                   1
                  28               20805               51425            -13662.7                1500                   1
                  29               20805               50120            -11145.4                1500                   1
                  30               17125               45225            -13992.4                1500                   1
                  31               16670               45025            -6343.94                1500                   1
                  32               15445               41065            -4112.55                1500                   1
                  33               13890               38675            -2384.66                1500                   1
                  34               13545               46460             -2987.9                1500                   1
                  35               13105               49760            -9251.76                1500                   1
                  36               13105               48175             -5309.2                1500                   1
                  37               12005               49380            -3130.74                1500                   1
                  38               11785               40755            -1239.63                1500                   1
                  39               11235               53420            -7120.43                1500                   1
                  40               11235               46130            -3666.69                1500                   1
                  41                9680               46145             -3134.3                1500                   1
                  42                9460               40820            -1364.39                1500                   1
                  43                9130               50360            -3864.43                1500                   1
                  44                9130               35815            -485.082                1500                   1
                  45                8785               55105            -4583.97                1500                   1
                  46                8785               38995            -1394.68                1500                   1
                  47                8345               56140            -2879.08                1500                   1
                  48                8345               36190            -166.724                1500                   1
                  49                8345               52445            -3211.78                1500                   1
                  50                8345               34725            -522.684                1500                   1
                  51                8345               45300            -2915.73                1500                   1
                  52                8125               33530            -314.947                1500                   1
                  53                8125               35745             428.412                1500                 0.5
                  54                8125               39360            -519.398                1500                 0.5
                  55                8125               26635               540.3                1500                 0.5
                  56                8125               48725            -1746.12                1500                 0.5
                  57                8125               34115             521.617                1500                 0.5
                  58                8125               38875            -266.582                1500                 0.5
                  59                8125               34650             508.102                1500                 0.5
                  60                8125               25255              1062.4                1500                 0.5
                  61                8125               48835            -1765.95                1500                 0.5
                  62                8125               31405             299.726                1500                 0.5
                  63                8125               40635            -456.781                1500                 0.5
                  64                8125               28430              796.42                1500                 0.5
                  65                8125               43905            -873.174                1500                 0.5
                  66                8125               34080             727.282                1500                 0.5
                  67                8030               44470            -355.861                1500                 0.5
                  68                8030               26745             965.871                1500                 0.5
                  69                7685               46275            -1258.06                1500                 0.5
                  70                7685               31650             534.648                1500                 0.5
                  71                7685               46765            -513.121                1500                 0.5
                  72                7685               28490              908.19                1500                 0.5
                  73                7685               38205            -463.131                1500                 0.5
                  74                7685               33160             664.667                1500                 0.5
                  75                7685               41055            -48.6161                1500                 0.5
                  76                7685               29970             894.959                1500                 0.5
                  77                7685               38405            -351.983                1500                 0.5
                  78                7685               31445              794.68                1500                 0.5
                  79                7685               43670            -152.186                1500                0.25
                  80                7685               26920             867.377                1500                0.25
                  81                7685               34715             832.598                1500                0.25
                  82                7685               22960             1254.97                1500                0.25
                  83                7685               44815             91.2411                1500                0.25
                  84                7685               31680             853.755                1500                0.25
                  85                7685               27710             1144.32                1500                0.25
                  86                7685               34810             684.882                1500                0.25
                  87                7685               23985             1289.98                1500                0.25
                  88                7685               35895             483.382                1500                0.25
                  89                7685               27250             1040.91                1500                0.25
                  90                7685               30410             781.735                1500                0.25
                  91                7685               22710             1210.59                1500                0.25
                  92                7685               34745             546.279                1500                0.25
                  93                7685               27610             1078.98                1500                0.25
                  94                7685               33255              918.56                1500                0.25
                  95                7685               23135              1238.3                1500                0.25
                  96                7685               34635             649.732                1500                0.25
                  97                7685               28445             1159.94                1500                0.25
                  98                7685               34460             896.375                1500                0.25
                  99                7685               23825             1275.65                1500                0.25
                 100                7685               35595             703.971                1500                0.25
                 101                7685               27095             1357.94                1500                0.25
                 102                7685               33425             646.629                1500                0.25
                 103                7685               22740              1338.4                1500                0.25
                 104                7685               38560             335.302                1500                0.25
                 105                7685               24280             1219.43                1500               0.125
                 106                7685               22585             1368.47                1500               0.125
                 107                7685               32610             1201.02                1500               0.125
                 108                7685               22255             1464.55                1500               0.125
                 109                7685               31100             1054.28                1500               0.125
                 110                7685               16630             1515.06             1515.06               0.125
                 111                7575               35295             915.314             1515.06               0.125
                 112                7575               25365              1214.5             1515.06               0.125
                 113                7575               25760             1378.27             1515.06               0.125
                 114                7575               25775             1390.55             1515.06               0.125
                 115                7575               27080             1347.59             1515.06               0.125
                 116                7575               25035             1424.63             1515.06               0.125
                 117                7575               29435             1260.89             1515.06               0.125
                 118                7575               18780             1468.73             1515.06               0.125
                 119                7575               31775             1058.43             1515.06               0.125
                 120                7575               21550             1481.93             1515.06               0.125
                 121                7575               30910             1271.73             1515.06               0.125
                 122                7575               26090             1423.98             1515.06               0.125
                 123                7575               24060             1355.93             1515.06               0.125
                 124                7575               21360              1442.5             1515.06               0.125
                 125                7575               31070             1202.91             1515.06               0.125
                 126                7575               20605             1466.59             1515.06               0.125
                 127                7575               27630             1137.64             1515.06               0.125
                 128                7575               22130             1545.78             1545.78               0.125
                 129                7575               28915             1195.21             1545.78               0.125
                 130                7575               24785             1492.75             1545.78               0.125
                 131                7575               32705              1229.8             1545.78               0.125
                 132                7575               25100             1530.73             1545.78               0.125
                 133                7575               32280             1155.96             1545.78               0.125
                 134                7575               17950             1524.72             1545.78               0.125
                 135                7575               32595             1058.22             1545.78               0.125
                 136                7575               21245             1483.95             1545.78               0.125
                 137                7575               29545             1245.63             1545.78               0.125
                 138                7575               27130             1522.32             1545.78               0.125
                 139                7575               32925             1244.36             1545.78               0.125
                 140                7575               20495             1566.99             1566.99               0.125
                 141                7575               33160             990.842             1566.99               0.125
                 142                7575               26575             1286.28             1566.99               0.125
                 143                7575               23795             1460.66             1566.99               0.125
                 144                7575               27820             1353.05             1566.99               0.125
                 145                7575               24845             1485.18             1566.99               0.125
                 146                7575               28275             1346.75             1566.99               0.125
                 147                7575               25505             1478.89             1566.99               0.125
                 148                7575               26955             1274.93             1566.99               0.125
                 149                7575               20840             1542.57             1566.99               0.125
                 150                7575               31795             1168.45             1566.99               0.125
                 151                7575               21910             1503.41             1566.99               0.125
                 152                7575               33600             1279.87             1566.99               0.125
                 153                7575               24770             1554.59             1566.99               0.125
                 154                7575               32125             1241.56             1566.99               0.125
                 155                7575               20480             1548.84             1566.99               0.125
                 156                7575               15655             1632.09             1632.09               0.125
                 157                7575               36315             798.263             1632.09               0.125
                 158                7575               23320             1305.49             1632.09               0.125
                 159                7575               26325             1436.51             1632.09               0.125
                 160                7575               22350             1475.87             1632.09               0.125
                 161                7575               29875             1308.24             1632.09               0.125
                 162                7575               19445             1554.02             1632.09               0.125
                 163                7575               30580             1156.28             1632.09               0.125
                 164                7575               23495             1507.75             1632.09               0.125
                 165                7575               33225             1298.42             1632.09               0.125
                 166                7575               20495             1557.83             1632.09               0.125
                 167                7575               31085             1170.73             1632.09               0.125
                 168                7575               20040             1557.96             1632.09               0.125
                 169                7575               30880              1181.1             1632.09               0.125
                 170                7575               21015             1576.78             1632.09               0.125
                 171                7575               35735             1048.14             1632.09               0.125
                 172                7575               22570             1519.15             1632.09               0.125
                 173                7575               27325             1304.09             1632.09               0.125
                 174                7575               20335             1500.17             1632.09               0.125
                 175                7575               30035             1235.85             1632.09               0.125
                 176                7575               20700             1537.23             1632.09               0.125
                 177                7575               28290             1151.28             1632.09               0.125
                 178                7575               21235             1547.57             1632.09               0.125
                 179                7575               32750             1150.06             1632.09               0.125
                 180                7575               21140             1514.65             1632.09               0.125
                 181                7575               32090             1206.32             1632.09               0.125
                 182                7575               22440             1553.72             1632.09              0.0625
                 183                7575               17225             1629.55             1632.09              0.0625
                 184                7575               26700             1479.37             1632.09              0.0625
                 185                7575               21470             1573.68             1632.09              0.0625
                 186                7575               23420              1560.9             1632.09              0.0625
                 187                7575               20965             1599.36             1632.09              0.0625
                 188                7575               20780             1563.54             1632.09              0.0625
                 189                7575               19395             1601.17             1632.09              0.0625
                 190                7575               25195             1520.49             1632.09              0.0625
                 191                7575               18185             1647.05             1647.05              0.0625
                 192                7575               23875             1492.92             1647.05              0.0625
                 193                7575               18580             1593.72             1647.05              0.0625
                 194                7575               27155             1526.98             1647.05              0.0625
                 195                7575               17370             1646.04             1647.05              0.0625
                 196                7575               25965              1482.4             1647.05              0.0625
                 197                7575               16205             1640.25             1647.05              0.0625
                 198                7575               26310             1469.45             1647.05              0.0625
                 199                7575               17605             1644.86             1647.05              0.0625
                 200                7575               26765             1475.38             1647.05              0.0625
                 201                7575               16820             1646.12             1647.05              0.0625
                 202                7575               30300             1379.35             1647.05              0.0625
                 203                7575               25395             1514.67             1647.05              0.0625
                 204                7575               21220             1635.09             1647.05              0.0625
                 205                7575               22885              1545.7             1647.05              0.0625
                 206                7575               17745             1634.61             1647.05              0.0625
                 207                7575               24190                1501             1647.05              0.0625
                 208                7575               18250             1642.02             1647.05              0.0625
                 209                7575               26845             1488.07             1647.05              0.0625
                 210                7575               18500             1645.52             1647.05              0.0625
                 211                7575               24975             1537.34             1647.05              0.0625
                 212                7575               18815             1610.48             1647.05              0.0625
                 213                7575               12340             1676.12             1676.12              0.0625
                 214                7575               26185             1265.71             1676.12              0.0625
                 215                7575               17510             1577.15             1676.12              0.0625
                 216                7575               21470             1514.04             1676.12              0.0625
                 217                7575               18690             1644.16             1676.12              0.0625
                 218                7575               26575             1465.89             1676.12              0.0625
                 219                7575               14980             1672.86             1676.12              0.0625
                 220                7575               25775             1496.88             1676.12              0.0625
                 221                7575               21170             1613.95             1676.12              0.0625
                 222                7575               25130             1577.73             1676.12              0.0625
                 223                7575               24770             1599.83             1676.12              0.0625
                 224                7575               16315             1684.79             1684.79              0.0625
                 225                7575               13770             1696.39             1696.39              0.0625
                 226                7575               28305             1324.36             1696.39              0.0625
                 227                7575               20905             1562.26             1696.39              0.0625
                 228                7575               21185             1573.84             1696.39              0.0625
                 229                7575               25460             1605.51             1696.39              0.0625
                 230                7575               22395             1625.42             1696.39              0.0625
                 231                7575               24160              1561.7             1696.39              0.0625
                 232                7575               21265             1654.36             1696.39              0.0625
                 233                7575               24455             1575.84             1696.39              0.0625
                 234                7575               24280             1629.39             1696.39              0.0625
                 235                7575               21330             1559.88             1696.39              0.0625
                 236                7575               18675             1653.83             1696.39              0.0625
                 237                7575               25350             1518.59             1696.39              0.0625
                 238                7575               19445             1650.08             1696.39              0.0625
                 239                7575               23905             1529.55             1696.39              0.0625
                 240                7575               19395             1614.39             1696.39              0.0625
                 241                7575               25430             1557.86             1696.39              0.0625
                 242                7575               17480             1650.56             1696.39              0.0625
                 243                7575               22380             1521.73             1696.39              0.0625
                 244                7575               14950             1661.55             1696.39              0.0625
                 245                7575               26780             1501.21             1696.39              0.0625
                 246                7575               21625             1628.11             1696.39              0.0625
                 247                7575               24250             1613.04             1696.39              0.0625
                 248                7575               23435             1614.88             1696.39              0.0625
                 249                7575               21785              1639.1             1696.39              0.0625
                 250                7575               22430              1574.2             1696.39              0.0625
                 251                7575               22065             1642.38             1696.39             0.03125
                 252                7575               14305             1691.12             1696.39             0.03125
                 253                7575               13740             1710.87             1710.87             0.03125
                 254                7575               24550             1573.68             1710.87             0.03125
                 255                7575               16600             1681.55             1710.87             0.03125
                 256                7575               19755             1655.49             1710.87             0.03125
                 257                7575               17055             1693.95             1710.87             0.03125
                 258                7575               22885             1632.21             1710.87             0.03125
                 259                7575               12325             1708.84             1710.87             0.03125
                 260                7575               24110             1594.34             1710.87             0.03125
                 261                7575               16160             1685.41             1710.87             0.03125
                 262                7575               23955             1617.19             1710.87             0.03125
                 263                7575               18250             1675.92             1710.87             0.03125
                 264                7575               16695             1691.93             1710.87             0.03125
                 265                7575               21640             1619.46             1710.87             0.03125
                 266                7575               19220             1677.32             1710.87             0.03125
                 267                7575               16160             1687.95             1710.87             0.03125
                 268                7575               21500             1645.01             1710.87             0.03125
                 269                7575               15280             1713.43             1713.43             0.03125
                 270                7575               23920             1613.56             1713.43             0.03125
                 271                7575               15420              1709.3             1713.43             0.03125
                 272                7575               11225             1731.49             1731.49             0.03125
                 273                7575               23420             1552.48             1731.49             0.03125
                 274                7575               16930             1680.36             1731.49             0.03125
                 275                7575               17855             1662.01             1731.49             0.03125
                 276                7575               15390             1681.37             1731.49             0.03125
                 277                7575               19535             1660.18             1731.49             0.03125
                 278                7575               16725             1711.33             1731.49             0.03125
                 279                7575               22490             1646.83             1731.49             0.03125
                 280                7575               15045             1720.58             1731.49             0.03125
                 281                7575                9325             1737.02             1737.02             0.03125
                 282                7575               25445             1509.57             1737.02             0.03125
                 283                7575               20260             1644.09             1737.02             0.03125
                 284                7575               19710             1638.39             1737.02             0.03125
                 285                7575               18405             1676.96             1737.02             0.03125
                 286                7575               20950             1660.19             1737.02             0.03125
                 287                7575               19160             1707.76             1737.02             0.03125
                 288                7575               19490             1679.69             1737.02             0.03125
                 289                7575               20340              1679.7             1737.02             0.03125
                 290                7575               18015             1679.51             1737.02             0.03125
                 291                7575               14180             1718.69             1737.02             0.03125
                 292                7575               25460             1604.47             1737.02             0.03125
                 293                7575               15750             1701.49             1737.02             0.03125
                 294                7575               20370             1652.76             1737.02             0.03125
                 295                7575               16915             1709.18             1737.02             0.03125
                 296                7575               21220             1666.86             1737.02             0.03125
                 297                7575               15890             1713.34             1737.02             0.03125
                 298                7575               23325              1648.7             1737.02             0.03125
                 299                7575               17620             1711.04             1737.02             0.03125
                 300                7575               13425             1734.51             1737.02             0.03125
                 301                7575               25525             1552.02             1737.02             0.03125
                 302                7575               23310             1629.52             1737.02             0.03125
                 303                7575               19270             1709.54             1737.02             0.03125
                 304                7575               19270             1684.52             1737.02             0.03125
                 305                7575               21580             1678.09             1737.02             0.03125
                 306                7575               18280             1703.15             1737.02             0.03125
                 307                7575               15390             1735.89             1737.02            0.015625
                 308                7575               15375             1715.62             1737.02            0.015625
                 309                7575               18325             1722.25             1737.02            0.015625
                 310                7575               15045             1734.26             1737.02            0.015625
                 311                7575               17350             1707.38             1737.02            0.015625
                 312                7575               16330             1726.26             1737.02            0.015625
                 313                7575               18895              1714.7             1737.02            0.015625
                 314                7575               14225             1742.28             1742.28            0.015625
                 315                7575               20105             1710.41             1742.28            0.015625
                 316                7575               13315             1737.94             1742.28            0.015625
                 317                7575               19145             1708.52             1742.28            0.015625
                 318                7575               14855             1735.45             1742.28            0.015625
                 319                7575               16520             1715.39             1742.28            0.015625
                 320                7575               16065              1730.6             1742.28            0.015625
                 321                7575               16395             1727.33             1742.28            0.015625
                 322                7575               19020             1728.67             1742.28            0.015625
                 323                7575               15420             1738.98             1742.28            0.015625
                 324                7575               17355             1715.17             1742.28            0.015625
                 325                7575               15500             1744.43             1744.43            0.015625
                 326                7575               22210             1708.23             1744.43            0.015625
                 327                7575               14100             1741.61             1744.43            0.015625
                 328                7575               22210              1691.9             1744.43            0.015625
                 329                7575               19255             1716.94             1744.43            0.015625
                 330                7575               15045             1749.56             1749.56            0.015625
                 331                7575               18830             1698.28             1749.56            0.015625
                 332                7575               15185             1736.89             1749.56            0.015625
                 333                7575               19650             1723.28             1749.56            0.015625
                 334                7575               17855             1738.81             1749.56            0.015625
                 335                7575               15280             1731.98             1749.56            0.015625
                 336                7575               18310             1725.71             1749.56            0.015625
                 337                7575               15325             1742.33             1749.56            0.015625
                 338                7575               19255             1708.35             1749.56            0.015625
                 339                7575               14825             1751.12             1751.12            0.015625
                 340                7575               19160             1697.75             1751.12            0.015625
                 341                7575               14635              1745.8             1751.12            0.015625
                 342                7575               21630              1710.7             1751.12            0.015625
                 343                7575               14950             1741.59             1751.12            0.015625
                 344                7575               17260             1723.36             1751.12            0.015625
                 345                7575               15720             1739.41             1751.12            0.015625
                 346                7575               12420             1750.82             1751.12            0.015625
                 347                7575               24865             1674.76             1751.12            0.015625
                 348                7575               17700             1731.34             1751.12            0.015625
                 349                7575               17165             1732.64             1751.12            0.015625
                 350                7575               18015             1737.77             1751.12            0.015625
                 351                7575               20825             1722.82             1751.12            0.015625
                 352                7575               13880             1747.13             1751.12            0.015625
                 353                7575               17950             1705.35             1751.12            0.015625
                 354                7575               14195             1752.86             1752.86            0.015625
                 355                7575               10880             1758.06             1758.06            0.015625
                 356                7575               22115             1681.67             1758.06            0.015625
                 357                7575               16725             1725.39             1758.06            0.015625
                 358                7575               18360             1717.29             1758.06            0.015625
                 359                7575               17005             1741.62             1758.06            0.015625
                 360                7575               18910             1726.74             1758.06            0.015625
                 361                7575               18910             1743.44             1758.06            0.015625
                 362                7575               17620                1733             1758.06            0.015625
                 363                7575               20385             1737.88             1758.06            0.015625
                 364                7575               15515             1739.18             1758.06            0.015625
                 365                7575               13770             1751.94             1758.06            0.015625
                 366                7575               24835             1689.33             1758.06            0.015625
                 367                7575               14085             1746.31             1758.06            0.015625
                 368                7575               18390             1714.38             1758.06            0.015625
                 369                7575               15610             1748.16             1758.06            0.015625
                 370                7575               18925             1711.76             1758.06            0.015625
                 371                7575               15390             1749.24             1758.06            0.015625
                 372                7575               18815             1714.71             1758.06            0.015625
                 373                7575               17730             1725.62             1758.06            0.015625
                 374                7575               16835             1746.04             1758.06            0.015625
                 375                7575               19350             1724.52             1758.06            0.015625
                 376                7575               14445             1746.83             1758.06            0.015625
                 377                7575               11460             1760.13             1760.13            0.015625
                 378                7575               25965             1660.88             1760.13            0.015625
                 379                7575               22430             1693.55             1760.13            0.015625
                 380                7575               16240             1737.25             1760.13            0.015625
                 381                7575               21280             1724.66             1760.13            0.015625
                 382                7575               11665             1751.66             1760.13            0.015625
                 383                7575               22320             1677.89             1760.13            0.015625
                 384                7575               19885             1709.08             1760.13            0.015625
                 385                7575               15515             1748.51             1760.13            0.015625
                 386                7575               19365             1713.45             1760.13            0.015625
                 387                7575               18295                1737             1760.13            0.015625
                 388                7575               18720             1731.82             1760.13            0.015625
                 389                7575               17070             1743.77             1760.13            0.015625
                 390                7575               16175             1733.54             1760.13            0.015625
                 391                7575               19365             1736.47             1760.13            0.015625
                 392                7575               18720              1745.3             1760.13            0.015625
                 393                7575               20010             1737.57             1760.13            0.015625
                 394                7575               15860             1746.87             1760.13            0.015625
                 395                7575               18390             1724.18             1760.13            0.015625
                 396                7575               15815             1750.09             1760.13            0.015625
                 397                7575               11305             1763.79             1763.79            0.015625
                 398                7575               23120             1667.04             1763.79            0.015625
                 399                7575               17305             1732.92             1763.79            0.015625
                 400                7575               21235             1725.09             1763.79            0.015625
                 401                7575               16695              1746.1             1763.79            0.015625
                 402                7575               18720             1726.79             1763.79            0.015625
                 403                7575               17920             1742.12             1763.79            0.015625
                 404                7575               20165             1733.19             1763.79            0.015625
                 405                7575               15875              1746.9             1763.79            0.015625
                 406                7575               20010             1721.65             1763.79            0.015625
                 407                7575               16505             1746.97             1763.79            0.015625
                 408                7575               19240              1727.2             1763.79            0.015625
                 409                7575               16050             1743.94             1763.79            0.015625
                 410                7575               21645             1733.46             1763.79            0.015625
                 411                7575               17590             1747.84             1763.79            0.015625
                 412                7575               17510             1740.54             1763.79            0.015625
                 413                7575               19005             1739.59             1763.79            0.015625
                 414                7575               15795             1747.15             1763.79            0.015625
                 415                7575               22100             1727.89             1763.79            0.015625
                 416                7575               16380             1748.72             1763.79            0.015625
                 417                7575               20260             1725.27             1763.79            0.015625
                 418                7575               16350             1750.19             1763.79            0.015625
                 419                7575               20855             1725.83             1763.79            0.015625
                 420                7575               16490             1748.14             1763.79            0.015625
                 421                7575               18155             1731.94             1763.79            0.015625
                 422                7575               16865             1750.37             1763.79            0.015625
                 423                7575               18295             1736.32             1763.79           0.0078125
Lagrangian Relaxation Time: 7.39493 s.
Tried aggregator 1 time.
MIP Presolve eliminated 322 rows and 745 columns.
MIP Presolve modified 28 coefficients.
Reduced MIP has 738 rows, 2686 columns, and 23565 nonzeros.
Reduced MIP has 1410 binaries, 0 generals, 0 SOSs, and 0 indicators.
Presolve time = 0.03 sec. (6.67 ticks)
Probing time = 0.01 sec. (2.69 ticks)
Tried aggregator 1 time.
MIP Presolve eliminated 77 rows and 154 columns.
Reduced MIP has 661 rows, 2532 columns, and 22642 nonzeros.
Reduced MIP has 1410 binaries, 0 generals, 0 SOSs, and 0 indicators.
Presolve time = 0.04 sec. (8.60 ticks)
Probing time = 0.02 sec. (2.65 ticks)
Clique table members: 100.
MIP emphasis: integer feasibility.
MIP search method: dynamic search.
Parallel mode: none, using 1 thread.
Root relaxation solution time = 0.79 sec. (264.54 ticks)

        Nodes                                         Cuts/
   Node  Left     Objective  IInf  Best Integer    Best Bound    ItCnt     Gap

      0     0     1855.4851   171                   1855.4851     2678         
*     0+    0                         7470.0000     1855.4851            75.16%
      0     0     1860.0581   164     7470.0000      Fract: 1     2821   75.10%
*     0+    0                         5615.0000     1860.0581            66.87%
      0     0     1861.7824   160     5615.0000      Fract: 1     2973   66.84%
*     0+    0                         2520.0000     1861.7824            26.12%
      0     2     1861.7824   160     2520.0000     1861.8562     2973   26.12%
Elapsed time = 2.35 sec. (613.99 ticks, tree = 0.01 MB, solutions = 3)
      4     6     1890.0000    57     2520.0000     1880.4439     5169   25.38%
      5     7     1890.0000    53     2520.0000     1880.4439     5890   25.38%
      6     8     1890.0000    12     2520.0000     1880.4439     6314   25.38%
      7     9     1890.0000    10     2520.0000     1880.4439     6535   25.38%
      8    10     1890.0000    12     2520.0000     1880.4439     6700   25.38%
*     9     6      integral     0     1890.0000     1880.4439     6701    0.51%
      9     4     1890.0000     0     1890.0000     1880.4439     6701    0.51%

Gomory fractional cuts applied:  2

Root node processing (before b&c):
  Real time             =    2.32 sec. (598.03 ticks)
Sequential b&c:
  Real time             =    1.64 sec. (465.71 ticks)
                          ------------
Total (root+branch&cut) =    3.96 sec. (1063.74 ticks)

Root node processing (before b&c):
  Real time             =    0.00 sec. (0.58 ticks)
Sequential b&c:
  Real time             =    0.00 sec. (0.00 ticks)
                          ------------
Total (root+branch&cut) =    0.00 sec. (0.58 ticks)
Best Solution Found: 1890
Optimality Gap: 0.0715589
Solution is feasible
Total Time: 11.3281 s.
Best Solution: 1890
SubProblem Destroyed
...done!
