192
1
EMPL 75
4 41 18 61 18 139 18 159 18 
6 0 1 4 5 6 9 
2 85 26 113 27 
5 2 3 8 9 11 
4 14 17 33 19 110 18 130 17 
7 1 4 7 8 9 10 11 
4 41 18 61 19 117 18 137 18 
7 2 3 6 7 8 10 11 
4 6 18 26 17 147 18 167 18 
8 3 4 5 7 8 9 10 11 
4 50 19 71 17 131 19 152 19 
5 1 4 5 8 11 
4 9 18 29 18 117 18 137 18 
7 2 3 5 6 8 10 11 
4 6 17 25 17 127 19 148 19 
7 1 3 4 5 6 8 9 
4 28 19 49 19 135 16 153 18 
8 1 4 6 7 8 9 10 11 
4 2 19 23 16 114 19 135 18 
7 1 3 4 5 6 8 9 
2 76 28 106 27 
5 1 3 4 7 11 
4 3 16 21 19 143 19 164 18 
8 0 1 3 4 5 7 9 11 
4 5 18 25 18 125 17 144 17 
7 1 4 5 7 8 10 11 
4 50 18 70 17 113 18 133 16 
6 1 4 5 6 8 9 
4 19 18 39 17 141 18 161 17 
7 2 4 5 6 8 9 10 
4 3 18 23 18 116 16 134 19 
7 0 1 3 4 5 6 8 
2 88 26 116 28 
7 1 4 5 6 7 8 11 
2 55 25 82 27 
7 2 3 6 7 8 9 10 
4 14 18 34 19 127 17 146 17 
7 0 2 3 5 8 9 10 
4 34 18 54 18 103 18 123 17 
8 3 5 6 7 8 9 10 11 
4 25 18 45 18 140 18 160 18 
8 0 1 5 6 7 8 9 10 
4 2 18 22 16 138 17 157 17 
8 1 3 6 7 8 9 10 11 
2 74 27 103 27 
7 2 3 4 5 6 7 11 
4 12 17 31 19 121 18 141 19 
7 0 2 3 4 5 7 8 
4 36 17 55 19 143 16 161 19 
7 2 3 6 7 8 9 10 
4 15 18 35 16 143 19 164 17 
8 1 2 3 4 5 7 8 11 
4 12 19 33 18 105 19 126 19 
10 0 1 3 4 5 6 7 9 10 11 
4 47 18 67 19 134 17 153 18 
7 0 1 3 6 7 10 11 
4 28 18 48 19 136 19 157 19 
6 1 4 6 8 10 11 
4 31 19 52 19 138 18 158 19 
8 3 4 5 6 7 8 9 10 
4 11 18 31 19 96 16 114 17 
7 3 5 6 7 8 9 10 
4 7 18 27 17 130 19 151 17 
7 1 3 4 5 6 7 10 
4 42 16 60 16 98 19 119 18 
8 0 1 2 3 6 7 8 10 
2 62 27 91 26 
6 0 3 4 8 10 11 
2 79 27 108 28 
6 3 5 7 8 9 10 
2 74 28 104 25 
7 0 1 3 5 6 8 10 
2 87 27 116 26 
4 1 4 6 8 
4 4 18 24 17 104 18 124 18 
8 0 1 3 4 5 6 8 11 
4 13 19 34 18 96 18 116 18 
7 1 3 5 6 7 8 10 
2 55 27 84 28 
6 0 1 4 5 9 10 
4 12 19 33 19 108 19 129 17 
7 1 3 4 5 7 8 10 
4 25 17 44 19 116 17 135 19 
8 0 2 3 5 7 8 9 10 
4 6 18 26 16 106 18 126 19 
7 1 4 5 8 9 10 11 
4 43 17 62 17 106 17 125 18 
6 1 2 3 4 6 7 
4 28 18 48 18 99 19 120 17 
7 0 1 5 6 8 9 10 
4 33 19 54 17 107 18 127 18 
6 1 2 5 6 8 10 
4 23 17 42 18 104 19 125 17 
8 0 1 2 3 6 7 9 11 
4 9 18 29 16 145 16 163 18 
5 0 1 3 4 9 
4 47 18 67 18 98 17 117 16 
6 0 1 5 6 9 11 
4 28 18 48 19 96 17 115 17 
7 0 4 5 6 7 9 10 
2 59 26 87 26 
6 0 3 5 9 10 11 
2 98 26 126 27 
4 2 9 10 11 
4 30 17 49 17 145 18 165 18 
7 1 2 5 6 7 9 10 
4 51 17 70 16 117 16 135 19 
6 0 2 4 9 10 11 
4 7 18 27 18 103 19 124 18 
8 1 2 4 5 7 8 10 11 
4 21 18 41 18 131 19 152 18 
9 0 1 3 5 7 8 9 10 11 
2 81 27 110 27 
6 0 1 3 4 8 11 
4 19 17 38 18 116 18 136 18 
5 3 5 6 7 9 
4 45 18 65 18 109 17 128 19 
7 0 1 3 4 5 7 8 
4 22 18 42 17 104 19 125 18 
6 3 4 5 6 7 10 
4 18 19 39 18 146 17 165 18 
7 1 3 4 5 7 9 10 
4 16 17 35 16 118 16 136 18 
6 1 3 8 9 10 11 
4 46 19 67 19 122 19 143 19 
7 0 1 3 4 5 7 8 
4 7 18 27 19 108 18 128 18 
8 3 4 5 6 7 8 9 10 
4 39 17 58 18 113 19 134 17 
6 1 2 3 4 6 8 
4 12 18 32 17 125 18 145 18 
8 0 1 3 4 5 8 9 10 
4 42 17 61 18 145 18 165 18 
7 3 5 6 8 9 10 11 
4 48 19 69 18 131 18 151 16 
5 0 1 3 8 9 
2 55 25 82 27 
6 2 4 5 6 7 8 
4 15 19 36 19 140 19 161 19 
7 2 3 4 5 8 10 11 
4 21 16 39 19 126 16 144 19 
8 0 4 5 6 7 9 10 11 
4 49 19 70 18 118 17 137 17 
6 3 4 5 7 9 11 
4 24 18 44 19 123 17 142 18 
7 3 4 5 7 8 9 11 
2 66 27 95 27 
6 1 2 4 5 7 9 
4 2 16 20 17 109 18 129 19 
7 0 1 2 3 7 9 10 
ACT 12
7 14
0 0 1 1 1 1 1 1 1 1 1 1 1 1 1 1 1 1 2 1 1 1 1 1 1 0 0 0 0 1 1 1 2 2 2 2 2 2 1 1 1 0 0 0 0 1 1 1 1 1 1 1 0 0 2 2 3 3 3 3 3 3 3 3 4 2 2 2 2 2 1 1 1 0 0 0 0 0 2 2 2 3 3 3 3 2 1 2 2 2 2 3 3 3 3 2 1 1 1 1 1 0 0 0 3 3 3 3 3 5 5 6 6 6 5 3 3 4 1 2 2 2 2 2 3 2 2 3 3 2 2 2 2 1 2 2 2 2 1 2 2 3 3 3 2 3 3 3 2 1 1 1 2 2 2 2 2 2 2 2 3 2 1 1 1 1 1 0 0 0 0 0 0 0 0 0 0 0 0 0 0 0 0 0 0 0 0 0 0 0 0 0 
10 10 10 10 10 10 10 10 10 10 10 10 10 10 10 10 10 10 10 10 10 10 10 10 10 10 10 10 10 10 10 10 10 10 10 10 10 10 10 10 10 10 10 10 10 10 10 10 10 10 10 10 10 10 10 10 10 10 10 10 10 10 10 10 10 10 10 10 10 10 10 10 10 10 10 10 10 10 10 10 10 10 10 10 10 10 10 10 10 10 10 10 10 10 10 10 10 10 10 10 10 10 10 10 10 10 10 10 10 10 10 10 10 10 10 10 10 10 10 10 10 10 10 10 10 10 10 10 10 10 10 10 10 10 10 10 10 10 10 10 10 10 10 10 10 10 10 10 10 10 10 10 10 10 10 10 10 10 10 10 10 10 10 10 10 10 10 10 10 10 10 10 10 10 10 10 10 10 10 10 10 10 10 10 10 10 10 10 10 10 10 10 
100 100 100 100 100 100 100 100 100 100 100 100 100 100 100 100 100 100 100 100 100 100 100 100 100 100 100 100 100 100 100 100 100 100 100 100 100 100 100 100 100 100 100 100 100 100 100 100 100 100 100 100 100 100 100 100 100 100 100 100 100 100 100 100 100 100 100 100 100 100 100 100 100 100 100 100 100 100 100 100 100 100 100 100 100 100 100 100 100 100 100 100 100 100 100 100 100 100 100 100 100 100 100 100 100 100 100 100 100 100 100 100 100 100 100 100 100 100 100 100 100 100 100 100 100 100 100 100 100 100 100 100 100 100 100 100 100 100 100 100 100 100 100 100 100 100 100 100 100 100 100 100 100 100 100 100 100 100 100 100 100 100 100 100 100 100 100 100 100 100 100 100 100 100 100 100 100 100 100 100 100 100 100 100 100 100 100 100 100 100 100 100 
6 14
0 0 0 0 0 0 0 0 0 0 0 0 1 3 4 4 4 4 4 2 3 5 5 5 5 4 4 3 3 3 3 4 3 4 3 4 4 4 5 6 6 6 7 6 7 6 6 6 5 5 5 4 2 3 4 4 4 4 4 4 3 2 2 1 1 0 0 1 1 2 2 2 2 2 4 4 4 5 5 4 3 1 1 1 2 2 2 2 1 1 1 2 2 1 1 1 1 1 1 2 3 3 3 3 3 3 3 2 2 1 1 1 1 1 0 1 1 1 1 1 1 1 1 1 2 3 4 6 6 7 7 9 10 9 7 8 8 6 6 5 4 3 1 1 1 3 3 3 4 3 3 3 4 5 5 4 4 4 3 3 1 1 0 0 0 2 2 2 2 2 2 2 1 1 0 0 0 0 0 0 0 0 0 0 0 0 0 0 0 0 0 0 
10 10 10 10 10 10 10 10 10 10 10 10 10 10 10 10 10 10 10 10 10 10 10 10 10 10 10 10 10 10 10 10 10 10 10 10 10 10 10 10 10 10 10 10 10 10 10 10 10 10 10 10 10 10 10 10 10 10 10 10 10 10 10 10 10 10 10 10 10 10 10 10 10 10 10 10 10 10 10 10 10 10 10 10 10 10 10 10 10 10 10 10 10 10 10 10 10 10 10 10 10 10 10 10 10 10 10 10 10 10 10 10 10 10 10 10 10 10 10 10 10 10 10 10 10 10 10 10 10 10 10 10 10 10 10 10 10 10 10 10 10 10 10 10 10 10 10 10 10 10 10 10 10 10 10 10 10 10 10 10 10 10 10 10 10 10 10 10 10 10 10 10 10 10 10 10 10 10 10 10 10 10 10 10 10 10 10 10 10 10 10 10 
100 100 100 100 100 100 100 100 100 100 100 100 100 100 100 100 100 100 100 100 100 100 100 100 100 100 100 100 100 100 100 100 100 100 100 100 100 100 100 100 100 100 100 100 100 100 100 100 100 100 100 100 100 100 100 100 100 100 100 100 100 100 100 100 100 100 100 100 100 100 100 100 100 100 100 100 100 100 100 100 100 100 100 100 100 100 100 100 100 100 100 100 100 100 100 100 100 100 100 100 100 100 100 100 100 100 100 100 100 100 100 100 100 100 100 100 100 100 100 100 100 100 100 100 100 100 100 100 100 100 100 100 100 100 100 100 100 100 100 100 100 100 100 100 100 100 100 100 100 100 100 100 100 100 100 100 100 100 100 100 100 100 100 100 100 100 100 100 100 100 100 100 100 100 100 100 100 100 100 100 100 100 100 100 100 100 100 100 100 100 100 100 
7 14
0 0 0 0 0 0 0 0 0 0 0 0 1 1 1 1 1 1 1 1 3 2 2 3 3 3 3 3 4 4 4 4 3 2 2 3 3 1 1 2 2 2 2 2 3 2 2 2 3 3 2 2 2 1 1 2 2 2 2 2 2 3 3 2 2 2 2 2 0 0 0 0 1 1 1 1 1 1 1 1 1 2 2 2 2 3 3 2 2 2 2 2 2 1 1 1 0 0 0 0 0 0 0 0 0 0 0 1 1 1 1 1 1 2 1 1 2 2 2 2 1 1 1 0 0 1 2 2 2 3 3 3 3 3 3 2 2 1 1 1 0 1 1 2 2 2 2 2 1 1 1 1 1 1 1 0 0 0 0 0 0 0 0 0 0 0 1 1 1 1 1 1 1 1 1 1 1 1 1 1 1 1 1 0 0 0 0 0 0 0 0 0 
10 10 10 10 10 10 10 10 10 10 10 10 10 10 10 10 10 10 10 10 10 10 10 10 10 10 10 10 10 10 10 10 10 10 10 10 10 10 10 10 10 10 10 10 10 10 10 10 10 10 10 10 10 10 10 10 10 10 10 10 10 10 10 10 10 10 10 10 10 10 10 10 10 10 10 10 10 10 10 10 10 10 10 10 10 10 10 10 10 10 10 10 10 10 10 10 10 10 10 10 10 10 10 10 10 10 10 10 10 10 10 10 10 10 10 10 10 10 10 10 10 10 10 10 10 10 10 10 10 10 10 10 10 10 10 10 10 10 10 10 10 10 10 10 10 10 10 10 10 10 10 10 10 10 10 10 10 10 10 10 10 10 10 10 10 10 10 10 10 10 10 10 10 10 10 10 10 10 10 10 10 10 10 10 10 10 10 10 10 10 10 10 
100 100 100 100 100 100 100 100 100 100 100 100 100 100 100 100 100 100 100 100 100 100 100 100 100 100 100 100 100 100 100 100 100 100 100 100 100 100 100 100 100 100 100 100 100 100 100 100 100 100 100 100 100 100 100 100 100 100 100 100 100 100 100 100 100 100 100 100 100 100 100 100 100 100 100 100 100 100 100 100 100 100 100 100 100 100 100 100 100 100 100 100 100 100 100 100 100 100 100 100 100 100 100 100 100 100 100 100 100 100 100 100 100 100 100 100 100 100 100 100 100 100 100 100 100 100 100 100 100 100 100 100 100 100 100 100 100 100 100 100 100 100 100 100 100 100 100 100 100 100 100 100 100 100 100 100 100 100 100 100 100 100 100 100 100 100 100 100 100 100 100 100 100 100 100 100 100 100 100 100 100 100 100 100 100 100 100 100 100 100 100 100 
6 14
0 0 1 2 2 2 2 2 1 1 1 1 0 0 1 2 2 2 2 3 2 2 2 4 4 4 4 3 4 3 3 2 2 2 1 1 2 2 2 2 2 2 1 1 2 4 3 4 4 5 4 5 4 2 2 2 2 2 2 2 2 3 3 2 2 3 4 4 4 5 5 5 4 4 3 3 1 2 2 1 1 1 1 0 0 0 0 0 0 0 0 0 0 0 0 1 2 2 2 2 2 2 2 1 1 1 1 1 1 1 3 2 2 2 3 3 3 2 3 4 5 6 6 6 6 6 6 8 8 8 7 9 9 6 7 7 7 7 6 7 7 8 5 4 5 6 6 5 6 6 6 6 6 6 4 4 4 4 4 3 3 2 2 1 3 3 3 2 2 2 2 1 1 1 0 1 2 2 2 2 2 1 1 1 1 0 0 0 0 0 0 0 
10 10 10 10 10 10 10 10 10 10 10 10 10 10 10 10 10 10 10 10 10 10 10 10 10 10 10 10 10 10 10 10 10 10 10 10 10 10 10 10 10 10 10 10 10 10 10 10 10 10 10 10 10 10 10 10 10 10 10 10 10 10 10 10 10 10 10 10 10 10 10 10 10 10 10 10 10 10 10 10 10 10 10 10 10 10 10 10 10 10 10 10 10 10 10 10 10 10 10 10 10 10 10 10 10 10 10 10 10 10 10 10 10 10 10 10 10 10 10 10 10 10 10 10 10 10 10 10 10 10 10 10 10 10 10 10 10 10 10 10 10 10 10 10 10 10 10 10 10 10 10 10 10 10 10 10 10 10 10 10 10 10 10 10 10 10 10 10 10 10 10 10 10 10 10 10 10 10 10 10 10 10 10 10 10 10 10 10 10 10 10 10 
100 100 100 100 100 100 100 100 100 100 100 100 100 100 100 100 100 100 100 100 100 100 100 100 100 100 100 100 100 100 100 100 100 100 100 100 100 100 100 100 100 100 100 100 100 100 100 100 100 100 100 100 100 100 100 100 100 100 100 100 100 100 100 100 100 100 100 100 100 100 100 100 100 100 100 100 100 100 100 100 100 100 100 100 100 100 100 100 100 100 100 100 100 100 100 100 100 100 100 100 100 100 100 100 100 100 100 100 100 100 100 100 100 100 100 100 100 100 100 100 100 100 100 100 100 100 100 100 100 100 100 100 100 100 100 100 100 100 100 100 100 100 100 100 100 100 100 100 100 100 100 100 100 100 100 100 100 100 100 100 100 100 100 100 100 100 100 100 100 100 100 100 100 100 100 100 100 100 100 100 100 100 100 100 100 100 100 100 100 100 100 100 
7 14
0 0 0 0 1 1 3 3 3 3 2 2 2 2 2 2 3 3 4 6 6 5 6 5 5 3 4 4 5 5 4 5 5 6 4 3 4 3 3 3 3 3 3 2 1 1 1 1 1 2 2 2 3 3 3 3 3 3 3 1 2 4 5 5 4 5 5 4 3 2 3 3 3 3 3 3 3 1 1 1 1 1 0 0 0 0 0 0 1 1 2 2 2 3 2 3 3 3 3 2 2 3 2 2 1 2 3 3 4 4 3 4 2 2 2 3 5 5 6 6 5 4 2 2 0 0 1 1 2 3 4 4 4 5 4 4 4 3 3 1 1 1 3 3 3 3 3 2 1 1 2 1 1 1 1 1 0 1 1 2 2 2 2 2 3 3 3 3 2 1 1 1 1 1 2 2 1 1 1 1 1 0 0 0 0 0 0 0 0 0 0 0 
10 10 10 10 10 10 10 10 10 10 10 10 10 10 10 10 10 10 10 10 10 10 10 10 10 10 10 10 10 10 10 10 10 10 10 10 10 10 10 10 10 10 10 10 10 10 10 10 10 10 10 10 10 10 10 10 10 10 10 10 10 10 10 10 10 10 10 10 10 10 10 10 10 10 10 10 10 10 10 10 10 10 10 10 10 10 10 10 10 10 10 10 10 10 10 10 10 10 10 10 10 10 10 10 10 10 10 10 10 10 10 10 10 10 10 10 10 10 10 10 10 10 10 10 10 10 10 10 10 10 10 10 10 10 10 10 10 10 10 10 10 10 10 10 10 10 10 10 10 10 10 10 10 10 10 10 10 10 10 10 10 10 10 10 10 10 10 10 10 10 10 10 10 10 10 10 10 10 10 10 10 10 10 10 10 10 10 10 10 10 10 10 
100 100 100 100 100 100 100 100 100 100 100 100 100 100 100 100 100 100 100 100 100 100 100 100 100 100 100 100 100 100 100 100 100 100 100 100 100 100 100 100 100 100 100 100 100 100 100 100 100 100 100 100 100 100 100 100 100 100 100 100 100 100 100 100 100 100 100 100 100 100 100 100 100 100 100 100 100 100 100 100 100 100 100 100 100 100 100 100 100 100 100 100 100 100 100 100 100 100 100 100 100 100 100 100 100 100 100 100 100 100 100 100 100 100 100 100 100 100 100 100 100 100 100 100 100 100 100 100 100 100 100 100 100 100 100 100 100 100 100 100 100 100 100 100 100 100 100 100 100 100 100 100 100 100 100 100 100 100 100 100 100 100 100 100 100 100 100 100 100 100 100 100 100 100 100 100 100 100 100 100 100 100 100 100 100 100 100 100 100 100 100 100 
5 14
0 0 1 1 1 1 1 0 0 1 2 2 2 2 1 1 0 0 0 0 0 0 0 0 1 2 2 3 4 4 4 5 4 6 6 5 4 5 5 6 6 7 4 3 3 2 3 2 2 3 3 3 3 3 2 1 2 2 1 1 1 2 2 2 2 4 2 2 2 2 3 1 1 1 1 3 3 3 3 3 2 2 2 3 3 2 1 1 0 0 0 0 0 1 3 3 5 5 4 4 4 3 4 4 6 6 6 4 5 5 5 4 4 3 4 4 6 5 6 7 6 5 4 5 5 6 6 5 6 6 6 5 6 3 3 2 3 3 5 6 8 9 8 8 6 5 5 5 5 5 5 6 5 3 2 2 1 1 2 2 2 2 3 2 2 2 1 2 2 2 2 1 1 1 1 1 1 0 0 0 0 0 0 0 0 0 0 0 0 0 0 0 
10 10 10 10 10 10 10 10 10 10 10 10 10 10 10 10 10 10 10 10 10 10 10 10 10 10 10 10 10 10 10 10 10 10 10 10 10 10 10 10 10 10 10 10 10 10 10 10 10 10 10 10 10 10 10 10 10 10 10 10 10 10 10 10 10 10 10 10 10 10 10 10 10 10 10 10 10 10 10 10 10 10 10 10 10 10 10 10 10 10 10 10 10 10 10 10 10 10 10 10 10 10 10 10 10 10 10 10 10 10 10 10 10 10 10 10 10 10 10 10 10 10 10 10 10 10 10 10 10 10 10 10 10 10 10 10 10 10 10 10 10 10 10 10 10 10 10 10 10 10 10 10 10 10 10 10 10 10 10 10 10 10 10 10 10 10 10 10 10 10 10 10 10 10 10 10 10 10 10 10 10 10 10 10 10 10 10 10 10 10 10 10 
100 100 100 100 100 100 100 100 100 100 100 100 100 100 100 100 100 100 100 100 100 100 100 100 100 100 100 100 100 100 100 100 100 100 100 100 100 100 100 100 100 100 100 100 100 100 100 100 100 100 100 100 100 100 100 100 100 100 100 100 100 100 100 100 100 100 100 100 100 100 100 100 100 100 100 100 100 100 100 100 100 100 100 100 100 100 100 100 100 100 100 100 100 100 100 100 100 100 100 100 100 100 100 100 100 100 100 100 100 100 100 100 100 100 100 100 100 100 100 100 100 100 100 100 100 100 100 100 100 100 100 100 100 100 100 100 100 100 100 100 100 100 100 100 100 100 100 100 100 100 100 100 100 100 100 100 100 100 100 100 100 100 100 100 100 100 100 100 100 100 100 100 100 100 100 100 100 100 100 100 100 100 100 100 100 100 100 100 100 100 100 100 
6 14
0 0 0 0 0 0 0 1 2 2 2 3 3 2 1 1 1 1 1 0 0 0 1 1 1 3 5 6 5 5 5 5 4 3 4 4 2 2 2 2 2 2 4 4 4 3 2 2 5 5 6 5 5 4 3 4 2 2 3 3 3 2 2 1 1 0 0 0 1 1 2 2 2 3 5 4 4 4 4 2 0 0 0 0 0 0 0 0 0 0 0 0 0 0 0 0 0 0 1 1 1 1 1 1 2 2 2 2 2 2 2 2 1 2 2 2 1 2 2 1 1 2 3 5 5 4 4 4 4 3 3 3 2 3 3 4 4 4 4 4 5 5 5 4 4 5 4 5 3 3 2 2 2 1 1 1 1 0 0 2 3 5 5 5 5 4 4 4 3 3 3 1 1 1 1 1 0 0 0 0 0 0 0 0 0 0 0 0 0 0 0 0 
10 10 10 10 10 10 10 10 10 10 10 10 10 10 10 10 10 10 10 10 10 10 10 10 10 10 10 10 10 10 10 10 10 10 10 10 10 10 10 10 10 10 10 10 10 10 10 10 10 10 10 10 10 10 10 10 10 10 10 10 10 10 10 10 10 10 10 10 10 10 10 10 10 10 10 10 10 10 10 10 10 10 10 10 10 10 10 10 10 10 10 10 10 10 10 10 10 10 10 10 10 10 10 10 10 10 10 10 10 10 10 10 10 10 10 10 10 10 10 10 10 10 10 10 10 10 10 10 10 10 10 10 10 10 10 10 10 10 10 10 10 10 10 10 10 10 10 10 10 10 10 10 10 10 10 10 10 10 10 10 10 10 10 10 10 10 10 10 10 10 10 10 10 10 10 10 10 10 10 10 10 10 10 10 10 10 10 10 10 10 10 10 
100 100 100 100 100 100 100 100 100 100 100 100 100 100 100 100 100 100 100 100 100 100 100 100 100 100 100 100 100 100 100 100 100 100 100 100 100 100 100 100 100 100 100 100 100 100 100 100 100 100 100 100 100 100 100 100 100 100 100 100 100 100 100 100 100 100 100 100 100 100 100 100 100 100 100 100 100 100 100 100 100 100 100 100 100 100 100 100 100 100 100 100 100 100 100 100 100 100 100 100 100 100 100 100 100 100 100 100 100 100 100 100 100 100 100 100 100 100 100 100 100 100 100 100 100 100 100 100 100 100 100 100 100 100 100 100 100 100 100 100 100 100 100 100 100 100 100 100 100 100 100 100 100 100 100 100 100 100 100 100 100 100 100 100 100 100 100 100 100 100 100 100 100 100 100 100 100 100 100 100 100 100 100 100 100 100 100 100 100 100 100 100 
6 14
0 0 0 1 1 1 1 3 3 3 2 2 2 1 2 3 2 2 2 2 1 1 1 0 0 1 1 2 2 2 2 3 3 2 2 1 2 2 2 3 3 4 4 5 4 4 5 6 6 6 5 3 2 2 4 4 3 3 2 3 3 4 3 2 2 3 4 3 2 2 2 2 2 2 1 1 1 1 1 0 0 0 1 1 2 2 2 3 3 3 2 1 1 1 0 0 0 0 0 0 0 0 0 2 2 2 2 4 4 4 4 3 4 4 4 4 7 7 6 5 5 6 5 3 3 4 4 3 4 4 4 3 2 3 4 4 4 5 5 4 4 2 3 4 4 3 3 2 2 2 2 1 0 0 1 1 1 2 2 3 2 2 2 1 1 1 1 1 1 1 1 1 1 1 1 1 1 0 0 0 0 0 0 0 0 0 0 0 0 0 0 0 
10 10 10 10 10 10 10 10 10 10 10 10 10 10 10 10 10 10 10 10 10 10 10 10 10 10 10 10 10 10 10 10 10 10 10 10 10 10 10 10 10 10 10 10 10 10 10 10 10 10 10 10 10 10 10 10 10 10 10 10 10 10 10 10 10 10 10 10 10 10 10 10 10 10 10 10 10 10 10 10 10 10 10 10 10 10 10 10 10 10 10 10 10 10 10 10 10 10 10 10 10 10 10 10 10 10 10 10 10 10 10 10 10 10 10 10 10 10 10 10 10 10 10 10 10 10 10 10 10 10 10 10 10 10 10 10 10 10 10 10 10 10 10 10 10 10 10 10 10 10 10 10 10 10 10 10 10 10 10 10 10 10 10 10 10 10 10 10 10 10 10 10 10 10 10 10 10 10 10 10 10 10 10 10 10 10 10 10 10 10 10 10 
100 100 100 100 100 100 100 100 100 100 100 100 100 100 100 100 100 100 100 100 100 100 100 100 100 100 100 100 100 100 100 100 100 100 100 100 100 100 100 100 100 100 100 100 100 100 100 100 100 100 100 100 100 100 100 100 100 100 100 100 100 100 100 100 100 100 100 100 100 100 100 100 100 100 100 100 100 100 100 100 100 100 100 100 100 100 100 100 100 100 100 100 100 100 100 100 100 100 100 100 100 100 100 100 100 100 100 100 100 100 100 100 100 100 100 100 100 100 100 100 100 100 100 100 100 100 100 100 100 100 100 100 100 100 100 100 100 100 100 100 100 100 100 100 100 100 100 100 100 100 100 100 100 100 100 100 100 100 100 100 100 100 100 100 100 100 100 100 100 100 100 100 100 100 100 100 100 100 100 100 100 100 100 100 100 100 100 100 100 100 100 100 
6 14
0 0 0 0 0 1 1 1 1 1 1 1 2 3 3 3 4 4 4 4 4 4 4 4 5 8 7 7 7 6 6 3 2 2 2 2 3 2 2 3 3 3 3 3 3 3 3 2 3 3 3 3 4 4 4 5 4 4 4 2 3 2 3 3 3 2 1 1 1 0 0 1 1 1 1 1 1 0 0 1 1 1 2 2 2 2 2 2 2 1 1 1 1 0 1 1 3 3 3 4 3 3 3 3 2 2 2 3 2 1 1 1 2 2 1 1 2 3 3 3 6 6 8 7 7 7 4 3 2 3 3 2 1 1 2 2 3 4 4 4 3 3 2 3 5 5 5 5 6 5 3 3 4 6 5 5 5 5 4 1 1 1 1 1 2 2 2 3 3 2 2 3 3 3 3 3 2 2 2 2 1 1 1 0 0 0 0 0 0 0 0 0 
10 10 10 10 10 10 10 10 10 10 10 10 10 10 10 10 10 10 10 10 10 10 10 10 10 10 10 10 10 10 10 10 10 10 10 10 10 10 10 10 10 10 10 10 10 10 10 10 10 10 10 10 10 10 10 10 10 10 10 10 10 10 10 10 10 10 10 10 10 10 10 10 10 10 10 10 10 10 10 10 10 10 10 10 10 10 10 10 10 10 10 10 10 10 10 10 10 10 10 10 10 10 10 10 10 10 10 10 10 10 10 10 10 10 10 10 10 10 10 10 10 10 10 10 10 10 10 10 10 10 10 10 10 10 10 10 10 10 10 10 10 10 10 10 10 10 10 10 10 10 10 10 10 10 10 10 10 10 10 10 10 10 10 10 10 10 10 10 10 10 10 10 10 10 10 10 10 10 10 10 10 10 10 10 10 10 10 10 10 10 10 10 
100 100 100 100 100 100 100 100 100 100 100 100 100 100 100 100 100 100 100 100 100 100 100 100 100 100 100 100 100 100 100 100 100 100 100 100 100 100 100 100 100 100 100 100 100 100 100 100 100 100 100 100 100 100 100 100 100 100 100 100 100 100 100 100 100 100 100 100 100 100 100 100 100 100 100 100 100 100 100 100 100 100 100 100 100 100 100 100 100 100 100 100 100 100 100 100 100 100 100 100 100 100 100 100 100 100 100 100 100 100 100 100 100 100 100 100 100 100 100 100 100 100 100 100 100 100 100 100 100 100 100 100 100 100 100 100 100 100 100 100 100 100 100 100 100 100 100 100 100 100 100 100 100 100 100 100 100 100 100 100 100 100 100 100 100 100 100 100 100 100 100 100 100 100 100 100 100 100 100 100 100 100 100 100 100 100 100 100 100 100 100 100 
6 14
0 0 0 0 0 0 0 1 1 2 3 3 3 2 2 1 1 1 0 2 2 2 2 2 2 2 2 2 2 2 2 2 4 5 6 7 7 7 7 4 4 5 5 4 5 6 4 3 3 3 2 2 2 2 1 1 1 1 1 2 2 3 4 5 5 4 4 3 2 2 2 2 1 2 1 1 1 2 2 3 3 4 3 2 2 2 2 0 0 0 0 0 0 0 0 1 1 1 3 3 3 3 3 3 1 2 2 2 2 2 3 3 3 3 3 2 1 1 1 1 1 1 0 0 0 2 3 3 3 3 3 2 2 3 2 3 4 4 4 4 4 4 4 4 4 3 3 3 2 2 3 3 3 2 2 2 3 2 3 3 3 4 4 3 1 1 1 0 1 3 3 4 4 4 3 2 3 2 1 1 1 1 0 0 0 0 0 0 0 0 0 0 
10 10 10 10 10 10 10 10 10 10 10 10 10 10 10 10 10 10 10 10 10 10 10 10 10 10 10 10 10 10 10 10 10 10 10 10 10 10 10 10 10 10 10 10 10 10 10 10 10 10 10 10 10 10 10 10 10 10 10 10 10 10 10 10 10 10 10 10 10 10 10 10 10 10 10 10 10 10 10 10 10 10 10 10 10 10 10 10 10 10 10 10 10 10 10 10 10 10 10 10 10 10 10 10 10 10 10 10 10 10 10 10 10 10 10 10 10 10 10 10 10 10 10 10 10 10 10 10 10 10 10 10 10 10 10 10 10 10 10 10 10 10 10 10 10 10 10 10 10 10 10 10 10 10 10 10 10 10 10 10 10 10 10 10 10 10 10 10 10 10 10 10 10 10 10 10 10 10 10 10 10 10 10 10 10 10 10 10 10 10 10 10 
100 100 100 100 100 100 100 100 100 100 100 100 100 100 100 100 100 100 100 100 100 100 100 100 100 100 100 100 100 100 100 100 100 100 100 100 100 100 100 100 100 100 100 100 100 100 100 100 100 100 100 100 100 100 100 100 100 100 100 100 100 100 100 100 100 100 100 100 100 100 100 100 100 100 100 100 100 100 100 100 100 100 100 100 100 100 100 100 100 100 100 100 100 100 100 100 100 100 100 100 100 100 100 100 100 100 100 100 100 100 100 100 100 100 100 100 100 100 100 100 100 100 100 100 100 100 100 100 100 100 100 100 100 100 100 100 100 100 100 100 100 100 100 100 100 100 100 100 100 100 100 100 100 100 100 100 100 100 100 100 100 100 100 100 100 100 100 100 100 100 100 100 100 100 100 100 100 100 100 100 100 100 100 100 100 100 100 100 100 100 100 100 
6 14
0 0 0 0 0 0 1 1 1 1 1 1 3 3 4 4 5 5 4 4 3 4 4 4 3 1 1 1 0 1 2 2 2 2 5 6 6 7 7 7 4 3 4 5 4 4 3 3 3 3 3 2 1 2 2 3 2 2 3 3 3 2 2 2 2 1 1 2 2 2 2 2 2 1 1 1 1 1 0 0 1 1 2 2 2 2 2 1 1 1 1 1 1 1 1 0 1 1 2 2 2 2 1 2 3 2 3 3 4 3 3 3 2 2 3 4 3 4 4 4 4 3 3 3 3 3 5 4 3 2 3 3 1 1 1 1 0 0 0 1 2 2 2 2 4 5 4 4 6 6 4 4 4 5 2 2 2 3 3 1 1 2 2 1 1 2 2 2 2 2 1 0 1 1 2 2 2 3 2 2 1 1 1 0 0 0 0 0 0 0 0 0 
10 10 10 10 10 10 10 10 10 10 10 10 10 10 10 10 10 10 10 10 10 10 10 10 10 10 10 10 10 10 10 10 10 10 10 10 10 10 10 10 10 10 10 10 10 10 10 10 10 10 10 10 10 10 10 10 10 10 10 10 10 10 10 10 10 10 10 10 10 10 10 10 10 10 10 10 10 10 10 10 10 10 10 10 10 10 10 10 10 10 10 10 10 10 10 10 10 10 10 10 10 10 10 10 10 10 10 10 10 10 10 10 10 10 10 10 10 10 10 10 10 10 10 10 10 10 10 10 10 10 10 10 10 10 10 10 10 10 10 10 10 10 10 10 10 10 10 10 10 10 10 10 10 10 10 10 10 10 10 10 10 10 10 10 10 10 10 10 10 10 10 10 10 10 10 10 10 10 10 10 10 10 10 10 10 10 10 10 10 10 10 10 
100 100 100 100 100 100 100 100 100 100 100 100 100 100 100 100 100 100 100 100 100 100 100 100 100 100 100 100 100 100 100 100 100 100 100 100 100 100 100 100 100 100 100 100 100 100 100 100 100 100 100 100 100 100 100 100 100 100 100 100 100 100 100 100 100 100 100 100 100 100 100 100 100 100 100 100 100 100 100 100 100 100 100 100 100 100 100 100 100 100 100 100 100 100 100 100 100 100 100 100 100 100 100 100 100 100 100 100 100 100 100 100 100 100 100 100 100 100 100 100 100 100 100 100 100 100 100 100 100 100 100 100 100 100 100 100 100 100 100 100 100 100 100 100 100 100 100 100 100 100 100 100 100 100 100 100 100 100 100 100 100 100 100 100 100 100 100 100 100 100 100 100 100 100 100 100 100 100 100 100 100 100 100 100 100 100 100 100 100 100 100 100 
7 14
0 0 0 0 0 0 0 0 0 0 0 0 0 1 1 2 2 2 2 2 2 2 1 1 0 0 0 0 2 2 2 2 3 3 4 5 5 3 3 3 3 3 3 3 3 3 3 3 3 2 4 6 6 6 6 6 6 5 4 2 0 0 0 0 0 0 0 1 1 1 2 2 2 2 2 1 2 2 1 2 2 2 2 2 1 1 0 2 2 2 2 2 2 2 1 1 0 0 0 0 0 0 0 1 1 1 1 1 1 2 2 2 2 2 2 2 2 2 4 4 4 4 4 4 3 3 2 2 2 2 2 3 3 3 3 3 3 5 7 7 5 5 4 4 2 0 1 2 3 3 4 4 5 4 5 3 3 3 3 3 3 2 0 0 0 0 0 0 0 0 0 0 0 0 0 0 0 0 0 0 0 0 0 0 0 0 0 0 0 0 0 0 
10 10 10 10 10 10 10 10 10 10 10 10 10 10 10 10 10 10 10 10 10 10 10 10 10 10 10 10 10 10 10 10 10 10 10 10 10 10 10 10 10 10 10 10 10 10 10 10 10 10 10 10 10 10 10 10 10 10 10 10 10 10 10 10 10 10 10 10 10 10 10 10 10 10 10 10 10 10 10 10 10 10 10 10 10 10 10 10 10 10 10 10 10 10 10 10 10 10 10 10 10 10 10 10 10 10 10 10 10 10 10 10 10 10 10 10 10 10 10 10 10 10 10 10 10 10 10 10 10 10 10 10 10 10 10 10 10 10 10 10 10 10 10 10 10 10 10 10 10 10 10 10 10 10 10 10 10 10 10 10 10 10 10 10 10 10 10 10 10 10 10 10 10 10 10 10 10 10 10 10 10 10 10 10 10 10 10 10 10 10 10 10 
100 100 100 100 100 100 100 100 100 100 100 100 100 100 100 100 100 100 100 100 100 100 100 100 100 100 100 100 100 100 100 100 100 100 100 100 100 100 100 100 100 100 100 100 100 100 100 100 100 100 100 100 100 100 100 100 100 100 100 100 100 100 100 100 100 100 100 100 100 100 100 100 100 100 100 100 100 100 100 100 100 100 100 100 100 100 100 100 100 100 100 100 100 100 100 100 100 100 100 100 100 100 100 100 100 100 100 100 100 100 100 100 100 100 100 100 100 100 100 100 100 100 100 100 100 100 100 100 100 100 100 100 100 100 100 100 100 100 100 100 100 100 100 100 100 100 100 100 100 100 100 100 100 100 100 100 100 100 100 100 100 100 100 100 100 100 100 100 100 100 100 100 100 100 100 100 100 100 100 100 100 100 100 100 100 100 100 100 100 100 100 100 
