96
1
EMPL 50
2 28 15 45 15 
3 3 8 9 
2 37 14 53 15 
3 4 5 7 
2 28 15 45 15 
4 1 5 6 9 
2 55 15 72 15 
3 2 3 8 
2 20 16 38 15 
3 3 5 8 
2 46 15 63 13 
4 0 1 5 9 
2 16 14 32 16 
4 1 4 5 9 
2 20 16 38 15 
4 0 1 2 3 
2 52 15 69 15 
4 1 2 6 7 
2 4 15 21 13 
3 2 4 9 
2 22 16 40 15 
4 0 1 3 8 
2 28 15 45 13 
3 0 7 8 
2 38 15 55 16 
4 4 5 7 9 
2 39 15 56 14 
3 0 3 7 
2 35 13 50 14 
3 1 2 5 
2 49 15 66 15 
3 1 3 5 
2 28 13 43 15 
3 6 8 9 
2 11 15 28 16 
3 0 4 9 
2 20 15 37 16 
3 3 5 7 
2 40 15 57 16 
4 0 4 5 9 
2 45 15 62 15 
3 2 4 6 
2 27 16 45 14 
3 2 8 9 
2 11 15 28 15 
4 4 6 7 8 
2 53 15 70 14 
4 2 3 4 5 
2 39 16 57 15 
4 1 2 7 9 
2 53 15 70 14 
4 0 1 2 7 
2 40 16 58 13 
3 1 6 8 
2 35 14 51 15 
3 2 3 8 
2 45 15 62 15 
4 2 4 5 7 
2 45 14 61 14 
3 3 4 8 
2 42 15 59 14 
3 0 8 9 
2 57 15 74 14 
4 0 5 6 8 
2 49 15 66 15 
4 0 1 5 9 
2 31 15 48 14 
3 0 7 9 
2 0 15 17 14 
4 0 4 5 8 
2 29 14 45 16 
4 1 4 5 9 
2 49 14 65 15 
4 5 6 7 8 
2 29 14 45 16 
2 5 8 
2 53 13 68 16 
4 1 2 3 9 
2 8 15 25 14 
4 0 2 4 7 
2 38 15 55 13 
4 3 5 6 7 
2 49 14 65 16 
3 3 4 5 
2 45 16 63 15 
4 2 5 6 7 
2 31 15 48 16 
4 0 3 5 6 
2 14 16 32 15 
4 0 1 3 7 
2 12 15 29 15 
3 0 6 8 
2 31 15 48 14 
3 0 1 4 
2 35 15 52 16 
4 2 5 6 8 
2 0 15 17 15 
3 3 5 6 
2 52 16 70 15 
3 4 6 9 
ACT 10
5 12
0 0 0 0 0 0 1 1 1 1 1 1 1 1 1 0 0 0 1 1 2 2 2 2 2 3 3 3 5 6 4 6 6 6 6 6 5 4 3 3 2 2 2 2 2 2 0 0 1 1 2 2 3 4 4 4 4 5 4 4 3 3 3 4 3 2 2 2 1 1 1 1 0 0 0 0 0 0 0 0 0 0 0 0 0 0 0 0 0 0 0 0 0 0 0 0 
10 10 10 10 10 10 10 10 10 10 10 10 10 10 10 10 10 10 10 10 10 10 10 10 10 10 10 10 10 10 10 10 10 10 10 10 10 10 10 10 10 10 10 10 10 10 10 10 10 10 10 10 10 10 10 10 10 10 10 10 10 10 10 10 10 10 10 10 10 10 10 10 10 10 10 10 10 10 10 10 10 10 10 10 10 10 10 10 10 10 10 10 10 10 10 10 
100 100 100 100 100 100 100 100 100 100 100 100 100 100 100 100 100 100 100 100 100 100 100 100 100 100 100 100 100 100 100 100 100 100 100 100 100 100 100 100 100 100 100 100 100 100 100 100 100 100 100 100 100 100 100 100 100 100 100 100 100 100 100 100 100 100 100 100 100 100 100 100 100 100 100 100 100 100 100 100 100 100 100 100 100 100 100 100 100 100 100 100 100 100 100 100 
4 12
0 0 0 0 0 0 0 0 0 0 0 0 0 0 0 0 0 0 0 0 0 0 0 0 0 0 0 0 0 0 0 0 1 1 1 2 2 2 3 4 5 5 5 5 4 2 2 1 1 4 5 5 5 6 6 6 6 4 4 5 4 2 1 1 1 1 2 1 2 2 2 2 2 2 2 2 2 2 1 1 1 0 0 0 0 0 0 0 0 0 0 0 0 0 0 0 
10 10 10 10 10 10 10 10 10 10 10 10 10 10 10 10 10 10 10 10 10 10 10 10 10 10 10 10 10 10 10 10 10 10 10 10 10 10 10 10 10 10 10 10 10 10 10 10 10 10 10 10 10 10 10 10 10 10 10 10 10 10 10 10 10 10 10 10 10 10 10 10 10 10 10 10 10 10 10 10 10 10 10 10 10 10 10 10 10 10 10 10 10 10 10 10 
100 100 100 100 100 100 100 100 100 100 100 100 100 100 100 100 100 100 100 100 100 100 100 100 100 100 100 100 100 100 100 100 100 100 100 100 100 100 100 100 100 100 100 100 100 100 100 100 100 100 100 100 100 100 100 100 100 100 100 100 100 100 100 100 100 100 100 100 100 100 100 100 100 100 100 100 100 100 100 100 100 100 100 100 100 100 100 100 100 100 100 100 100 100 100 100 
3 12
0 0 0 0 1 1 1 1 2 2 2 2 1 1 1 0 0 0 0 0 0 0 0 0 0 0 0 1 1 1 1 0 0 0 0 0 0 0 0 0 0 1 1 1 2 5 5 5 4 3 4 4 6 6 5 4 4 4 3 2 2 1 1 1 1 2 2 2 1 1 0 0 2 2 2 1 1 0 1 1 1 1 1 1 0 0 0 0 0 0 0 0 0 0 0 0 
10 10 10 10 10 10 10 10 10 10 10 10 10 10 10 10 10 10 10 10 10 10 10 10 10 10 10 10 10 10 10 10 10 10 10 10 10 10 10 10 10 10 10 10 10 10 10 10 10 10 10 10 10 10 10 10 10 10 10 10 10 10 10 10 10 10 10 10 10 10 10 10 10 10 10 10 10 10 10 10 10 10 10 10 10 10 10 10 10 10 10 10 10 10 10 10 
100 100 100 100 100 100 100 100 100 100 100 100 100 100 100 100 100 100 100 100 100 100 100 100 100 100 100 100 100 100 100 100 100 100 100 100 100 100 100 100 100 100 100 100 100 100 100 100 100 100 100 100 100 100 100 100 100 100 100 100 100 100 100 100 100 100 100 100 100 100 100 100 100 100 100 100 100 100 100 100 100 100 100 100 100 100 100 100 100 100 100 100 100 100 100 100 
4 12
1 1 1 1 1 1 1 1 1 0 0 0 0 0 1 1 1 1 0 0 0 0 1 2 2 2 2 2 2 2 3 3 2 3 3 3 2 2 2 1 1 1 1 0 1 2 2 3 3 3 3 3 4 3 2 3 3 5 5 4 4 4 4 4 3 3 2 2 2 2 2 2 2 2 1 2 2 2 2 1 1 1 1 1 1 1 1 0 0 0 0 0 0 0 0 0 
10 10 10 10 10 10 10 10 10 10 10 10 10 10 10 10 10 10 10 10 10 10 10 10 10 10 10 10 10 10 10 10 10 10 10 10 10 10 10 10 10 10 10 10 10 10 10 10 10 10 10 10 10 10 10 10 10 10 10 10 10 10 10 10 10 10 10 10 10 10 10 10 10 10 10 10 10 10 10 10 10 10 10 10 10 10 10 10 10 10 10 10 10 10 10 10 
100 100 100 100 100 100 100 100 100 100 100 100 100 100 100 100 100 100 100 100 100 100 100 100 100 100 100 100 100 100 100 100 100 100 100 100 100 100 100 100 100 100 100 100 100 100 100 100 100 100 100 100 100 100 100 100 100 100 100 100 100 100 100 100 100 100 100 100 100 100 100 100 100 100 100 100 100 100 100 100 100 100 100 100 100 100 100 100 100 100 100 100 100 100 100 100 
5 12
0 0 0 0 0 0 0 0 0 0 0 1 2 2 2 3 4 5 5 4 4 3 3 2 2 1 0 0 0 1 1 2 2 2 1 1 2 2 2 2 2 2 2 1 0 0 0 0 1 2 2 3 3 3 4 3 3 2 2 2 1 2 3 3 3 4 4 5 3 3 2 2 2 1 2 2 2 1 2 3 3 2 2 2 1 0 0 0 0 0 0 0 0 0 0 0 
10 10 10 10 10 10 10 10 10 10 10 10 10 10 10 10 10 10 10 10 10 10 10 10 10 10 10 10 10 10 10 10 10 10 10 10 10 10 10 10 10 10 10 10 10 10 10 10 10 10 10 10 10 10 10 10 10 10 10 10 10 10 10 10 10 10 10 10 10 10 10 10 10 10 10 10 10 10 10 10 10 10 10 10 10 10 10 10 10 10 10 10 10 10 10 10 
100 100 100 100 100 100 100 100 100 100 100 100 100 100 100 100 100 100 100 100 100 100 100 100 100 100 100 100 100 100 100 100 100 100 100 100 100 100 100 100 100 100 100 100 100 100 100 100 100 100 100 100 100 100 100 100 100 100 100 100 100 100 100 100 100 100 100 100 100 100 100 100 100 100 100 100 100 100 100 100 100 100 100 100 100 100 100 100 100 100 100 100 100 100 100 100 
8 12
1 1 1 1 1 1 0 0 0 1 1 1 1 1 1 0 0 0 0 0 1 2 2 2 2 2 2 2 2 4 3 3 3 3 3 3 2 2 3 4 4 5 5 4 5 6 3 4 4 4 3 2 2 2 3 3 3 4 4 4 4 3 4 3 2 2 3 3 3 3 4 4 4 4 4 3 2 2 2 2 2 1 1 1 1 1 1 1 0 0 0 0 0 0 0 0 
10 10 10 10 10 10 10 10 10 10 10 10 10 10 10 10 10 10 10 10 10 10 10 10 10 10 10 10 10 10 10 10 10 10 10 10 10 10 10 10 10 10 10 10 10 10 10 10 10 10 10 10 10 10 10 10 10 10 10 10 10 10 10 10 10 10 10 10 10 10 10 10 10 10 10 10 10 10 10 10 10 10 10 10 10 10 10 10 10 10 10 10 10 10 10 10 
100 100 100 100 100 100 100 100 100 100 100 100 100 100 100 100 100 100 100 100 100 100 100 100 100 100 100 100 100 100 100 100 100 100 100 100 100 100 100 100 100 100 100 100 100 100 100 100 100 100 100 100 100 100 100 100 100 100 100 100 100 100 100 100 100 100 100 100 100 100 100 100 100 100 100 100 100 100 100 100 100 100 100 100 100 100 100 100 100 100 100 100 100 100 100 100 
3 12
0 0 0 0 0 0 0 0 0 0 0 0 1 1 1 1 1 2 2 2 2 1 1 0 0 0 0 0 2 2 2 2 1 1 1 2 1 1 1 1 1 0 0 1 1 2 3 3 4 3 2 2 1 0 0 0 0 1 1 1 2 2 3 3 3 3 3 2 2 2 3 2 2 2 1 1 1 1 1 1 1 1 1 1 0 0 0 0 0 0 0 0 0 0 0 0 
10 10 10 10 10 10 10 10 10 10 10 10 10 10 10 10 10 10 10 10 10 10 10 10 10 10 10 10 10 10 10 10 10 10 10 10 10 10 10 10 10 10 10 10 10 10 10 10 10 10 10 10 10 10 10 10 10 10 10 10 10 10 10 10 10 10 10 10 10 10 10 10 10 10 10 10 10 10 10 10 10 10 10 10 10 10 10 10 10 10 10 10 10 10 10 10 
100 100 100 100 100 100 100 100 100 100 100 100 100 100 100 100 100 100 100 100 100 100 100 100 100 100 100 100 100 100 100 100 100 100 100 100 100 100 100 100 100 100 100 100 100 100 100 100 100 100 100 100 100 100 100 100 100 100 100 100 100 100 100 100 100 100 100 100 100 100 100 100 100 100 100 100 100 100 100 100 100 100 100 100 100 100 100 100 100 100 100 100 100 100 100 100 
3 12
0 0 0 0 0 0 0 0 0 0 0 0 0 0 0 0 0 0 0 0 0 1 1 1 1 1 0 0 0 0 0 0 2 2 2 1 2 3 3 1 1 1 1 1 1 3 5 4 4 5 4 2 2 3 2 3 4 5 5 4 1 1 0 0 0 1 2 2 1 2 2 2 1 1 2 2 2 2 0 0 0 1 1 1 0 0 0 0 0 0 0 0 0 0 0 0 
10 10 10 10 10 10 10 10 10 10 10 10 10 10 10 10 10 10 10 10 10 10 10 10 10 10 10 10 10 10 10 10 10 10 10 10 10 10 10 10 10 10 10 10 10 10 10 10 10 10 10 10 10 10 10 10 10 10 10 10 10 10 10 10 10 10 10 10 10 10 10 10 10 10 10 10 10 10 10 10 10 10 10 10 10 10 10 10 10 10 10 10 10 10 10 10 
100 100 100 100 100 100 100 100 100 100 100 100 100 100 100 100 100 100 100 100 100 100 100 100 100 100 100 100 100 100 100 100 100 100 100 100 100 100 100 100 100 100 100 100 100 100 100 100 100 100 100 100 100 100 100 100 100 100 100 100 100 100 100 100 100 100 100 100 100 100 100 100 100 100 100 100 100 100 100 100 100 100 100 100 100 100 100 100 100 100 100 100 100 100 100 100 
5 12
0 0 0 0 0 0 0 0 0 0 0 0 0 0 0 0 0 0 0 0 1 2 2 2 2 3 3 2 4 3 3 2 2 1 1 1 2 4 5 6 7 6 6 3 1 3 3 3 3 3 3 5 5 4 4 5 4 3 4 3 3 3 3 3 2 2 3 3 2 2 3 3 2 1 2 1 1 1 1 1 0 0 0 0 0 0 0 0 0 0 0 0 0 0 0 0 
10 10 10 10 10 10 10 10 10 10 10 10 10 10 10 10 10 10 10 10 10 10 10 10 10 10 10 10 10 10 10 10 10 10 10 10 10 10 10 10 10 10 10 10 10 10 10 10 10 10 10 10 10 10 10 10 10 10 10 10 10 10 10 10 10 10 10 10 10 10 10 10 10 10 10 10 10 10 10 10 10 10 10 10 10 10 10 10 10 10 10 10 10 10 10 10 
100 100 100 100 100 100 100 100 100 100 100 100 100 100 100 100 100 100 100 100 100 100 100 100 100 100 100 100 100 100 100 100 100 100 100 100 100 100 100 100 100 100 100 100 100 100 100 100 100 100 100 100 100 100 100 100 100 100 100 100 100 100 100 100 100 100 100 100 100 100 100 100 100 100 100 100 100 100 100 100 100 100 100 100 100 100 100 100 100 100 100 100 100 100 100 100 
6 12
0 0 0 0 0 0 0 0 0 0 0 1 1 1 1 1 1 1 1 1 1 1 1 1 1 1 1 1 1 1 1 2 2 2 2 3 2 2 3 4 6 5 6 5 4 6 6 5 4 4 4 4 4 3 3 2 2 2 2 4 5 5 4 4 4 4 1 1 1 1 1 0 0 0 0 1 1 1 1 1 1 0 0 0 0 0 0 0 0 0 0 0 0 0 0 0 
10 10 10 10 10 10 10 10 10 10 10 10 10 10 10 10 10 10 10 10 10 10 10 10 10 10 10 10 10 10 10 10 10 10 10 10 10 10 10 10 10 10 10 10 10 10 10 10 10 10 10 10 10 10 10 10 10 10 10 10 10 10 10 10 10 10 10 10 10 10 10 10 10 10 10 10 10 10 10 10 10 10 10 10 10 10 10 10 10 10 10 10 10 10 10 10 
100 100 100 100 100 100 100 100 100 100 100 100 100 100 100 100 100 100 100 100 100 100 100 100 100 100 100 100 100 100 100 100 100 100 100 100 100 100 100 100 100 100 100 100 100 100 100 100 100 100 100 100 100 100 100 100 100 100 100 100 100 100 100 100 100 100 100 100 100 100 100 100 100 100 100 100 100 100 100 100 100 100 100 100 100 100 100 100 100 100 100 100 100 100 100 100 
