192
1
EMPL 75
4 25 19 46 18 114 17 133 17 
7 2 3 4 5 8 9 11 
4 7 18 27 18 147 17 166 17 
9 0 1 2 3 4 7 8 9 11 
4 15 18 35 18 113 19 134 19 
8 1 2 3 4 7 8 9 10 
4 17 16 35 16 133 17 152 18 
6 1 2 5 6 9 10 
4 19 17 38 19 136 18 156 17 
9 1 2 3 4 5 6 7 8 9 
2 99 25 126 26 
6 1 2 3 4 6 7 
4 3 18 23 17 107 18 127 17 
6 2 3 4 6 8 9 
4 8 17 27 17 96 18 116 16 
7 0 1 2 3 7 9 11 
4 41 17 60 18 110 17 129 19 
8 0 1 5 6 7 8 9 11 
4 29 18 49 18 103 18 123 18 
9 0 1 2 3 5 6 7 8 11 
4 37 18 57 18 117 17 136 18 
7 1 3 4 6 7 8 11 
4 3 19 24 19 135 18 155 18 
5 1 2 3 5 10 
2 63 28 93 28 
6 0 2 3 6 8 10 
2 97 27 126 26 
5 0 1 6 8 10 
4 0 16 18 16 114 18 134 18 
8 1 2 3 4 5 7 8 11 
4 25 17 44 17 134 19 155 18 
8 0 2 3 6 7 8 9 10 
4 19 19 40 17 100 16 118 18 
9 1 2 3 4 5 7 8 9 11 
2 53 27 82 27 
6 0 3 4 6 7 11 
4 32 18 52 19 118 17 137 19 
7 1 3 4 5 6 7 9 
4 32 19 53 18 143 18 163 18 
8 0 2 3 4 5 7 9 11 
4 18 17 37 16 128 18 148 19 
7 1 2 3 5 7 9 11 
4 15 18 35 18 117 17 136 19 
8 1 3 5 6 8 9 10 11 
4 28 17 47 19 141 18 161 16 
8 0 1 2 3 5 6 7 10 
4 9 18 29 16 147 16 165 19 
7 1 2 5 6 7 9 11 
4 14 19 35 18 143 18 163 18 
8 0 1 2 3 6 7 8 9 
2 53 28 83 27 
5 0 1 7 9 10 
4 40 18 60 17 137 17 156 18 
8 1 2 3 6 7 8 9 10 
4 0 18 20 18 103 17 122 17 
7 0 1 3 5 6 8 9 
4 4 18 24 17 110 18 130 18 
9 0 1 3 5 6 7 8 10 11 
4 36 18 56 19 147 17 166 19 
8 0 1 2 3 4 7 8 11 
4 11 16 29 17 144 17 163 17 
7 0 1 3 5 6 7 11 
4 1 18 21 19 101 18 121 19 
6 1 2 5 7 8 9 
4 11 17 30 19 110 18 130 16 
6 1 6 7 8 9 11 
2 90 27 119 26 
5 1 3 5 6 8 
4 10 17 29 18 124 18 144 18 
7 0 1 3 4 6 8 9 
4 50 17 69 17 139 18 159 18 
5 2 3 5 9 10 
4 36 17 55 18 119 18 139 19 
8 0 1 2 3 5 6 7 8 
4 1 18 21 17 97 18 117 19 
7 1 3 4 6 8 9 11 
2 73 27 102 27 
6 3 4 6 7 8 9 
4 38 18 58 19 144 17 163 18 
5 2 3 4 5 7 
4 46 19 67 16 134 18 154 18 
8 0 3 4 5 6 7 8 11 
4 11 18 31 18 128 17 147 18 
6 1 3 5 6 8 9 
2 77 27 106 27 
4 1 2 3 10 
2 79 27 108 27 
6 2 4 6 8 9 10 
4 28 19 49 17 141 18 161 18 
8 0 1 2 3 6 7 8 9 
4 32 17 51 18 145 17 164 19 
7 1 3 4 6 7 8 10 
4 47 18 67 19 128 18 148 16 
8 0 1 2 4 5 6 8 9 
4 27 18 47 18 101 17 120 17 
9 0 1 3 4 5 7 8 9 11 
4 18 17 37 19 100 18 120 18 
7 1 2 3 4 6 7 8 
4 18 17 37 17 96 17 115 16 
6 1 2 3 5 8 9 
4 45 18 65 18 147 18 167 19 
6 1 2 3 5 8 9 
4 29 18 49 18 146 18 166 19 
8 1 3 5 6 7 8 9 11 
2 52 27 81 26 
5 0 2 3 5 9 
2 63 27 92 25 
6 0 5 8 9 10 11 
2 55 26 83 27 
6 1 3 6 8 10 11 
4 20 16 38 19 127 17 146 19 
7 1 3 5 6 8 9 11 
4 30 18 50 18 127 18 147 19 
6 0 1 2 4 7 8 
2 59 27 88 27 
5 2 3 4 8 11 
4 0 19 21 19 123 17 142 18 
7 1 2 3 7 8 9 11 
4 24 18 44 17 101 18 121 19 
8 0 2 4 6 7 8 10 11 
4 31 19 52 19 99 17 118 19 
8 1 2 3 4 5 7 8 9 
4 44 18 64 19 141 17 160 19 
9 0 1 2 3 4 6 7 9 10 
4 23 16 41 16 125 18 145 19 
6 1 2 4 6 9 11 
4 35 19 56 18 119 19 140 18 
8 0 1 3 4 6 7 8 11 
4 12 18 32 18 124 19 145 18 
6 2 3 4 5 6 11 
4 31 18 51 18 133 18 153 18 
8 0 1 3 7 8 9 10 11 
4 40 18 60 18 130 16 148 18 
7 1 2 3 4 5 7 11 
2 74 27 103 28 
6 0 1 2 5 8 11 
4 51 18 71 19 138 19 159 16 
9 0 2 4 5 6 7 8 9 10 
2 95 27 124 26 
6 0 1 3 4 5 10 
4 39 19 60 17 138 19 159 17 
7 2 3 4 5 8 9 11 
4 8 19 29 16 145 18 165 18 
7 1 2 4 5 6 7 11 
4 12 18 32 17 111 17 130 18 
8 0 2 3 4 5 7 8 9 
4 21 19 42 18 144 18 164 19 
6 0 1 2 3 7 10 
4 26 17 45 19 131 19 152 17 
7 0 1 2 3 5 6 7 
ACT 12
8 14
0 0 0 0 0 0 0 1 1 1 1 1 1 1 3 3 3 3 3 3 2 3 2 2 1 2 3 3 3 3 2 2 3 3 3 3 4 3 4 4 4 2 3 3 3 3 3 2 1 1 1 2 2 2 2 2 2 2 2 2 1 1 1 1 1 1 1 2 2 2 2 1 1 1 1 1 0 0 0 0 0 1 1 1 1 2 2 2 2 2 2 2 1 1 2 2 2 2 2 2 1 2 3 3 4 4 4 4 4 2 2 4 4 3 2 2 2 2 2 3 2 2 2 2 1 1 1 0 0 1 1 1 1 1 2 3 2 3 5 5 5 5 4 4 4 1 1 2 3 3 3 2 2 4 4 4 4 4 4 3 3 2 1 1 0 0 0 1 1 1 1 1 1 1 1 1 1 0 0 0 0 0 0 0 0 0 0 0 0 0 0 0 
10 10 10 10 10 10 10 10 10 10 10 10 10 10 10 10 10 10 10 10 10 10 10 10 10 10 10 10 10 10 10 10 10 10 10 10 10 10 10 10 10 10 10 10 10 10 10 10 10 10 10 10 10 10 10 10 10 10 10 10 10 10 10 10 10 10 10 10 10 10 10 10 10 10 10 10 10 10 10 10 10 10 10 10 10 10 10 10 10 10 10 10 10 10 10 10 10 10 10 10 10 10 10 10 10 10 10 10 10 10 10 10 10 10 10 10 10 10 10 10 10 10 10 10 10 10 10 10 10 10 10 10 10 10 10 10 10 10 10 10 10 10 10 10 10 10 10 10 10 10 10 10 10 10 10 10 10 10 10 10 10 10 10 10 10 10 10 10 10 10 10 10 10 10 10 10 10 10 10 10 10 10 10 10 10 10 10 10 10 10 10 10 
100 100 100 100 100 100 100 100 100 100 100 100 100 100 100 100 100 100 100 100 100 100 100 100 100 100 100 100 100 100 100 100 100 100 100 100 100 100 100 100 100 100 100 100 100 100 100 100 100 100 100 100 100 100 100 100 100 100 100 100 100 100 100 100 100 100 100 100 100 100 100 100 100 100 100 100 100 100 100 100 100 100 100 100 100 100 100 100 100 100 100 100 100 100 100 100 100 100 100 100 100 100 100 100 100 100 100 100 100 100 100 100 100 100 100 100 100 100 100 100 100 100 100 100 100 100 100 100 100 100 100 100 100 100 100 100 100 100 100 100 100 100 100 100 100 100 100 100 100 100 100 100 100 100 100 100 100 100 100 100 100 100 100 100 100 100 100 100 100 100 100 100 100 100 100 100 100 100 100 100 100 100 100 100 100 100 100 100 100 100 100 100 
4 14
0 1 1 2 2 2 1 1 0 1 1 3 3 3 3 3 3 5 4 4 6 6 5 4 4 3 4 4 6 11 11 9 8 6 3 5 4 6 7 7 4 3 2 1 2 3 6 8 8 8 7 6 8 8 6 6 8 6 5 4 3 3 3 3 3 3 4 3 3 3 3 2 0 0 1 1 1 1 1 1 0 0 0 0 0 0 0 0 0 0 0 1 1 1 1 3 2 3 3 3 3 3 4 3 1 1 2 2 1 2 3 2 2 1 1 1 3 4 4 6 5 4 3 3 3 3 3 5 4 4 5 3 3 4 3 4 3 4 4 3 3 3 3 4 4 3 4 6 5 6 6 6 3 4 3 2 2 2 1 1 1 1 3 3 2 3 4 2 2 2 2 1 1 0 1 1 2 3 4 4 3 4 4 1 1 1 0 0 0 0 0 0 
10 10 10 10 10 10 10 10 10 10 10 10 10 10 10 10 10 10 10 10 10 10 10 10 10 10 10 10 10 10 10 10 10 10 10 10 10 10 10 10 10 10 10 10 10 10 10 10 10 10 10 10 10 10 10 10 10 10 10 10 10 10 10 10 10 10 10 10 10 10 10 10 10 10 10 10 10 10 10 10 10 10 10 10 10 10 10 10 10 10 10 10 10 10 10 10 10 10 10 10 10 10 10 10 10 10 10 10 10 10 10 10 10 10 10 10 10 10 10 10 10 10 10 10 10 10 10 10 10 10 10 10 10 10 10 10 10 10 10 10 10 10 10 10 10 10 10 10 10 10 10 10 10 10 10 10 10 10 10 10 10 10 10 10 10 10 10 10 10 10 10 10 10 10 10 10 10 10 10 10 10 10 10 10 10 10 10 10 10 10 10 10 
100 100 100 100 100 100 100 100 100 100 100 100 100 100 100 100 100 100 100 100 100 100 100 100 100 100 100 100 100 100 100 100 100 100 100 100 100 100 100 100 100 100 100 100 100 100 100 100 100 100 100 100 100 100 100 100 100 100 100 100 100 100 100 100 100 100 100 100 100 100 100 100 100 100 100 100 100 100 100 100 100 100 100 100 100 100 100 100 100 100 100 100 100 100 100 100 100 100 100 100 100 100 100 100 100 100 100 100 100 100 100 100 100 100 100 100 100 100 100 100 100 100 100 100 100 100 100 100 100 100 100 100 100 100 100 100 100 100 100 100 100 100 100 100 100 100 100 100 100 100 100 100 100 100 100 100 100 100 100 100 100 100 100 100 100 100 100 100 100 100 100 100 100 100 100 100 100 100 100 100 100 100 100 100 100 100 100 100 100 100 100 100 
5 14
0 0 0 0 1 1 2 2 3 4 3 3 3 2 1 1 0 0 1 1 1 1 1 1 3 4 4 5 5 5 6 7 6 5 5 6 6 8 7 7 5 6 4 3 2 3 1 1 1 2 4 4 6 6 5 4 3 2 3 3 7 7 6 6 7 5 5 4 3 3 2 2 3 2 3 3 3 3 2 2 2 1 1 1 1 0 0 0 0 0 0 0 0 1 1 1 2 2 2 2 3 2 1 1 1 1 0 1 2 3 3 3 3 4 1 1 1 1 1 0 1 2 2 2 2 2 2 1 1 1 1 3 4 5 5 7 6 4 5 7 4 3 4 4 3 3 2 3 2 3 3 3 4 4 4 4 4 3 3 6 8 7 7 8 9 10 6 8 8 6 3 3 3 2 2 2 2 1 1 0 0 0 0 0 0 0 0 0 0 0 0 0 
10 10 10 10 10 10 10 10 10 10 10 10 10 10 10 10 10 10 10 10 10 10 10 10 10 10 10 10 10 10 10 10 10 10 10 10 10 10 10 10 10 10 10 10 10 10 10 10 10 10 10 10 10 10 10 10 10 10 10 10 10 10 10 10 10 10 10 10 10 10 10 10 10 10 10 10 10 10 10 10 10 10 10 10 10 10 10 10 10 10 10 10 10 10 10 10 10 10 10 10 10 10 10 10 10 10 10 10 10 10 10 10 10 10 10 10 10 10 10 10 10 10 10 10 10 10 10 10 10 10 10 10 10 10 10 10 10 10 10 10 10 10 10 10 10 10 10 10 10 10 10 10 10 10 10 10 10 10 10 10 10 10 10 10 10 10 10 10 10 10 10 10 10 10 10 10 10 10 10 10 10 10 10 10 10 10 10 10 10 10 10 10 
100 100 100 100 100 100 100 100 100 100 100 100 100 100 100 100 100 100 100 100 100 100 100 100 100 100 100 100 100 100 100 100 100 100 100 100 100 100 100 100 100 100 100 100 100 100 100 100 100 100 100 100 100 100 100 100 100 100 100 100 100 100 100 100 100 100 100 100 100 100 100 100 100 100 100 100 100 100 100 100 100 100 100 100 100 100 100 100 100 100 100 100 100 100 100 100 100 100 100 100 100 100 100 100 100 100 100 100 100 100 100 100 100 100 100 100 100 100 100 100 100 100 100 100 100 100 100 100 100 100 100 100 100 100 100 100 100 100 100 100 100 100 100 100 100 100 100 100 100 100 100 100 100 100 100 100 100 100 100 100 100 100 100 100 100 100 100 100 100 100 100 100 100 100 100 100 100 100 100 100 100 100 100 100 100 100 100 100 100 100 100 100 
4 14
2 2 2 2 0 1 1 1 1 1 1 0 0 1 1 1 2 3 4 5 5 6 5 5 4 4 4 2 3 4 3 4 4 4 4 2 2 3 2 2 6 6 7 8 7 4 4 3 3 3 4 4 5 5 4 5 4 4 4 3 4 4 3 4 4 4 3 3 2 3 5 4 3 6 4 4 4 3 2 1 1 1 1 0 0 0 0 0 0 1 1 1 2 2 2 2 1 2 2 2 4 4 3 3 5 3 3 2 2 2 1 2 2 2 2 2 3 3 3 2 2 2 3 4 5 5 4 4 3 2 3 2 1 2 3 3 6 5 5 5 2 2 2 2 4 5 7 8 8 7 3 3 4 3 3 7 8 7 5 5 3 3 1 4 4 4 6 5 4 4 5 4 2 2 0 0 0 0 0 0 0 0 0 0 0 0 0 0 0 0 0 0 
10 10 10 10 10 10 10 10 10 10 10 10 10 10 10 10 10 10 10 10 10 10 10 10 10 10 10 10 10 10 10 10 10 10 10 10 10 10 10 10 10 10 10 10 10 10 10 10 10 10 10 10 10 10 10 10 10 10 10 10 10 10 10 10 10 10 10 10 10 10 10 10 10 10 10 10 10 10 10 10 10 10 10 10 10 10 10 10 10 10 10 10 10 10 10 10 10 10 10 10 10 10 10 10 10 10 10 10 10 10 10 10 10 10 10 10 10 10 10 10 10 10 10 10 10 10 10 10 10 10 10 10 10 10 10 10 10 10 10 10 10 10 10 10 10 10 10 10 10 10 10 10 10 10 10 10 10 10 10 10 10 10 10 10 10 10 10 10 10 10 10 10 10 10 10 10 10 10 10 10 10 10 10 10 10 10 10 10 10 10 10 10 
100 100 100 100 100 100 100 100 100 100 100 100 100 100 100 100 100 100 100 100 100 100 100 100 100 100 100 100 100 100 100 100 100 100 100 100 100 100 100 100 100 100 100 100 100 100 100 100 100 100 100 100 100 100 100 100 100 100 100 100 100 100 100 100 100 100 100 100 100 100 100 100 100 100 100 100 100 100 100 100 100 100 100 100 100 100 100 100 100 100 100 100 100 100 100 100 100 100 100 100 100 100 100 100 100 100 100 100 100 100 100 100 100 100 100 100 100 100 100 100 100 100 100 100 100 100 100 100 100 100 100 100 100 100 100 100 100 100 100 100 100 100 100 100 100 100 100 100 100 100 100 100 100 100 100 100 100 100 100 100 100 100 100 100 100 100 100 100 100 100 100 100 100 100 100 100 100 100 100 100 100 100 100 100 100 100 100 100 100 100 100 100 
6 14
0 0 0 0 0 0 0 0 0 0 0 0 0 0 0 0 0 0 0 1 1 1 1 2 3 2 2 4 4 3 3 3 2 0 1 3 3 3 3 4 5 5 4 4 5 7 6 6 6 6 5 3 3 3 3 3 2 2 2 2 1 1 2 3 2 2 2 5 5 4 4 4 4 3 3 1 1 0 1 2 2 2 2 2 2 2 1 1 3 3 2 2 2 2 1 1 0 0 0 0 0 0 0 0 0 0 0 0 0 0 0 0 0 0 3 5 5 5 6 6 6 5 2 3 4 4 4 4 4 6 4 4 5 5 3 2 1 1 0 1 1 1 1 1 2 1 2 2 2 2 1 2 2 1 1 1 1 1 1 1 1 1 1 1 0 0 0 0 0 0 0 0 0 1 2 2 2 2 2 2 2 1 1 1 1 0 0 0 0 0 0 0 
10 10 10 10 10 10 10 10 10 10 10 10 10 10 10 10 10 10 10 10 10 10 10 10 10 10 10 10 10 10 10 10 10 10 10 10 10 10 10 10 10 10 10 10 10 10 10 10 10 10 10 10 10 10 10 10 10 10 10 10 10 10 10 10 10 10 10 10 10 10 10 10 10 10 10 10 10 10 10 10 10 10 10 10 10 10 10 10 10 10 10 10 10 10 10 10 10 10 10 10 10 10 10 10 10 10 10 10 10 10 10 10 10 10 10 10 10 10 10 10 10 10 10 10 10 10 10 10 10 10 10 10 10 10 10 10 10 10 10 10 10 10 10 10 10 10 10 10 10 10 10 10 10 10 10 10 10 10 10 10 10 10 10 10 10 10 10 10 10 10 10 10 10 10 10 10 10 10 10 10 10 10 10 10 10 10 10 10 10 10 10 10 
100 100 100 100 100 100 100 100 100 100 100 100 100 100 100 100 100 100 100 100 100 100 100 100 100 100 100 100 100 100 100 100 100 100 100 100 100 100 100 100 100 100 100 100 100 100 100 100 100 100 100 100 100 100 100 100 100 100 100 100 100 100 100 100 100 100 100 100 100 100 100 100 100 100 100 100 100 100 100 100 100 100 100 100 100 100 100 100 100 100 100 100 100 100 100 100 100 100 100 100 100 100 100 100 100 100 100 100 100 100 100 100 100 100 100 100 100 100 100 100 100 100 100 100 100 100 100 100 100 100 100 100 100 100 100 100 100 100 100 100 100 100 100 100 100 100 100 100 100 100 100 100 100 100 100 100 100 100 100 100 100 100 100 100 100 100 100 100 100 100 100 100 100 100 100 100 100 100 100 100 100 100 100 100 100 100 100 100 100 100 100 100 
5 14
1 1 1 1 1 0 0 0 0 0 0 0 1 1 1 1 1 1 1 0 0 0 0 1 3 3 3 3 3 3 2 2 3 2 2 2 3 3 4 4 5 5 4 3 3 2 2 3 3 3 2 3 3 2 2 3 3 3 2 2 3 3 3 3 2 3 2 2 2 2 3 2 2 2 2 2 2 2 2 2 3 4 4 3 3 1 0 0 0 0 1 1 1 1 1 0 0 0 0 0 0 0 1 2 2 2 2 1 1 0 0 2 2 2 2 2 0 0 1 1 1 2 3 3 3 3 2 4 4 3 3 4 4 3 3 2 2 2 3 3 7 8 8 9 8 8 5 5 5 5 4 4 4 5 4 4 4 4 4 3 3 2 2 1 1 0 0 1 1 1 1 1 1 0 0 0 0 0 0 0 0 0 0 0 0 0 0 0 0 0 0 0 
10 10 10 10 10 10 10 10 10 10 10 10 10 10 10 10 10 10 10 10 10 10 10 10 10 10 10 10 10 10 10 10 10 10 10 10 10 10 10 10 10 10 10 10 10 10 10 10 10 10 10 10 10 10 10 10 10 10 10 10 10 10 10 10 10 10 10 10 10 10 10 10 10 10 10 10 10 10 10 10 10 10 10 10 10 10 10 10 10 10 10 10 10 10 10 10 10 10 10 10 10 10 10 10 10 10 10 10 10 10 10 10 10 10 10 10 10 10 10 10 10 10 10 10 10 10 10 10 10 10 10 10 10 10 10 10 10 10 10 10 10 10 10 10 10 10 10 10 10 10 10 10 10 10 10 10 10 10 10 10 10 10 10 10 10 10 10 10 10 10 10 10 10 10 10 10 10 10 10 10 10 10 10 10 10 10 10 10 10 10 10 10 
100 100 100 100 100 100 100 100 100 100 100 100 100 100 100 100 100 100 100 100 100 100 100 100 100 100 100 100 100 100 100 100 100 100 100 100 100 100 100 100 100 100 100 100 100 100 100 100 100 100 100 100 100 100 100 100 100 100 100 100 100 100 100 100 100 100 100 100 100 100 100 100 100 100 100 100 100 100 100 100 100 100 100 100 100 100 100 100 100 100 100 100 100 100 100 100 100 100 100 100 100 100 100 100 100 100 100 100 100 100 100 100 100 100 100 100 100 100 100 100 100 100 100 100 100 100 100 100 100 100 100 100 100 100 100 100 100 100 100 100 100 100 100 100 100 100 100 100 100 100 100 100 100 100 100 100 100 100 100 100 100 100 100 100 100 100 100 100 100 100 100 100 100 100 100 100 100 100 100 100 100 100 100 100 100 100 100 100 100 100 100 100 
6 14
0 0 0 1 1 1 1 1 1 1 1 1 1 1 0 0 0 0 0 0 1 2 2 2 3 3 3 2 1 1 1 0 0 0 0 1 2 3 3 3 4 3 2 1 2 3 3 4 4 3 4 4 4 2 3 4 5 4 5 5 4 2 2 1 2 1 1 1 1 1 1 0 1 2 2 2 2 2 2 3 2 1 2 3 3 4 4 4 2 2 2 1 1 0 0 0 0 0 0 1 1 1 1 2 2 2 2 2 3 2 2 1 2 3 3 3 3 2 1 2 2 1 1 1 1 1 1 3 3 3 3 4 4 3 4 3 4 4 4 4 5 6 7 5 6 8 7 6 6 6 7 6 6 5 4 4 3 3 3 2 2 4 4 4 4 3 3 2 2 2 1 2 3 3 2 2 2 2 2 2 2 2 2 1 0 0 0 0 0 0 0 0 
10 10 10 10 10 10 10 10 10 10 10 10 10 10 10 10 10 10 10 10 10 10 10 10 10 10 10 10 10 10 10 10 10 10 10 10 10 10 10 10 10 10 10 10 10 10 10 10 10 10 10 10 10 10 10 10 10 10 10 10 10 10 10 10 10 10 10 10 10 10 10 10 10 10 10 10 10 10 10 10 10 10 10 10 10 10 10 10 10 10 10 10 10 10 10 10 10 10 10 10 10 10 10 10 10 10 10 10 10 10 10 10 10 10 10 10 10 10 10 10 10 10 10 10 10 10 10 10 10 10 10 10 10 10 10 10 10 10 10 10 10 10 10 10 10 10 10 10 10 10 10 10 10 10 10 10 10 10 10 10 10 10 10 10 10 10 10 10 10 10 10 10 10 10 10 10 10 10 10 10 10 10 10 10 10 10 10 10 10 10 10 10 
100 100 100 100 100 100 100 100 100 100 100 100 100 100 100 100 100 100 100 100 100 100 100 100 100 100 100 100 100 100 100 100 100 100 100 100 100 100 100 100 100 100 100 100 100 100 100 100 100 100 100 100 100 100 100 100 100 100 100 100 100 100 100 100 100 100 100 100 100 100 100 100 100 100 100 100 100 100 100 100 100 100 100 100 100 100 100 100 100 100 100 100 100 100 100 100 100 100 100 100 100 100 100 100 100 100 100 100 100 100 100 100 100 100 100 100 100 100 100 100 100 100 100 100 100 100 100 100 100 100 100 100 100 100 100 100 100 100 100 100 100 100 100 100 100 100 100 100 100 100 100 100 100 100 100 100 100 100 100 100 100 100 100 100 100 100 100 100 100 100 100 100 100 100 100 100 100 100 100 100 100 100 100 100 100 100 100 100 100 100 100 100 
5 14
0 1 1 1 1 1 0 0 1 1 3 5 6 6 6 6 5 3 4 3 1 1 1 2 1 1 1 2 2 2 1 1 2 2 2 3 3 3 3 4 3 4 5 6 6 4 5 4 3 1 2 4 4 4 5 5 5 6 4 4 5 5 4 4 3 2 2 1 2 2 1 2 2 2 2 1 2 3 2 2 2 1 1 0 0 0 0 0 0 0 0 1 1 1 1 1 1 1 1 1 1 1 2 2 2 2 3 3 2 3 4 3 3 3 4 4 3 3 3 1 1 1 1 1 2 2 5 5 7 7 7 6 2 3 3 3 3 3 3 1 1 0 0 1 3 4 4 4 3 3 3 4 4 4 6 5 4 3 4 3 3 3 2 2 2 1 2 3 3 3 3 3 1 1 1 1 0 0 0 0 0 0 0 0 0 0 0 0 0 0 0 0 
10 10 10 10 10 10 10 10 10 10 10 10 10 10 10 10 10 10 10 10 10 10 10 10 10 10 10 10 10 10 10 10 10 10 10 10 10 10 10 10 10 10 10 10 10 10 10 10 10 10 10 10 10 10 10 10 10 10 10 10 10 10 10 10 10 10 10 10 10 10 10 10 10 10 10 10 10 10 10 10 10 10 10 10 10 10 10 10 10 10 10 10 10 10 10 10 10 10 10 10 10 10 10 10 10 10 10 10 10 10 10 10 10 10 10 10 10 10 10 10 10 10 10 10 10 10 10 10 10 10 10 10 10 10 10 10 10 10 10 10 10 10 10 10 10 10 10 10 10 10 10 10 10 10 10 10 10 10 10 10 10 10 10 10 10 10 10 10 10 10 10 10 10 10 10 10 10 10 10 10 10 10 10 10 10 10 10 10 10 10 10 10 
100 100 100 100 100 100 100 100 100 100 100 100 100 100 100 100 100 100 100 100 100 100 100 100 100 100 100 100 100 100 100 100 100 100 100 100 100 100 100 100 100 100 100 100 100 100 100 100 100 100 100 100 100 100 100 100 100 100 100 100 100 100 100 100 100 100 100 100 100 100 100 100 100 100 100 100 100 100 100 100 100 100 100 100 100 100 100 100 100 100 100 100 100 100 100 100 100 100 100 100 100 100 100 100 100 100 100 100 100 100 100 100 100 100 100 100 100 100 100 100 100 100 100 100 100 100 100 100 100 100 100 100 100 100 100 100 100 100 100 100 100 100 100 100 100 100 100 100 100 100 100 100 100 100 100 100 100 100 100 100 100 100 100 100 100 100 100 100 100 100 100 100 100 100 100 100 100 100 100 100 100 100 100 100 100 100 100 100 100 100 100 100 
5 14
0 0 0 0 2 2 2 2 2 1 0 0 0 0 2 3 3 3 3 2 2 1 2 2 2 3 3 2 2 1 3 5 5 6 6 4 3 4 4 4 3 3 4 4 4 3 4 4 4 3 4 4 2 3 3 2 2 2 3 4 3 2 2 2 2 3 2 2 2 1 1 1 1 0 0 1 1 1 2 2 1 1 1 0 0 1 1 1 1 1 0 0 0 0 0 0 1 1 1 2 2 3 2 2 2 2 1 2 4 4 6 6 5 4 3 1 1 1 2 2 3 4 5 5 5 3 4 2 2 1 3 4 4 5 6 5 5 4 3 2 3 3 3 3 2 2 1 2 2 2 4 4 4 3 3 2 4 3 3 3 3 2 1 1 1 0 1 1 1 1 2 2 3 2 2 1 2 1 1 2 2 1 1 1 1 0 0 0 0 0 0 0 
10 10 10 10 10 10 10 10 10 10 10 10 10 10 10 10 10 10 10 10 10 10 10 10 10 10 10 10 10 10 10 10 10 10 10 10 10 10 10 10 10 10 10 10 10 10 10 10 10 10 10 10 10 10 10 10 10 10 10 10 10 10 10 10 10 10 10 10 10 10 10 10 10 10 10 10 10 10 10 10 10 10 10 10 10 10 10 10 10 10 10 10 10 10 10 10 10 10 10 10 10 10 10 10 10 10 10 10 10 10 10 10 10 10 10 10 10 10 10 10 10 10 10 10 10 10 10 10 10 10 10 10 10 10 10 10 10 10 10 10 10 10 10 10 10 10 10 10 10 10 10 10 10 10 10 10 10 10 10 10 10 10 10 10 10 10 10 10 10 10 10 10 10 10 10 10 10 10 10 10 10 10 10 10 10 10 10 10 10 10 10 10 
100 100 100 100 100 100 100 100 100 100 100 100 100 100 100 100 100 100 100 100 100 100 100 100 100 100 100 100 100 100 100 100 100 100 100 100 100 100 100 100 100 100 100 100 100 100 100 100 100 100 100 100 100 100 100 100 100 100 100 100 100 100 100 100 100 100 100 100 100 100 100 100 100 100 100 100 100 100 100 100 100 100 100 100 100 100 100 100 100 100 100 100 100 100 100 100 100 100 100 100 100 100 100 100 100 100 100 100 100 100 100 100 100 100 100 100 100 100 100 100 100 100 100 100 100 100 100 100 100 100 100 100 100 100 100 100 100 100 100 100 100 100 100 100 100 100 100 100 100 100 100 100 100 100 100 100 100 100 100 100 100 100 100 100 100 100 100 100 100 100 100 100 100 100 100 100 100 100 100 100 100 100 100 100 100 100 100 100 100 100 100 100 
6 14
0 0 0 0 0 0 0 0 0 0 1 1 1 1 1 2 2 2 3 3 4 3 3 3 2 2 1 2 1 1 3 4 6 8 9 8 6 6 5 4 4 6 7 7 7 7 5 4 4 4 1 1 2 2 2 2 2 2 0 0 1 1 2 2 2 2 1 1 1 1 0 2 2 2 2 2 2 1 1 0 1 1 1 1 1 1 0 0 1 1 1 1 1 2 2 2 3 3 3 3 2 3 3 3 2 2 2 2 1 1 0 0 0 0 1 1 1 1 1 1 1 2 3 4 3 3 3 3 5 5 6 5 5 5 4 4 2 3 2 3 3 4 3 3 2 2 2 3 5 5 5 4 5 4 4 3 3 2 1 2 2 2 1 1 1 0 0 0 1 2 2 2 3 4 4 4 2 2 2 1 1 0 0 0 0 0 0 0 0 0 0 0 
10 10 10 10 10 10 10 10 10 10 10 10 10 10 10 10 10 10 10 10 10 10 10 10 10 10 10 10 10 10 10 10 10 10 10 10 10 10 10 10 10 10 10 10 10 10 10 10 10 10 10 10 10 10 10 10 10 10 10 10 10 10 10 10 10 10 10 10 10 10 10 10 10 10 10 10 10 10 10 10 10 10 10 10 10 10 10 10 10 10 10 10 10 10 10 10 10 10 10 10 10 10 10 10 10 10 10 10 10 10 10 10 10 10 10 10 10 10 10 10 10 10 10 10 10 10 10 10 10 10 10 10 10 10 10 10 10 10 10 10 10 10 10 10 10 10 10 10 10 10 10 10 10 10 10 10 10 10 10 10 10 10 10 10 10 10 10 10 10 10 10 10 10 10 10 10 10 10 10 10 10 10 10 10 10 10 10 10 10 10 10 10 
100 100 100 100 100 100 100 100 100 100 100 100 100 100 100 100 100 100 100 100 100 100 100 100 100 100 100 100 100 100 100 100 100 100 100 100 100 100 100 100 100 100 100 100 100 100 100 100 100 100 100 100 100 100 100 100 100 100 100 100 100 100 100 100 100 100 100 100 100 100 100 100 100 100 100 100 100 100 100 100 100 100 100 100 100 100 100 100 100 100 100 100 100 100 100 100 100 100 100 100 100 100 100 100 100 100 100 100 100 100 100 100 100 100 100 100 100 100 100 100 100 100 100 100 100 100 100 100 100 100 100 100 100 100 100 100 100 100 100 100 100 100 100 100 100 100 100 100 100 100 100 100 100 100 100 100 100 100 100 100 100 100 100 100 100 100 100 100 100 100 100 100 100 100 100 100 100 100 100 100 100 100 100 100 100 100 100 100 100 100 100 100 
8 14
0 0 0 0 0 0 0 0 1 1 1 1 1 1 1 1 1 0 0 0 0 1 1 1 1 1 1 1 1 1 1 1 3 2 2 2 3 3 3 3 2 2 1 1 1 0 0 0 0 0 0 0 0 0 0 0 0 1 1 2 2 2 2 2 2 2 3 2 2 1 1 1 1 1 1 1 1 1 1 1 1 1 1 3 3 3 3 3 3 2 2 0 1 1 1 1 2 2 2 2 2 2 1 2 2 3 3 3 3 3 3 2 2 3 4 3 2 3 3 3 4 3 3 2 2 2 2 2 1 1 2 2 2 2 2 1 1 1 0 1 1 2 2 2 2 3 3 3 2 2 1 1 1 0 0 0 0 0 0 1 1 1 2 2 2 3 3 2 2 2 3 3 3 2 2 2 2 2 1 0 0 0 0 0 0 0 0 0 0 0 0 0 
10 10 10 10 10 10 10 10 10 10 10 10 10 10 10 10 10 10 10 10 10 10 10 10 10 10 10 10 10 10 10 10 10 10 10 10 10 10 10 10 10 10 10 10 10 10 10 10 10 10 10 10 10 10 10 10 10 10 10 10 10 10 10 10 10 10 10 10 10 10 10 10 10 10 10 10 10 10 10 10 10 10 10 10 10 10 10 10 10 10 10 10 10 10 10 10 10 10 10 10 10 10 10 10 10 10 10 10 10 10 10 10 10 10 10 10 10 10 10 10 10 10 10 10 10 10 10 10 10 10 10 10 10 10 10 10 10 10 10 10 10 10 10 10 10 10 10 10 10 10 10 10 10 10 10 10 10 10 10 10 10 10 10 10 10 10 10 10 10 10 10 10 10 10 10 10 10 10 10 10 10 10 10 10 10 10 10 10 10 10 10 10 
100 100 100 100 100 100 100 100 100 100 100 100 100 100 100 100 100 100 100 100 100 100 100 100 100 100 100 100 100 100 100 100 100 100 100 100 100 100 100 100 100 100 100 100 100 100 100 100 100 100 100 100 100 100 100 100 100 100 100 100 100 100 100 100 100 100 100 100 100 100 100 100 100 100 100 100 100 100 100 100 100 100 100 100 100 100 100 100 100 100 100 100 100 100 100 100 100 100 100 100 100 100 100 100 100 100 100 100 100 100 100 100 100 100 100 100 100 100 100 100 100 100 100 100 100 100 100 100 100 100 100 100 100 100 100 100 100 100 100 100 100 100 100 100 100 100 100 100 100 100 100 100 100 100 100 100 100 100 100 100 100 100 100 100 100 100 100 100 100 100 100 100 100 100 100 100 100 100 100 100 100 100 100 100 100 100 100 100 100 100 100 100 
6 14
0 0 0 0 0 0 1 1 1 1 1 1 1 1 0 0 0 1 1 1 2 3 3 3 4 3 3 1 1 2 1 2 3 3 3 3 3 1 1 0 0 1 2 2 2 2 3 2 3 4 3 3 2 2 1 1 1 0 0 1 1 2 2 2 2 2 2 1 1 1 1 1 2 1 1 1 1 1 0 0 0 0 0 0 0 0 0 0 0 0 0 0 0 0 0 0 1 1 1 1 1 1 2 3 2 3 3 3 3 3 2 2 2 2 2 2 2 2 1 2 2 2 2 2 2 4 4 4 3 3 3 1 1 0 2 2 5 5 5 5 3 3 3 2 2 3 3 3 4 3 3 3 1 1 0 1 1 3 3 3 3 3 3 1 0 1 1 1 1 1 1 1 1 1 1 1 1 1 1 1 1 0 0 0 0 0 0 0 0 0 0 0 
10 10 10 10 10 10 10 10 10 10 10 10 10 10 10 10 10 10 10 10 10 10 10 10 10 10 10 10 10 10 10 10 10 10 10 10 10 10 10 10 10 10 10 10 10 10 10 10 10 10 10 10 10 10 10 10 10 10 10 10 10 10 10 10 10 10 10 10 10 10 10 10 10 10 10 10 10 10 10 10 10 10 10 10 10 10 10 10 10 10 10 10 10 10 10 10 10 10 10 10 10 10 10 10 10 10 10 10 10 10 10 10 10 10 10 10 10 10 10 10 10 10 10 10 10 10 10 10 10 10 10 10 10 10 10 10 10 10 10 10 10 10 10 10 10 10 10 10 10 10 10 10 10 10 10 10 10 10 10 10 10 10 10 10 10 10 10 10 10 10 10 10 10 10 10 10 10 10 10 10 10 10 10 10 10 10 10 10 10 10 10 10 
100 100 100 100 100 100 100 100 100 100 100 100 100 100 100 100 100 100 100 100 100 100 100 100 100 100 100 100 100 100 100 100 100 100 100 100 100 100 100 100 100 100 100 100 100 100 100 100 100 100 100 100 100 100 100 100 100 100 100 100 100 100 100 100 100 100 100 100 100 100 100 100 100 100 100 100 100 100 100 100 100 100 100 100 100 100 100 100 100 100 100 100 100 100 100 100 100 100 100 100 100 100 100 100 100 100 100 100 100 100 100 100 100 100 100 100 100 100 100 100 100 100 100 100 100 100 100 100 100 100 100 100 100 100 100 100 100 100 100 100 100 100 100 100 100 100 100 100 100 100 100 100 100 100 100 100 100 100 100 100 100 100 100 100 100 100 100 100 100 100 100 100 100 100 100 100 100 100 100 100 100 100 100 100 100 100 100 100 100 100 100 100 
