192
1
EMPL 75
2 92 25 119 28 
6 0 2 3 6 8 10 
4 32 18 52 18 124 16 142 19 
5 4 7 8 9 11 
2 67 28 97 28 
6 0 3 6 8 10 11 
4 50 17 69 19 137 17 156 19 
9 0 2 3 5 6 7 9 10 11 
2 96 25 123 27 
5 3 4 5 8 10 
4 12 18 32 17 123 17 142 19 
8 2 3 5 6 7 8 10 11 
4 35 18 55 19 96 19 117 19 
6 0 2 3 7 9 11 
4 14 18 34 19 133 18 153 19 
10 0 1 2 3 4 5 6 7 8 10 
4 34 17 53 16 114 17 133 18 
7 0 2 4 5 7 8 11 
4 21 17 40 18 147 16 165 18 
7 1 3 4 5 8 9 11 
4 15 16 33 17 119 18 139 19 
7 0 2 3 4 5 10 11 
2 51 28 81 27 
6 0 4 7 9 10 11 
4 12 17 31 19 131 18 151 18 
7 0 1 2 6 7 8 11 
2 99 28 129 28 
5 0 1 6 8 11 
4 25 19 46 17 121 19 142 19 
7 2 3 5 6 8 10 11 
4 39 19 60 18 133 19 154 18 
7 1 4 5 7 8 10 11 
4 4 19 25 19 138 19 159 16 
7 0 3 4 5 6 8 11 
4 49 18 69 19 101 16 119 18 
7 0 2 3 5 6 7 11 
4 7 18 27 18 116 18 136 16 
6 0 1 5 7 8 11 
4 15 18 35 16 108 18 128 18 
7 1 2 3 5 8 10 11 
4 14 18 34 19 108 16 126 16 
8 0 2 4 5 6 7 8 11 
4 23 18 43 19 128 16 146 17 
7 3 5 6 7 8 9 10 
4 8 19 29 17 107 19 128 19 
7 0 1 3 4 6 8 11 
4 4 19 25 19 99 18 119 18 
6 1 5 6 7 8 11 
4 1 18 21 18 126 17 145 18 
7 3 4 5 6 8 10 11 
4 36 19 57 16 120 17 139 18 
6 2 3 4 5 6 7 
4 32 18 52 18 146 16 164 17 
7 2 3 4 5 6 10 11 
4 46 17 65 18 137 18 157 17 
8 1 2 4 5 6 7 8 11 
2 88 28 118 27 
5 0 3 6 7 9 
2 98 26 126 27 
6 3 4 5 6 7 8 
4 37 18 57 19 104 17 123 19 
8 0 2 3 5 6 7 8 11 
2 55 26 83 25 
6 1 2 5 6 8 10 
4 30 17 49 18 147 19 168 18 
10 0 1 2 3 4 5 6 7 10 11 
4 9 17 28 19 100 18 120 16 
6 1 3 5 7 8 10 
2 94 26 122 27 
5 0 1 2 5 10 
4 38 19 59 16 146 19 167 18 
7 0 2 3 8 9 10 11 
4 51 17 70 18 115 17 134 18 
8 1 2 3 4 5 6 7 11 
4 40 16 58 19 121 17 140 17 
6 0 1 2 4 5 11 
4 12 17 31 18 146 16 164 18 
7 0 1 5 7 8 10 11 
4 29 18 49 19 101 16 119 19 
9 0 2 3 4 5 6 7 10 11 
4 47 18 67 19 141 18 161 18 
7 0 2 3 5 6 8 11 
4 48 18 68 18 137 16 155 18 
7 3 5 6 7 8 9 11 
4 12 18 32 18 123 16 141 18 
7 2 4 5 6 7 8 10 
4 20 19 41 18 126 19 147 16 
6 0 2 6 7 8 11 
4 29 18 49 17 115 17 134 19 
9 0 1 2 3 4 5 6 8 11 
4 42 18 62 19 123 17 142 18 
6 0 1 2 3 6 11 
4 20 18 40 18 107 16 125 18 
7 0 3 4 6 7 10 11 
2 52 27 81 26 
5 0 4 7 9 10 
4 26 17 45 17 115 18 135 18 
7 0 3 4 5 9 10 11 
4 48 17 67 18 113 17 132 16 
7 2 3 4 5 6 7 11 
4 7 17 26 18 141 19 162 18 
7 3 4 5 6 7 8 11 
4 9 18 29 18 102 17 121 18 
5 0 1 4 7 11 
4 12 17 31 16 97 18 117 18 
8 3 5 6 7 8 9 10 11 
2 91 27 120 26 
4 0 2 5 9 
4 19 18 39 18 110 17 129 18 
6 1 2 4 5 8 11 
2 90 27 119 26 
6 0 1 3 6 8 11 
4 6 17 25 19 109 18 129 18 
6 2 5 6 7 8 10 
4 42 18 62 16 117 17 136 19 
7 1 2 3 5 6 7 11 
4 48 18 68 19 131 19 152 18 
8 0 2 3 4 5 6 8 10 
4 3 18 23 19 146 18 166 17 
8 0 3 5 6 7 8 10 11 
2 95 26 123 27 
7 1 2 3 5 6 8 10 
4 7 19 28 17 138 18 158 19 
6 0 3 5 7 8 11 
4 33 17 52 16 109 16 127 18 
6 5 6 7 8 10 11 
4 4 16 22 19 129 18 149 18 
7 1 2 5 6 7 10 11 
4 28 16 46 18 114 16 132 18 
6 0 3 4 5 8 11 
4 16 18 36 16 109 18 129 16 
6 1 2 3 5 7 8 
4 33 17 52 16 133 18 153 18 
7 0 2 3 5 6 8 11 
2 77 28 107 27 
5 1 2 4 6 7 
4 35 19 56 18 96 17 115 17 
7 0 1 3 4 5 6 10 
4 24 19 45 18 102 17 121 19 
8 1 2 5 6 7 8 10 11 
4 5 19 26 17 121 17 140 16 
5 0 3 5 6 11 
2 89 27 118 26 
5 1 5 8 10 11 
4 0 17 19 16 100 17 119 18 
7 2 3 5 6 8 10 11 
4 6 17 25 17 138 18 158 16 
8 4 5 6 7 8 9 10 11 
4 37 18 57 18 130 17 149 17 
6 0 1 2 3 7 8 
ACT 12
7 14
0 0 0 0 0 0 0 1 1 3 3 3 3 3 2 2 2 1 1 1 1 1 1 1 1 1 2 3 3 3 3 4 4 3 3 4 2 2 2 2 2 2 3 6 5 5 5 5 4 4 1 1 1 1 3 3 3 3 3 4 5 4 3 3 3 3 3 3 3 2 3 3 3 3 3 2 2 1 1 2 2 1 1 1 1 1 2 1 1 1 2 2 2 2 3 5 5 5 5 6 6 6 5 5 3 3 3 1 1 2 2 2 2 2 3 3 3 3 3 2 2 2 2 2 2 1 2 2 1 1 2 3 4 3 3 4 4 5 6 6 8 9 9 9 9 9 8 5 3 2 1 1 0 0 0 0 0 0 0 0 0 0 0 1 1 1 1 1 1 1 1 1 1 2 2 2 2 1 1 1 1 1 0 0 0 0 0 0 0 0 0 0 
10 10 10 10 10 10 10 10 10 10 10 10 10 10 10 10 10 10 10 10 10 10 10 10 10 10 10 10 10 10 10 10 10 10 10 10 10 10 10 10 10 10 10 10 10 10 10 10 10 10 10 10 10 10 10 10 10 10 10 10 10 10 10 10 10 10 10 10 10 10 10 10 10 10 10 10 10 10 10 10 10 10 10 10 10 10 10 10 10 10 10 10 10 10 10 10 10 10 10 10 10 10 10 10 10 10 10 10 10 10 10 10 10 10 10 10 10 10 10 10 10 10 10 10 10 10 10 10 10 10 10 10 10 10 10 10 10 10 10 10 10 10 10 10 10 10 10 10 10 10 10 10 10 10 10 10 10 10 10 10 10 10 10 10 10 10 10 10 10 10 10 10 10 10 10 10 10 10 10 10 10 10 10 10 10 10 10 10 10 10 10 10 
100 100 100 100 100 100 100 100 100 100 100 100 100 100 100 100 100 100 100 100 100 100 100 100 100 100 100 100 100 100 100 100 100 100 100 100 100 100 100 100 100 100 100 100 100 100 100 100 100 100 100 100 100 100 100 100 100 100 100 100 100 100 100 100 100 100 100 100 100 100 100 100 100 100 100 100 100 100 100 100 100 100 100 100 100 100 100 100 100 100 100 100 100 100 100 100 100 100 100 100 100 100 100 100 100 100 100 100 100 100 100 100 100 100 100 100 100 100 100 100 100 100 100 100 100 100 100 100 100 100 100 100 100 100 100 100 100 100 100 100 100 100 100 100 100 100 100 100 100 100 100 100 100 100 100 100 100 100 100 100 100 100 100 100 100 100 100 100 100 100 100 100 100 100 100 100 100 100 100 100 100 100 100 100 100 100 100 100 100 100 100 100 
7 14
0 0 0 0 0 0 0 1 1 1 1 1 1 1 1 2 1 1 1 2 2 3 4 3 4 4 4 3 3 1 1 1 0 0 1 2 4 4 4 5 6 5 4 4 4 3 3 2 1 1 1 1 1 1 1 2 2 2 2 2 1 1 1 1 1 1 1 1 1 0 0 0 0 0 0 0 0 0 0 0 0 0 0 0 0 0 0 0 0 0 0 1 2 2 2 2 2 2 2 1 1 1 1 1 1 1 1 1 1 2 2 2 2 1 1 2 1 1 1 1 1 1 2 3 3 3 3 4 6 7 7 7 6 6 4 4 5 4 5 5 5 5 4 4 4 3 2 3 3 3 3 3 3 3 2 0 0 0 0 0 0 0 1 1 2 3 3 3 3 3 3 2 1 1 0 0 0 0 0 0 0 0 0 0 0 0 0 0 0 0 0 0 
10 10 10 10 10 10 10 10 10 10 10 10 10 10 10 10 10 10 10 10 10 10 10 10 10 10 10 10 10 10 10 10 10 10 10 10 10 10 10 10 10 10 10 10 10 10 10 10 10 10 10 10 10 10 10 10 10 10 10 10 10 10 10 10 10 10 10 10 10 10 10 10 10 10 10 10 10 10 10 10 10 10 10 10 10 10 10 10 10 10 10 10 10 10 10 10 10 10 10 10 10 10 10 10 10 10 10 10 10 10 10 10 10 10 10 10 10 10 10 10 10 10 10 10 10 10 10 10 10 10 10 10 10 10 10 10 10 10 10 10 10 10 10 10 10 10 10 10 10 10 10 10 10 10 10 10 10 10 10 10 10 10 10 10 10 10 10 10 10 10 10 10 10 10 10 10 10 10 10 10 10 10 10 10 10 10 10 10 10 10 10 10 
100 100 100 100 100 100 100 100 100 100 100 100 100 100 100 100 100 100 100 100 100 100 100 100 100 100 100 100 100 100 100 100 100 100 100 100 100 100 100 100 100 100 100 100 100 100 100 100 100 100 100 100 100 100 100 100 100 100 100 100 100 100 100 100 100 100 100 100 100 100 100 100 100 100 100 100 100 100 100 100 100 100 100 100 100 100 100 100 100 100 100 100 100 100 100 100 100 100 100 100 100 100 100 100 100 100 100 100 100 100 100 100 100 100 100 100 100 100 100 100 100 100 100 100 100 100 100 100 100 100 100 100 100 100 100 100 100 100 100 100 100 100 100 100 100 100 100 100 100 100 100 100 100 100 100 100 100 100 100 100 100 100 100 100 100 100 100 100 100 100 100 100 100 100 100 100 100 100 100 100 100 100 100 100 100 100 100 100 100 100 100 100 
6 14
0 0 0 0 0 0 0 0 0 0 0 0 0 0 0 0 1 2 2 2 2 2 3 1 1 2 4 4 3 3 3 3 2 2 1 1 3 4 4 3 3 3 2 1 2 2 3 4 6 7 7 7 7 7 6 4 4 4 4 5 4 4 4 4 3 2 2 1 3 3 4 4 3 3 1 1 1 1 2 2 3 3 3 3 3 3 2 2 0 0 0 0 0 0 0 0 0 0 0 0 0 2 3 3 3 3 3 2 1 1 2 3 3 3 6 5 5 4 3 4 3 3 3 4 5 5 6 4 4 4 4 6 4 5 5 5 5 3 4 5 4 5 6 6 5 5 3 2 2 0 0 0 0 0 2 2 3 3 4 4 4 3 1 1 1 1 1 0 0 0 0 0 0 0 0 0 0 0 0 0 0 0 0 0 0 0 0 0 0 0 0 0 
10 10 10 10 10 10 10 10 10 10 10 10 10 10 10 10 10 10 10 10 10 10 10 10 10 10 10 10 10 10 10 10 10 10 10 10 10 10 10 10 10 10 10 10 10 10 10 10 10 10 10 10 10 10 10 10 10 10 10 10 10 10 10 10 10 10 10 10 10 10 10 10 10 10 10 10 10 10 10 10 10 10 10 10 10 10 10 10 10 10 10 10 10 10 10 10 10 10 10 10 10 10 10 10 10 10 10 10 10 10 10 10 10 10 10 10 10 10 10 10 10 10 10 10 10 10 10 10 10 10 10 10 10 10 10 10 10 10 10 10 10 10 10 10 10 10 10 10 10 10 10 10 10 10 10 10 10 10 10 10 10 10 10 10 10 10 10 10 10 10 10 10 10 10 10 10 10 10 10 10 10 10 10 10 10 10 10 10 10 10 10 10 
100 100 100 100 100 100 100 100 100 100 100 100 100 100 100 100 100 100 100 100 100 100 100 100 100 100 100 100 100 100 100 100 100 100 100 100 100 100 100 100 100 100 100 100 100 100 100 100 100 100 100 100 100 100 100 100 100 100 100 100 100 100 100 100 100 100 100 100 100 100 100 100 100 100 100 100 100 100 100 100 100 100 100 100 100 100 100 100 100 100 100 100 100 100 100 100 100 100 100 100 100 100 100 100 100 100 100 100 100 100 100 100 100 100 100 100 100 100 100 100 100 100 100 100 100 100 100 100 100 100 100 100 100 100 100 100 100 100 100 100 100 100 100 100 100 100 100 100 100 100 100 100 100 100 100 100 100 100 100 100 100 100 100 100 100 100 100 100 100 100 100 100 100 100 100 100 100 100 100 100 100 100 100 100 100 100 100 100 100 100 100 100 
5 14
0 0 0 0 0 0 1 1 1 1 1 0 0 1 3 3 3 4 4 2 3 3 3 3 1 2 1 1 3 3 3 3 3 3 2 4 5 6 6 6 7 7 7 6 6 6 6 5 7 4 3 3 4 3 2 2 2 4 4 5 5 4 4 5 5 5 2 2 1 4 6 6 6 7 6 5 3 3 2 2 1 0 0 0 0 0 0 0 0 0 0 0 0 0 0 0 0 1 1 1 2 3 3 3 4 4 4 3 1 1 1 2 2 2 4 4 3 5 5 5 5 5 4 3 3 3 4 4 5 5 4 4 4 3 4 3 3 2 1 2 3 3 5 5 5 4 4 2 2 1 1 2 1 1 1 1 1 0 0 0 0 1 1 1 1 1 1 1 1 2 2 2 1 1 1 1 2 1 1 1 2 1 1 1 1 0 0 0 0 0 0 0 
10 10 10 10 10 10 10 10 10 10 10 10 10 10 10 10 10 10 10 10 10 10 10 10 10 10 10 10 10 10 10 10 10 10 10 10 10 10 10 10 10 10 10 10 10 10 10 10 10 10 10 10 10 10 10 10 10 10 10 10 10 10 10 10 10 10 10 10 10 10 10 10 10 10 10 10 10 10 10 10 10 10 10 10 10 10 10 10 10 10 10 10 10 10 10 10 10 10 10 10 10 10 10 10 10 10 10 10 10 10 10 10 10 10 10 10 10 10 10 10 10 10 10 10 10 10 10 10 10 10 10 10 10 10 10 10 10 10 10 10 10 10 10 10 10 10 10 10 10 10 10 10 10 10 10 10 10 10 10 10 10 10 10 10 10 10 10 10 10 10 10 10 10 10 10 10 10 10 10 10 10 10 10 10 10 10 10 10 10 10 10 10 
100 100 100 100 100 100 100 100 100 100 100 100 100 100 100 100 100 100 100 100 100 100 100 100 100 100 100 100 100 100 100 100 100 100 100 100 100 100 100 100 100 100 100 100 100 100 100 100 100 100 100 100 100 100 100 100 100 100 100 100 100 100 100 100 100 100 100 100 100 100 100 100 100 100 100 100 100 100 100 100 100 100 100 100 100 100 100 100 100 100 100 100 100 100 100 100 100 100 100 100 100 100 100 100 100 100 100 100 100 100 100 100 100 100 100 100 100 100 100 100 100 100 100 100 100 100 100 100 100 100 100 100 100 100 100 100 100 100 100 100 100 100 100 100 100 100 100 100 100 100 100 100 100 100 100 100 100 100 100 100 100 100 100 100 100 100 100 100 100 100 100 100 100 100 100 100 100 100 100 100 100 100 100 100 100 100 100 100 100 100 100 100 
7 14
0 0 0 0 0 0 0 0 0 0 0 1 1 1 1 1 2 2 3 3 3 3 3 2 3 3 4 4 5 4 5 4 4 4 4 2 2 1 0 2 3 4 4 4 4 5 4 4 3 3 2 2 4 3 3 3 2 2 2 2 4 5 5 5 4 4 4 3 2 1 1 1 1 1 1 1 1 2 2 1 1 1 1 1 1 0 0 0 0 0 0 0 0 0 0 0 0 0 0 0 0 0 0 1 1 1 1 2 2 2 2 1 1 2 2 3 3 2 2 2 1 2 3 3 3 3 3 4 5 4 3 3 3 3 2 2 2 2 2 2 2 4 5 5 8 7 8 9 9 7 6 5 5 2 2 2 2 1 1 2 1 1 2 2 3 3 2 2 2 2 2 1 1 1 0 0 0 0 0 0 0 0 0 0 0 0 0 0 0 0 0 0 
10 10 10 10 10 10 10 10 10 10 10 10 10 10 10 10 10 10 10 10 10 10 10 10 10 10 10 10 10 10 10 10 10 10 10 10 10 10 10 10 10 10 10 10 10 10 10 10 10 10 10 10 10 10 10 10 10 10 10 10 10 10 10 10 10 10 10 10 10 10 10 10 10 10 10 10 10 10 10 10 10 10 10 10 10 10 10 10 10 10 10 10 10 10 10 10 10 10 10 10 10 10 10 10 10 10 10 10 10 10 10 10 10 10 10 10 10 10 10 10 10 10 10 10 10 10 10 10 10 10 10 10 10 10 10 10 10 10 10 10 10 10 10 10 10 10 10 10 10 10 10 10 10 10 10 10 10 10 10 10 10 10 10 10 10 10 10 10 10 10 10 10 10 10 10 10 10 10 10 10 10 10 10 10 10 10 10 10 10 10 10 10 
100 100 100 100 100 100 100 100 100 100 100 100 100 100 100 100 100 100 100 100 100 100 100 100 100 100 100 100 100 100 100 100 100 100 100 100 100 100 100 100 100 100 100 100 100 100 100 100 100 100 100 100 100 100 100 100 100 100 100 100 100 100 100 100 100 100 100 100 100 100 100 100 100 100 100 100 100 100 100 100 100 100 100 100 100 100 100 100 100 100 100 100 100 100 100 100 100 100 100 100 100 100 100 100 100 100 100 100 100 100 100 100 100 100 100 100 100 100 100 100 100 100 100 100 100 100 100 100 100 100 100 100 100 100 100 100 100 100 100 100 100 100 100 100 100 100 100 100 100 100 100 100 100 100 100 100 100 100 100 100 100 100 100 100 100 100 100 100 100 100 100 100 100 100 100 100 100 100 100 100 100 100 100 100 100 100 100 100 100 100 100 100 
4 14
0 0 0 1 2 3 3 3 3 1 1 2 2 2 3 4 3 3 2 3 3 4 4 4 2 2 3 1 2 3 2 3 3 4 6 5 4 3 4 7 7 7 6 3 2 3 4 3 4 3 3 4 3 2 1 1 1 3 4 4 4 5 4 3 2 1 1 2 2 2 1 0 0 0 0 0 0 0 0 0 0 0 0 0 1 1 1 1 0 0 0 1 1 1 1 1 1 1 1 1 1 0 0 0 0 0 0 2 3 4 5 4 5 4 3 3 4 4 4 5 6 7 6 8 6 5 5 7 5 9 11 8 7 7 8 7 7 7 4 4 5 4 4 3 1 0 4 5 6 8 6 8 8 9 8 7 3 2 2 2 3 3 2 2 1 1 1 1 2 1 1 2 2 2 1 1 0 0 0 0 0 0 1 1 1 1 0 0 0 0 0 0 
10 10 10 10 10 10 10 10 10 10 10 10 10 10 10 10 10 10 10 10 10 10 10 10 10 10 10 10 10 10 10 10 10 10 10 10 10 10 10 10 10 10 10 10 10 10 10 10 10 10 10 10 10 10 10 10 10 10 10 10 10 10 10 10 10 10 10 10 10 10 10 10 10 10 10 10 10 10 10 10 10 10 10 10 10 10 10 10 10 10 10 10 10 10 10 10 10 10 10 10 10 10 10 10 10 10 10 10 10 10 10 10 10 10 10 10 10 10 10 10 10 10 10 10 10 10 10 10 10 10 10 10 10 10 10 10 10 10 10 10 10 10 10 10 10 10 10 10 10 10 10 10 10 10 10 10 10 10 10 10 10 10 10 10 10 10 10 10 10 10 10 10 10 10 10 10 10 10 10 10 10 10 10 10 10 10 10 10 10 10 10 10 
100 100 100 100 100 100 100 100 100 100 100 100 100 100 100 100 100 100 100 100 100 100 100 100 100 100 100 100 100 100 100 100 100 100 100 100 100 100 100 100 100 100 100 100 100 100 100 100 100 100 100 100 100 100 100 100 100 100 100 100 100 100 100 100 100 100 100 100 100 100 100 100 100 100 100 100 100 100 100 100 100 100 100 100 100 100 100 100 100 100 100 100 100 100 100 100 100 100 100 100 100 100 100 100 100 100 100 100 100 100 100 100 100 100 100 100 100 100 100 100 100 100 100 100 100 100 100 100 100 100 100 100 100 100 100 100 100 100 100 100 100 100 100 100 100 100 100 100 100 100 100 100 100 100 100 100 100 100 100 100 100 100 100 100 100 100 100 100 100 100 100 100 100 100 100 100 100 100 100 100 100 100 100 100 100 100 100 100 100 100 100 100 
5 14
0 1 1 1 1 1 0 0 1 2 2 3 3 3 2 2 1 0 0 1 1 1 1 1 1 2 2 2 2 2 2 2 2 4 4 4 5 5 5 3 3 4 5 3 3 3 4 2 3 4 4 4 4 5 4 5 5 6 5 4 2 3 2 1 1 1 1 1 1 1 1 1 2 1 2 2 2 3 2 1 1 1 1 0 0 1 1 1 2 2 2 2 1 1 1 0 0 0 0 0 0 1 1 1 1 2 1 2 5 6 7 7 7 7 7 7 7 5 5 5 4 3 3 3 3 3 2 3 5 6 5 6 6 8 6 7 7 7 6 5 4 4 3 2 1 0 1 1 1 1 2 1 3 3 4 4 4 2 3 2 2 3 3 2 2 1 3 4 4 4 4 3 3 1 2 1 1 1 2 2 1 1 1 0 0 0 0 0 0 0 0 0 
10 10 10 10 10 10 10 10 10 10 10 10 10 10 10 10 10 10 10 10 10 10 10 10 10 10 10 10 10 10 10 10 10 10 10 10 10 10 10 10 10 10 10 10 10 10 10 10 10 10 10 10 10 10 10 10 10 10 10 10 10 10 10 10 10 10 10 10 10 10 10 10 10 10 10 10 10 10 10 10 10 10 10 10 10 10 10 10 10 10 10 10 10 10 10 10 10 10 10 10 10 10 10 10 10 10 10 10 10 10 10 10 10 10 10 10 10 10 10 10 10 10 10 10 10 10 10 10 10 10 10 10 10 10 10 10 10 10 10 10 10 10 10 10 10 10 10 10 10 10 10 10 10 10 10 10 10 10 10 10 10 10 10 10 10 10 10 10 10 10 10 10 10 10 10 10 10 10 10 10 10 10 10 10 10 10 10 10 10 10 10 10 
100 100 100 100 100 100 100 100 100 100 100 100 100 100 100 100 100 100 100 100 100 100 100 100 100 100 100 100 100 100 100 100 100 100 100 100 100 100 100 100 100 100 100 100 100 100 100 100 100 100 100 100 100 100 100 100 100 100 100 100 100 100 100 100 100 100 100 100 100 100 100 100 100 100 100 100 100 100 100 100 100 100 100 100 100 100 100 100 100 100 100 100 100 100 100 100 100 100 100 100 100 100 100 100 100 100 100 100 100 100 100 100 100 100 100 100 100 100 100 100 100 100 100 100 100 100 100 100 100 100 100 100 100 100 100 100 100 100 100 100 100 100 100 100 100 100 100 100 100 100 100 100 100 100 100 100 100 100 100 100 100 100 100 100 100 100 100 100 100 100 100 100 100 100 100 100 100 100 100 100 100 100 100 100 100 100 100 100 100 100 100 100 
5 14
0 0 0 0 0 0 1 1 1 2 3 2 4 4 4 3 3 2 1 1 2 3 3 4 4 5 4 4 4 2 1 0 1 1 2 2 3 4 4 5 5 4 5 5 3 2 2 2 2 4 5 5 6 6 6 5 5 4 3 2 2 2 2 1 1 1 2 2 3 3 3 3 3 3 2 2 2 1 0 0 0 1 1 1 1 1 1 1 1 1 1 1 2 2 2 1 2 3 3 3 3 1 2 1 4 4 5 6 6 4 3 3 1 2 2 2 3 4 4 4 7 6 6 6 5 4 4 1 1 2 1 2 2 3 3 3 4 5 5 6 6 7 6 5 4 4 5 5 5 5 4 3 3 2 3 3 2 2 2 1 1 1 0 0 0 0 0 0 0 0 0 0 1 1 1 1 1 1 0 0 0 0 0 0 0 0 0 0 0 0 0 0 
10 10 10 10 10 10 10 10 10 10 10 10 10 10 10 10 10 10 10 10 10 10 10 10 10 10 10 10 10 10 10 10 10 10 10 10 10 10 10 10 10 10 10 10 10 10 10 10 10 10 10 10 10 10 10 10 10 10 10 10 10 10 10 10 10 10 10 10 10 10 10 10 10 10 10 10 10 10 10 10 10 10 10 10 10 10 10 10 10 10 10 10 10 10 10 10 10 10 10 10 10 10 10 10 10 10 10 10 10 10 10 10 10 10 10 10 10 10 10 10 10 10 10 10 10 10 10 10 10 10 10 10 10 10 10 10 10 10 10 10 10 10 10 10 10 10 10 10 10 10 10 10 10 10 10 10 10 10 10 10 10 10 10 10 10 10 10 10 10 10 10 10 10 10 10 10 10 10 10 10 10 10 10 10 10 10 10 10 10 10 10 10 
100 100 100 100 100 100 100 100 100 100 100 100 100 100 100 100 100 100 100 100 100 100 100 100 100 100 100 100 100 100 100 100 100 100 100 100 100 100 100 100 100 100 100 100 100 100 100 100 100 100 100 100 100 100 100 100 100 100 100 100 100 100 100 100 100 100 100 100 100 100 100 100 100 100 100 100 100 100 100 100 100 100 100 100 100 100 100 100 100 100 100 100 100 100 100 100 100 100 100 100 100 100 100 100 100 100 100 100 100 100 100 100 100 100 100 100 100 100 100 100 100 100 100 100 100 100 100 100 100 100 100 100 100 100 100 100 100 100 100 100 100 100 100 100 100 100 100 100 100 100 100 100 100 100 100 100 100 100 100 100 100 100 100 100 100 100 100 100 100 100 100 100 100 100 100 100 100 100 100 100 100 100 100 100 100 100 100 100 100 100 100 100 
6 14
1 1 1 1 2 2 2 2 2 2 1 1 3 3 4 4 6 6 6 6 5 3 2 4 5 5 4 4 5 6 4 4 4 4 4 5 5 4 4 3 2 1 1 2 1 1 2 2 2 2 1 1 1 1 1 1 1 1 0 0 1 1 3 3 4 4 3 5 4 4 2 2 2 0 0 0 0 0 0 1 1 1 1 2 2 2 1 1 1 1 1 0 0 0 1 1 2 2 3 3 3 4 5 4 4 3 3 3 1 1 1 1 1 1 1 2 2 1 2 3 3 4 4 5 5 3 4 3 4 3 4 4 5 5 5 4 3 4 5 4 3 3 4 4 4 4 5 6 6 6 5 4 3 3 2 3 3 5 5 6 7 7 8 6 7 7 5 4 4 3 1 2 2 2 1 1 1 1 1 1 1 1 0 0 0 0 0 0 0 0 0 0 
10 10 10 10 10 10 10 10 10 10 10 10 10 10 10 10 10 10 10 10 10 10 10 10 10 10 10 10 10 10 10 10 10 10 10 10 10 10 10 10 10 10 10 10 10 10 10 10 10 10 10 10 10 10 10 10 10 10 10 10 10 10 10 10 10 10 10 10 10 10 10 10 10 10 10 10 10 10 10 10 10 10 10 10 10 10 10 10 10 10 10 10 10 10 10 10 10 10 10 10 10 10 10 10 10 10 10 10 10 10 10 10 10 10 10 10 10 10 10 10 10 10 10 10 10 10 10 10 10 10 10 10 10 10 10 10 10 10 10 10 10 10 10 10 10 10 10 10 10 10 10 10 10 10 10 10 10 10 10 10 10 10 10 10 10 10 10 10 10 10 10 10 10 10 10 10 10 10 10 10 10 10 10 10 10 10 10 10 10 10 10 10 
100 100 100 100 100 100 100 100 100 100 100 100 100 100 100 100 100 100 100 100 100 100 100 100 100 100 100 100 100 100 100 100 100 100 100 100 100 100 100 100 100 100 100 100 100 100 100 100 100 100 100 100 100 100 100 100 100 100 100 100 100 100 100 100 100 100 100 100 100 100 100 100 100 100 100 100 100 100 100 100 100 100 100 100 100 100 100 100 100 100 100 100 100 100 100 100 100 100 100 100 100 100 100 100 100 100 100 100 100 100 100 100 100 100 100 100 100 100 100 100 100 100 100 100 100 100 100 100 100 100 100 100 100 100 100 100 100 100 100 100 100 100 100 100 100 100 100 100 100 100 100 100 100 100 100 100 100 100 100 100 100 100 100 100 100 100 100 100 100 100 100 100 100 100 100 100 100 100 100 100 100 100 100 100 100 100 100 100 100 100 100 100 
8 14
0 0 0 0 0 0 0 0 0 0 0 0 0 1 1 1 1 1 1 1 1 1 1 0 0 0 0 0 0 0 0 0 1 1 1 1 1 1 1 1 1 0 0 1 1 1 1 1 1 2 3 3 4 3 3 4 4 3 3 2 1 1 1 0 0 0 0 0 0 1 1 1 1 1 1 1 2 2 2 1 1 1 1 1 0 0 0 0 0 0 0 0 0 0 0 0 0 0 0 0 0 0 0 0 0 0 0 0 1 1 1 1 1 1 1 1 1 2 1 1 2 2 2 2 2 2 2 2 2 2 2 2 2 2 1 1 1 2 2 2 1 1 1 1 1 1 1 0 0 0 1 1 1 1 1 2 2 2 2 2 2 1 1 0 0 0 0 0 0 0 0 0 1 1 1 1 1 1 1 1 0 0 0 0 0 0 0 0 0 0 0 0 
10 10 10 10 10 10 10 10 10 10 10 10 10 10 10 10 10 10 10 10 10 10 10 10 10 10 10 10 10 10 10 10 10 10 10 10 10 10 10 10 10 10 10 10 10 10 10 10 10 10 10 10 10 10 10 10 10 10 10 10 10 10 10 10 10 10 10 10 10 10 10 10 10 10 10 10 10 10 10 10 10 10 10 10 10 10 10 10 10 10 10 10 10 10 10 10 10 10 10 10 10 10 10 10 10 10 10 10 10 10 10 10 10 10 10 10 10 10 10 10 10 10 10 10 10 10 10 10 10 10 10 10 10 10 10 10 10 10 10 10 10 10 10 10 10 10 10 10 10 10 10 10 10 10 10 10 10 10 10 10 10 10 10 10 10 10 10 10 10 10 10 10 10 10 10 10 10 10 10 10 10 10 10 10 10 10 10 10 10 10 10 10 
100 100 100 100 100 100 100 100 100 100 100 100 100 100 100 100 100 100 100 100 100 100 100 100 100 100 100 100 100 100 100 100 100 100 100 100 100 100 100 100 100 100 100 100 100 100 100 100 100 100 100 100 100 100 100 100 100 100 100 100 100 100 100 100 100 100 100 100 100 100 100 100 100 100 100 100 100 100 100 100 100 100 100 100 100 100 100 100 100 100 100 100 100 100 100 100 100 100 100 100 100 100 100 100 100 100 100 100 100 100 100 100 100 100 100 100 100 100 100 100 100 100 100 100 100 100 100 100 100 100 100 100 100 100 100 100 100 100 100 100 100 100 100 100 100 100 100 100 100 100 100 100 100 100 100 100 100 100 100 100 100 100 100 100 100 100 100 100 100 100 100 100 100 100 100 100 100 100 100 100 100 100 100 100 100 100 100 100 100 100 100 100 
7 14
0 0 0 0 1 1 2 2 2 2 2 1 2 1 1 1 1 1 2 2 2 1 1 1 2 2 1 1 1 1 2 2 3 2 2 4 4 5 4 4 4 5 5 5 3 3 2 2 2 2 1 1 1 1 2 2 3 2 3 3 3 2 2 1 1 1 1 0 0 0 0 1 1 2 2 2 2 2 2 1 0 1 1 1 1 1 1 1 1 1 1 1 1 1 1 1 2 2 2 3 4 3 3 3 3 2 2 2 2 2 2 2 2 2 1 1 0 0 1 3 3 3 3 3 3 5 3 3 3 3 4 5 4 5 7 7 6 5 6 6 4 3 2 2 2 2 1 1 1 3 2 2 3 5 5 5 8 8 7 6 5 3 3 2 1 1 1 1 1 1 1 1 0 0 0 0 0 0 0 0 0 0 0 0 0 0 0 0 0 0 0 0 
10 10 10 10 10 10 10 10 10 10 10 10 10 10 10 10 10 10 10 10 10 10 10 10 10 10 10 10 10 10 10 10 10 10 10 10 10 10 10 10 10 10 10 10 10 10 10 10 10 10 10 10 10 10 10 10 10 10 10 10 10 10 10 10 10 10 10 10 10 10 10 10 10 10 10 10 10 10 10 10 10 10 10 10 10 10 10 10 10 10 10 10 10 10 10 10 10 10 10 10 10 10 10 10 10 10 10 10 10 10 10 10 10 10 10 10 10 10 10 10 10 10 10 10 10 10 10 10 10 10 10 10 10 10 10 10 10 10 10 10 10 10 10 10 10 10 10 10 10 10 10 10 10 10 10 10 10 10 10 10 10 10 10 10 10 10 10 10 10 10 10 10 10 10 10 10 10 10 10 10 10 10 10 10 10 10 10 10 10 10 10 10 
100 100 100 100 100 100 100 100 100 100 100 100 100 100 100 100 100 100 100 100 100 100 100 100 100 100 100 100 100 100 100 100 100 100 100 100 100 100 100 100 100 100 100 100 100 100 100 100 100 100 100 100 100 100 100 100 100 100 100 100 100 100 100 100 100 100 100 100 100 100 100 100 100 100 100 100 100 100 100 100 100 100 100 100 100 100 100 100 100 100 100 100 100 100 100 100 100 100 100 100 100 100 100 100 100 100 100 100 100 100 100 100 100 100 100 100 100 100 100 100 100 100 100 100 100 100 100 100 100 100 100 100 100 100 100 100 100 100 100 100 100 100 100 100 100 100 100 100 100 100 100 100 100 100 100 100 100 100 100 100 100 100 100 100 100 100 100 100 100 100 100 100 100 100 100 100 100 100 100 100 100 100 100 100 100 100 100 100 100 100 100 100 
6 14
0 0 0 0 0 0 0 1 1 1 1 1 1 0 0 1 1 1 1 1 1 2 2 2 1 1 1 2 1 5 6 8 9 10 10 8 6 6 6 3 4 4 4 4 4 4 4 3 3 4 3 2 2 3 3 2 2 1 0 0 0 0 1 2 3 4 4 4 2 2 0 0 0 0 1 1 1 1 1 1 2 2 2 2 2 1 0 0 0 1 1 1 1 1 0 0 0 0 0 1 1 2 2 3 2 2 2 3 3 4 3 3 4 4 2 2 2 0 0 1 1 2 3 4 5 7 8 6 5 5 3 1 3 3 4 5 5 4 4 3 2 2 3 4 4 5 5 5 5 7 8 7 5 4 3 3 2 2 2 2 0 0 0 0 0 0 0 1 1 1 2 2 1 1 2 1 1 2 2 1 1 1 1 0 0 0 0 0 0 0 0 0 
10 10 10 10 10 10 10 10 10 10 10 10 10 10 10 10 10 10 10 10 10 10 10 10 10 10 10 10 10 10 10 10 10 10 10 10 10 10 10 10 10 10 10 10 10 10 10 10 10 10 10 10 10 10 10 10 10 10 10 10 10 10 10 10 10 10 10 10 10 10 10 10 10 10 10 10 10 10 10 10 10 10 10 10 10 10 10 10 10 10 10 10 10 10 10 10 10 10 10 10 10 10 10 10 10 10 10 10 10 10 10 10 10 10 10 10 10 10 10 10 10 10 10 10 10 10 10 10 10 10 10 10 10 10 10 10 10 10 10 10 10 10 10 10 10 10 10 10 10 10 10 10 10 10 10 10 10 10 10 10 10 10 10 10 10 10 10 10 10 10 10 10 10 10 10 10 10 10 10 10 10 10 10 10 10 10 10 10 10 10 10 10 
100 100 100 100 100 100 100 100 100 100 100 100 100 100 100 100 100 100 100 100 100 100 100 100 100 100 100 100 100 100 100 100 100 100 100 100 100 100 100 100 100 100 100 100 100 100 100 100 100 100 100 100 100 100 100 100 100 100 100 100 100 100 100 100 100 100 100 100 100 100 100 100 100 100 100 100 100 100 100 100 100 100 100 100 100 100 100 100 100 100 100 100 100 100 100 100 100 100 100 100 100 100 100 100 100 100 100 100 100 100 100 100 100 100 100 100 100 100 100 100 100 100 100 100 100 100 100 100 100 100 100 100 100 100 100 100 100 100 100 100 100 100 100 100 100 100 100 100 100 100 100 100 100 100 100 100 100 100 100 100 100 100 100 100 100 100 100 100 100 100 100 100 100 100 100 100 100 100 100 100 100 100 100 100 100 100 100 100 100 100 100 100 
