672
1
EMPL 50
10 64 26 92 27 290 27 319 27 410 17 429 17 496 18 516 18 627 18 647 17 
9 0 1 2 3 4 6 7 8 9 
14 49 19 70 16 139 19 160 19 193 18 213 19 300 17 319 18 388 18 408 18 496 19 517 18 609 18 629 18 
9 0 1 2 3 5 6 7 8 9 
12 1 18 21 17 111 17 130 18 205 19 226 18 335 17 354 18 386 19 407 17 536 28 566 27 
9 0 1 2 3 4 5 6 8 9 
14 23 16 41 18 137 19 158 18 206 16 224 19 315 17 334 19 429 19 450 16 489 18 509 18 587 19 608 18 
9 0 1 2 3 4 6 7 8 9 
14 49 16 67 18 114 18 134 16 212 17 231 18 319 16 337 17 433 16 451 19 492 16 510 18 627 19 648 17 
10 0 1 2 3 4 5 6 7 8 9 
12 94 26 122 27 221 18 241 17 303 18 323 19 403 17 422 19 487 18 507 19 593 17 612 18 
10 0 1 2 3 4 5 6 7 8 9 
14 50 17 69 16 136 18 156 18 218 17 237 18 292 17 311 18 384 19 405 19 487 18 507 18 605 18 625 18 
10 0 1 2 3 4 5 6 7 8 9 
12 1 19 22 17 157 26 185 26 298 18 318 17 414 18 434 18 513 19 534 19 584 18 604 18 
10 0 1 2 3 4 5 6 7 8 9 
12 18 19 39 17 115 17 134 19 262 25 289 25 394 19 415 19 500 19 521 18 601 18 621 17 
10 0 1 2 3 4 5 6 7 8 9 
14 12 18 32 19 96 19 117 18 242 16 260 18 320 19 341 18 422 18 442 18 487 18 507 17 616 17 635 18 
9 0 1 2 3 4 5 7 8 9 
14 12 17 31 18 135 18 155 18 226 19 247 19 309 17 328 18 412 17 431 18 518 18 538 16 627 17 646 16 
10 0 1 2 3 4 5 6 7 8 9 
14 51 18 71 18 132 18 152 17 194 16 212 18 291 19 312 19 409 18 429 19 502 18 522 19 604 16 622 16 
9 0 1 2 3 5 6 7 8 9 
10 28 17 47 16 103 16 121 18 215 17 234 19 349 26 377 27 530 27 559 28 
10 0 1 2 3 4 5 6 7 8 9 
12 16 18 36 18 140 18 160 16 241 18 261 18 292 19 313 17 387 18 407 19 576 28 606 27 
9 0 1 2 3 4 6 7 8 9 
10 15 19 36 18 104 17 123 18 242 16 260 19 293 17 312 18 577 26 605 27 
9 0 1 2 3 4 5 7 8 9 
10 51 18 71 17 139 19 160 19 196 19 217 19 354 27 383 27 534 28 564 27 
9 0 1 3 4 5 6 7 8 9 
14 0 17 19 17 138 19 159 17 198 19 219 18 301 18 321 18 397 18 417 19 523 18 543 18 589 18 609 18 
10 0 1 2 3 4 5 6 7 8 9 
10 14 18 34 18 170 27 199 27 376 27 405 28 488 17 507 18 611 17 630 19 
10 0 1 2 3 4 5 6 7 8 9 
10 49 25 76 28 254 26 282 25 387 19 408 19 531 17 550 19 597 19 618 18 
10 0 1 2 3 4 5 6 7 8 9 
12 49 18 69 18 171 28 201 26 310 19 331 18 428 18 448 17 497 17 516 17 608 18 628 19 
10 0 1 2 3 4 5 6 7 8 9 
10 58 26 86 28 270 25 297 27 425 19 446 18 483 17 502 18 619 16 637 16 
10 0 1 2 3 4 5 6 7 8 9 
8 42 18 62 17 106 17 125 18 282 27 311 28 566 26 594 26 
9 0 1 2 3 4 5 6 8 9 
12 47 19 68 19 138 18 158 19 274 27 303 27 426 17 445 17 484 17 503 16 615 17 634 18 
10 0 1 2 3 4 5 6 7 8 9 
12 21 19 42 18 132 18 152 18 208 18 228 17 318 16 336 18 451 28 481 28 608 19 629 16 
9 0 2 3 4 5 6 7 8 9 
12 9 16 27 19 192 26 220 28 289 19 310 16 430 18 450 17 480 18 500 17 625 17 644 18 
10 0 1 2 3 4 5 6 7 8 9 
12 13 19 34 18 137 17 156 16 211 19 232 17 330 18 350 19 463 26 491 27 601 18 621 17 
10 0 1 2 3 4 5 6 7 8 9 
6 192 25 219 26 446 27 475 28 609 18 629 17 
10 0 1 2 3 4 5 6 7 8 9 
14 18 16 36 17 137 16 155 17 207 18 227 19 322 19 343 17 416 17 435 16 506 19 527 16 591 18 611 19 
10 0 1 2 3 4 5 6 7 8 9 
10 0 17 19 16 113 18 133 18 243 18 263 18 358 26 386 26 541 28 571 26 
10 0 1 2 3 4 5 6 7 8 9 
8 36 19 57 18 121 17 140 19 473 25 500 28 596 18 616 17 
8 0 1 3 4 5 6 7 9 
8 180 26 208 28 321 19 342 19 445 26 473 28 615 17 634 19 
9 0 1 2 4 5 6 7 8 9 
12 54 27 83 28 217 17 236 18 318 18 338 18 416 17 435 17 507 18 527 18 626 18 646 18 
10 0 1 2 3 4 5 6 7 8 9 
12 27 17 46 19 159 26 187 28 292 19 313 18 400 17 419 18 503 16 521 18 604 18 624 18 
10 0 1 2 3 4 5 6 7 8 9 
6 32 18 52 17 105 17 124 17 534 28 564 28 
8 0 1 4 5 6 7 8 9 
12 23 18 43 18 176 25 203 27 326 16 344 18 398 16 416 17 529 18 549 16 576 19 597 18 
10 0 1 2 3 4 5 6 7 8 9 
14 33 18 53 18 100 17 119 18 225 18 245 17 307 18 327 19 401 17 420 18 530 18 550 18 577 17 596 19 
9 0 1 2 3 4 5 6 7 9 
14 30 17 49 16 124 17 143 18 195 18 215 18 315 17 334 16 390 18 410 18 528 18 548 16 600 17 619 19 
10 0 1 2 3 4 5 6 7 8 9 
12 46 19 67 19 112 18 132 18 210 18 230 17 352 26 380 27 480 18 500 18 593 18 613 18 
9 0 1 3 4 5 6 7 8 9 
12 76 25 103 28 225 19 246 19 331 17 350 18 409 18 429 18 508 17 527 19 611 17 630 19 
10 0 1 2 3 4 5 6 7 8 9 
12 5 18 25 17 132 17 151 18 211 16 229 19 335 18 355 18 480 28 510 27 582 17 601 19 
9 0 1 2 3 4 5 6 7 9 
14 13 17 32 19 115 17 134 19 234 17 253 17 304 18 324 18 411 19 432 19 511 16 529 18 610 17 629 18 
10 0 1 2 3 4 5 6 7 8 9 
12 37 16 55 17 104 17 123 17 273 28 303 25 406 18 426 16 519 18 539 18 594 17 613 18 
10 0 1 2 3 4 5 6 7 8 9 
14 16 19 37 17 123 18 143 18 213 17 232 18 330 17 349 19 424 16 442 17 495 19 516 19 610 17 629 18 
10 0 1 2 3 4 5 6 7 8 9 
12 25 19 46 19 127 19 148 18 230 18 250 19 332 18 352 16 420 18 440 19 535 27 564 28 
10 0 1 2 3 4 5 6 7 8 9 
10 37 18 57 18 167 27 196 27 381 27 410 26 493 18 513 18 593 18 613 18 
10 0 1 2 3 4 5 6 7 8 9 
12 13 18 33 18 118 17 137 18 229 18 249 17 383 28 413 28 506 19 527 17 608 16 626 17 
10 0 1 2 3 4 5 6 7 8 9 
12 68 27 97 27 224 17 243 19 304 18 324 19 421 18 441 16 482 18 502 19 594 17 613 18 
10 0 1 2 3 4 5 6 7 8 9 
10 8 19 29 17 99 19 120 17 217 18 237 19 319 17 338 18 528 25 555 27 
10 0 1 2 3 4 5 6 7 8 9 
12 26 19 47 18 179 26 207 25 326 17 345 18 413 18 433 19 485 16 503 18 611 18 631 18 
10 0 1 2 3 4 5 6 7 8 9 
10 90 28 120 26 290 27 319 27 401 18 421 16 480 16 498 17 579 18 599 19 
10 0 1 2 3 4 5 6 7 8 9 
ACT 10
5 14
0 0 0 0 0 1 1 2 2 2 2 1 0 0 0 0 0 0 0 1 1 2 2 2 4 6 7 7 6 5 4 4 4 3 4 4 5 4 4 2 2 3 2 2 1 1 1 2 3 4 3 2 2 1 1 2 2 3 3 3 3 2 3 4 5 5 3 3 3 1 1 2 2 1 1 2 2 3 4 3 5 5 5 6 5 4 4 3 2 1 2 2 2 2 2 1 2 2 2 2 2 2 2 1 1 0 0 0 0 0 0 1 1 1 1 2 2 2 3 3 3 4 3 3 2 3 4 4 3 3 1 0 2 2 2 2 2 2 1 1 0 1 1 2 2 2 1 1 4 4 4 3 3 1 0 1 1 1 1 0 1 1 1 2 2 4 4 5 5 4 2 2 1 1 1 1 1 1 2 2 2 1 1 1 1 1 1 1 1 1 1 1 0 0 1 1 2 2 3 3 4 3 3 6 5 5 5 5 3 3 2 2 3 3 3 4 4 4 5 6 4 3 3 3 2 3 3 3 4 2 4 5 3 3 2 2 2 3 2 3 3 3 2 3 3 2 3 3 2 3 5 4 5 4 3 2 1 1 1 3 3 4 3 3 2 3 1 1 1 1 1 0 0 1 3 3 3 3 3 1 2 2 2 2 2 2 2 0 0 0 0 0 0 1 1 1 1 2 1 1 1 2 1 1 2 2 2 1 1 0 0 0 0 1 1 2 2 2 2 3 5 5 5 5 6 4 4 5 6 4 5 5 4 4 3 2 1 1 0 1 1 1 1 2 1 2 2 1 2 1 1 1 1 0 0 0 0 0 0 0 0 0 1 1 1 1 1 1 1 1 1 1 0 0 0 0 1 1 1 1 1 0 0 0 0 0 0 0 0 0 0 0 0 0 0 1 2 2 2 1 1 1 1 0 0 0 0 0 0 0 0 0 0 0 1 1 3 3 4 5 4 5 5 5 5 5 4 1 1 0 1 2 3 3 3 3 3 2 2 3 3 5 7 5 5 5 4 4 2 1 1 1 1 1 1 1 1 0 0 0 0 0 0 0 0 0 0 1 1 1 2 1 1 1 1 1 1 1 1 0 0 1 1 2 2 3 3 3 4 2 2 1 1 0 0 1 1 1 2 2 1 1 1 0 0 0 0 2 3 3 3 3 2 1 2 2 3 4 4 3 4 3 2 2 1 1 1 2 2 3 3 3 4 4 4 4 3 2 3 2 4 3 3 3 3 1 1 0 0 0 0 0 0 0 0 0 0 0 1 1 1 1 1 2 2 3 3 3 2 1 2 2 2 2 2 2 4 4 5 4 4 4 4 2 2 2 1 1 1 0 0 0 0 1 1 1 1 1 0 1 1 3 3 2 2 2 1 1 2 2 2 1 1 2 4 3 3 3 2 2 2 3 3 3 3 5 4 4 4 5 5 6 5 5 4 5 4 2 1 2 2 2 2 2 3 1 1 1 1 0 0 0 0 0 0 0 0 0 0 1 1 1 1 1 1 0 0 0 0 0 0 0 
10 10 10 10 10 10 10 10 10 10 10 10 10 10 10 10 10 10 10 10 10 10 10 10 10 10 10 10 10 10 10 10 10 10 10 10 10 10 10 10 10 10 10 10 10 10 10 10 10 10 10 10 10 10 10 10 10 10 10 10 10 10 10 10 10 10 10 10 10 10 10 10 10 10 10 10 10 10 10 10 10 10 10 10 10 10 10 10 10 10 10 10 10 10 10 10 10 10 10 10 10 10 10 10 10 10 10 10 10 10 10 10 10 10 10 10 10 10 10 10 10 10 10 10 10 10 10 10 10 10 10 10 10 10 10 10 10 10 10 10 10 10 10 10 10 10 10 10 10 10 10 10 10 10 10 10 10 10 10 10 10 10 10 10 10 10 10 10 10 10 10 10 10 10 10 10 10 10 10 10 10 10 10 10 10 10 10 10 10 10 10 10 10 10 10 10 10 10 10 10 10 10 10 10 10 10 10 10 10 10 10 10 10 10 10 10 10 10 10 10 10 10 10 10 10 10 10 10 10 10 10 10 10 10 10 10 10 10 10 10 10 10 10 10 10 10 10 10 10 10 10 10 10 10 10 10 10 10 10 10 10 10 10 10 10 10 10 10 10 10 10 10 10 10 10 10 10 10 10 10 10 10 10 10 10 10 10 10 10 10 10 10 10 10 10 10 10 10 10 10 10 10 10 10 10 10 10 10 10 10 10 10 10 10 10 10 10 10 10 10 10 10 10 10 10 10 10 10 10 10 10 10 10 10 10 10 10 10 10 10 10 10 10 10 10 10 10 10 10 10 10 10 10 10 10 10 10 10 10 10 10 10 10 10 10 10 10 10 10 10 10 10 10 10 10 10 10 10 10 10 10 10 10 10 10 10 10 10 10 10 10 10 10 10 10 10 10 10 10 10 10 10 10 10 10 10 10 10 10 10 10 10 10 10 10 10 10 10 10 10 10 10 10 10 10 10 10 10 10 10 10 10 10 10 10 10 10 10 10 10 10 10 10 10 10 10 10 10 10 10 10 10 10 10 10 10 10 10 10 10 10 10 10 10 10 10 10 10 10 10 10 10 10 10 10 10 10 10 10 10 10 10 10 10 10 10 10 10 10 10 10 10 10 10 10 10 10 10 10 10 10 10 10 10 10 10 10 10 10 10 10 10 10 10 10 10 10 10 10 10 10 10 10 10 10 10 10 10 10 10 10 10 10 10 10 10 10 10 10 10 10 10 10 10 10 10 10 10 10 10 10 10 10 10 10 10 10 10 10 10 10 10 10 10 10 10 10 10 10 10 10 10 10 10 10 10 10 10 10 10 10 10 10 10 10 10 10 10 10 10 10 10 10 10 10 10 10 10 10 10 10 10 10 10 10 10 10 10 10 10 10 10 10 10 10 10 10 10 10 10 10 10 10 10 10 10 10 10 10 10 10 10 10 10 10 10 10 10 10 10 10 10 10 10 10 10 10 10 10 10 10 10 10 10 10 10 10 10 10 10 10 10 10 10 10 10 10 10 10 10 10 10 
100 100 100 100 100 100 100 100 100 100 100 100 100 100 100 100 100 100 100 100 100 100 100 100 100 100 100 100 100 100 100 100 100 100 100 100 100 100 100 100 100 100 100 100 100 100 100 100 100 100 100 100 100 100 100 100 100 100 100 100 100 100 100 100 100 100 100 100 100 100 100 100 100 100 100 100 100 100 100 100 100 100 100 100 100 100 100 100 100 100 100 100 100 100 100 100 100 100 100 100 100 100 100 100 100 100 100 100 100 100 100 100 100 100 100 100 100 100 100 100 100 100 100 100 100 100 100 100 100 100 100 100 100 100 100 100 100 100 100 100 100 100 100 100 100 100 100 100 100 100 100 100 100 100 100 100 100 100 100 100 100 100 100 100 100 100 100 100 100 100 100 100 100 100 100 100 100 100 100 100 100 100 100 100 100 100 100 100 100 100 100 100 100 100 100 100 100 100 100 100 100 100 100 100 100 100 100 100 100 100 100 100 100 100 100 100 100 100 100 100 100 100 100 100 100 100 100 100 100 100 100 100 100 100 100 100 100 100 100 100 100 100 100 100 100 100 100 100 100 100 100 100 100 100 100 100 100 100 100 100 100 100 100 100 100 100 100 100 100 100 100 100 100 100 100 100 100 100 100 100 100 100 100 100 100 100 100 100 100 100 100 100 100 100 100 100 100 100 100 100 100 100 100 100 100 100 100 100 100 100 100 100 100 100 100 100 100 100 100 100 100 100 100 100 100 100 100 100 100 100 100 100 100 100 100 100 100 100 100 100 100 100 100 100 100 100 100 100 100 100 100 100 100 100 100 100 100 100 100 100 100 100 100 100 100 100 100 100 100 100 100 100 100 100 100 100 100 100 100 100 100 100 100 100 100 100 100 100 100 100 100 100 100 100 100 100 100 100 100 100 100 100 100 100 100 100 100 100 100 100 100 100 100 100 100 100 100 100 100 100 100 100 100 100 100 100 100 100 100 100 100 100 100 100 100 100 100 100 100 100 100 100 100 100 100 100 100 100 100 100 100 100 100 100 100 100 100 100 100 100 100 100 100 100 100 100 100 100 100 100 100 100 100 100 100 100 100 100 100 100 100 100 100 100 100 100 100 100 100 100 100 100 100 100 100 100 100 100 100 100 100 100 100 100 100 100 100 100 100 100 100 100 100 100 100 100 100 100 100 100 100 100 100 100 100 100 100 100 100 100 100 100 100 100 100 100 100 100 100 100 100 100 100 100 100 100 100 100 100 100 100 100 100 100 100 100 100 100 100 100 100 100 100 100 100 100 100 100 100 100 100 100 100 100 100 100 100 100 100 100 100 100 100 100 100 100 100 100 100 100 100 100 100 100 100 100 100 100 100 100 100 100 100 100 100 100 100 100 100 100 100 100 100 100 100 100 100 100 100 100 100 100 100 100 100 100 100 100 100 100 100 100 100 100 100 100 100 100 100 100 100 100 100 100 100 100 100 100 100 100 100 100 100 100 100 100 100 100 100 100 100 100 100 100 100 100 100 100 100 100 100 100 
6 14
1 1 1 1 1 1 2 1 1 1 1 1 2 4 3 4 4 4 6 5 5 5 3 3 2 2 2 1 1 2 1 2 2 2 3 2 2 2 1 1 1 1 2 4 5 4 4 4 4 4 4 2 3 3 4 4 4 4 3 4 4 4 4 4 5 3 3 2 2 2 2 2 1 1 1 1 2 3 2 2 2 2 2 2 2 2 1 0 0 0 0 0 0 0 0 0 0 0 0 0 1 1 1 1 1 1 1 2 2 1 2 2 4 4 4 4 4 4 4 4 4 4 4 4 4 4 1 0 0 0 1 1 2 3 4 4 4 4 4 3 3 1 2 2 2 3 3 3 3 3 2 1 1 1 1 0 0 0 0 1 1 2 2 2 3 3 3 3 2 1 2 2 1 1 1 1 0 0 0 0 0 1 1 2 2 2 2 2 2 2 2 1 2 2 2 2 2 1 0 0 0 0 0 0 0 0 0 1 1 2 2 3 3 3 3 5 5 4 3 3 3 4 3 2 2 2 2 1 1 1 3 3 3 3 3 3 2 0 0 0 0 1 2 2 2 2 2 2 1 0 0 0 0 0 2 2 2 2 2 2 2 2 2 3 4 4 4 4 4 2 0 0 0 0 0 0 0 0 0 0 0 0 0 0 0 1 1 1 1 1 1 1 1 1 2 1 1 1 2 2 2 1 1 2 2 3 3 3 2 2 2 3 3 4 4 5 5 5 5 2 2 1 1 0 0 2 2 2 2 2 2 0 0 0 0 0 1 1 2 2 2 2 2 2 2 2 1 1 1 1 0 1 1 1 3 3 3 4 3 3 3 3 2 1 0 0 0 1 1 2 2 2 2 1 1 1 1 1 0 0 0 0 0 1 1 1 1 1 1 1 0 0 0 0 0 0 1 1 1 1 1 2 2 2 1 1 1 1 1 1 1 2 2 2 2 1 1 2 2 1 2 2 2 2 2 2 1 1 2 2 2 4 4 4 4 4 4 3 3 3 2 1 2 2 2 3 3 3 4 4 4 3 2 2 2 2 1 2 3 3 3 3 3 2 1 1 1 1 1 1 1 1 1 0 0 0 0 0 0 0 1 1 1 1 1 1 1 1 0 0 0 0 0 1 1 2 2 2 3 3 4 4 2 2 2 1 2 3 3 3 4 4 4 6 4 3 3 3 4 3 3 3 3 4 3 2 1 1 1 1 0 0 0 0 1 1 2 2 2 2 3 3 4 4 4 4 4 4 1 2 3 3 3 3 3 2 2 1 1 1 1 1 0 0 0 0 0 0 0 0 0 0 0 0 0 0 0 0 1 2 3 3 3 3 3 3 3 3 4 4 4 5 3 2 1 1 3 3 4 3 3 4 2 2 3 4 4 4 4 5 5 5 5 6 5 3 1 1 2 3 2 2 2 2 2 2 2 1 1 2 2 1 1 1 2 1 2 3 3 3 3 3 3 2 1 0 0 0 0 1 1 1 1 1 1 0 1 1 1 1 1 1 1 1 0 0 0 0 0 0 0 0 
10 10 10 10 10 10 10 10 10 10 10 10 10 10 10 10 10 10 10 10 10 10 10 10 10 10 10 10 10 10 10 10 10 10 10 10 10 10 10 10 10 10 10 10 10 10 10 10 10 10 10 10 10 10 10 10 10 10 10 10 10 10 10 10 10 10 10 10 10 10 10 10 10 10 10 10 10 10 10 10 10 10 10 10 10 10 10 10 10 10 10 10 10 10 10 10 10 10 10 10 10 10 10 10 10 10 10 10 10 10 10 10 10 10 10 10 10 10 10 10 10 10 10 10 10 10 10 10 10 10 10 10 10 10 10 10 10 10 10 10 10 10 10 10 10 10 10 10 10 10 10 10 10 10 10 10 10 10 10 10 10 10 10 10 10 10 10 10 10 10 10 10 10 10 10 10 10 10 10 10 10 10 10 10 10 10 10 10 10 10 10 10 10 10 10 10 10 10 10 10 10 10 10 10 10 10 10 10 10 10 10 10 10 10 10 10 10 10 10 10 10 10 10 10 10 10 10 10 10 10 10 10 10 10 10 10 10 10 10 10 10 10 10 10 10 10 10 10 10 10 10 10 10 10 10 10 10 10 10 10 10 10 10 10 10 10 10 10 10 10 10 10 10 10 10 10 10 10 10 10 10 10 10 10 10 10 10 10 10 10 10 10 10 10 10 10 10 10 10 10 10 10 10 10 10 10 10 10 10 10 10 10 10 10 10 10 10 10 10 10 10 10 10 10 10 10 10 10 10 10 10 10 10 10 10 10 10 10 10 10 10 10 10 10 10 10 10 10 10 10 10 10 10 10 10 10 10 10 10 10 10 10 10 10 10 10 10 10 10 10 10 10 10 10 10 10 10 10 10 10 10 10 10 10 10 10 10 10 10 10 10 10 10 10 10 10 10 10 10 10 10 10 10 10 10 10 10 10 10 10 10 10 10 10 10 10 10 10 10 10 10 10 10 10 10 10 10 10 10 10 10 10 10 10 10 10 10 10 10 10 10 10 10 10 10 10 10 10 10 10 10 10 10 10 10 10 10 10 10 10 10 10 10 10 10 10 10 10 10 10 10 10 10 10 10 10 10 10 10 10 10 10 10 10 10 10 10 10 10 10 10 10 10 10 10 10 10 10 10 10 10 10 10 10 10 10 10 10 10 10 10 10 10 10 10 10 10 10 10 10 10 10 10 10 10 10 10 10 10 10 10 10 10 10 10 10 10 10 10 10 10 10 10 10 10 10 10 10 10 10 10 10 10 10 10 10 10 10 10 10 10 10 10 10 10 10 10 10 10 10 10 10 10 10 10 10 10 10 10 10 10 10 10 10 10 10 10 10 10 10 10 10 10 10 10 10 10 10 10 10 10 10 10 10 10 10 10 10 10 10 10 10 10 10 10 10 10 10 10 10 10 10 10 10 10 10 10 10 10 10 10 10 10 10 10 10 10 10 10 10 10 10 10 10 10 10 10 10 10 10 10 10 10 10 10 10 10 10 10 10 10 10 10 10 10 10 10 10 10 10 10 10 
100 100 100 100 100 100 100 100 100 100 100 100 100 100 100 100 100 100 100 100 100 100 100 100 100 100 100 100 100 100 100 100 100 100 100 100 100 100 100 100 100 100 100 100 100 100 100 100 100 100 100 100 100 100 100 100 100 100 100 100 100 100 100 100 100 100 100 100 100 100 100 100 100 100 100 100 100 100 100 100 100 100 100 100 100 100 100 100 100 100 100 100 100 100 100 100 100 100 100 100 100 100 100 100 100 100 100 100 100 100 100 100 100 100 100 100 100 100 100 100 100 100 100 100 100 100 100 100 100 100 100 100 100 100 100 100 100 100 100 100 100 100 100 100 100 100 100 100 100 100 100 100 100 100 100 100 100 100 100 100 100 100 100 100 100 100 100 100 100 100 100 100 100 100 100 100 100 100 100 100 100 100 100 100 100 100 100 100 100 100 100 100 100 100 100 100 100 100 100 100 100 100 100 100 100 100 100 100 100 100 100 100 100 100 100 100 100 100 100 100 100 100 100 100 100 100 100 100 100 100 100 100 100 100 100 100 100 100 100 100 100 100 100 100 100 100 100 100 100 100 100 100 100 100 100 100 100 100 100 100 100 100 100 100 100 100 100 100 100 100 100 100 100 100 100 100 100 100 100 100 100 100 100 100 100 100 100 100 100 100 100 100 100 100 100 100 100 100 100 100 100 100 100 100 100 100 100 100 100 100 100 100 100 100 100 100 100 100 100 100 100 100 100 100 100 100 100 100 100 100 100 100 100 100 100 100 100 100 100 100 100 100 100 100 100 100 100 100 100 100 100 100 100 100 100 100 100 100 100 100 100 100 100 100 100 100 100 100 100 100 100 100 100 100 100 100 100 100 100 100 100 100 100 100 100 100 100 100 100 100 100 100 100 100 100 100 100 100 100 100 100 100 100 100 100 100 100 100 100 100 100 100 100 100 100 100 100 100 100 100 100 100 100 100 100 100 100 100 100 100 100 100 100 100 100 100 100 100 100 100 100 100 100 100 100 100 100 100 100 100 100 100 100 100 100 100 100 100 100 100 100 100 100 100 100 100 100 100 100 100 100 100 100 100 100 100 100 100 100 100 100 100 100 100 100 100 100 100 100 100 100 100 100 100 100 100 100 100 100 100 100 100 100 100 100 100 100 100 100 100 100 100 100 100 100 100 100 100 100 100 100 100 100 100 100 100 100 100 100 100 100 100 100 100 100 100 100 100 100 100 100 100 100 100 100 100 100 100 100 100 100 100 100 100 100 100 100 100 100 100 100 100 100 100 100 100 100 100 100 100 100 100 100 100 100 100 100 100 100 100 100 100 100 100 100 100 100 100 100 100 100 100 100 100 100 100 100 100 100 100 100 100 100 100 100 100 100 100 100 100 100 100 100 100 100 100 100 100 100 100 100 100 100 100 100 100 100 100 100 100 100 100 100 100 100 100 100 100 100 100 100 100 100 100 100 100 100 100 100 100 100 100 100 100 100 100 100 100 100 100 100 100 100 100 100 100 100 100 100 100 100 100 
5 14
1 2 2 2 2 2 1 1 1 1 1 0 0 0 1 1 1 1 1 2 2 2 2 2 2 2 2 2 2 2 0 0 2 3 4 4 5 4 3 2 1 0 0 1 1 1 3 3 3 3 3 2 2 2 2 3 2 3 3 2 1 2 1 1 1 2 2 1 1 2 3 3 3 5 5 3 4 3 2 2 2 1 0 0 0 0 0 0 0 0 0 0 0 0 0 0 0 0 1 1 1 1 2 2 2 1 1 0 1 2 2 2 2 2 2 1 1 1 1 0 1 1 3 4 5 5 5 7 7 6 4 3 2 1 1 0 0 1 1 1 1 2 2 1 1 1 1 2 2 2 2 4 5 5 5 4 4 3 1 2 2 1 1 1 0 0 0 1 1 1 1 1 1 1 0 0 0 0 0 0 0 1 1 1 1 1 1 1 1 1 1 2 2 1 1 1 1 0 0 1 1 1 1 1 1 2 2 1 1 1 0 1 1 2 2 3 3 2 2 2 2 2 2 2 6 6 8 8 8 8 5 4 3 3 4 3 3 2 4 2 2 2 2 1 0 0 0 0 0 0 0 0 0 0 1 1 2 2 2 1 1 0 0 0 0 0 0 0 0 0 0 0 0 0 0 0 0 0 0 0 0 0 0 0 0 0 0 0 0 0 0 0 1 1 1 1 1 0 0 0 0 0 0 2 2 2 2 3 4 4 3 2 1 1 1 2 2 1 1 1 1 1 1 1 1 1 2 1 1 3 3 3 3 3 2 2 0 0 1 2 2 3 3 2 2 3 1 1 1 1 1 0 0 1 1 2 2 3 3 4 4 4 3 2 2 2 2 1 0 0 0 0 0 0 0 0 0 0 0 0 0 0 0 0 1 1 1 1 1 1 1 1 1 1 1 1 0 0 1 1 1 1 1 1 1 2 3 3 2 2 2 1 1 1 1 2 3 2 3 3 3 2 2 3 2 2 3 3 4 3 3 4 3 3 2 2 1 1 0 0 0 0 0 1 1 3 3 3 2 2 2 0 0 0 1 1 1 1 1 1 1 1 1 1 1 0 0 0 0 0 0 0 0 0 0 0 0 0 0 0 1 1 1 1 2 2 2 2 1 2 2 2 2 2 1 2 2 2 1 1 1 1 1 1 1 1 1 2 2 3 3 3 2 3 1 3 4 4 3 3 2 3 1 3 3 3 2 2 2 2 1 1 1 1 1 1 1 2 2 2 2 2 2 1 0 1 1 1 1 1 1 1 1 1 1 1 1 1 0 0 0 0 0 1 1 1 1 1 1 0 0 0 0 1 1 1 1 1 0 0 0 0 0 1 1 1 1 1 1 1 1 1 1 1 1 1 1 1 2 3 3 3 3 4 3 4 4 3 1 2 2 3 4 4 4 4 4 2 3 3 3 3 3 2 2 2 3 3 3 4 4 4 4 3 3 3 3 4 2 2 3 3 1 1 1 0 2 2 2 2 2 2 2 2 0 0 0 0 0 0 0 0 0 0 0 0 0 0 0 0 0 0 
10 10 10 10 10 10 10 10 10 10 10 10 10 10 10 10 10 10 10 10 10 10 10 10 10 10 10 10 10 10 10 10 10 10 10 10 10 10 10 10 10 10 10 10 10 10 10 10 10 10 10 10 10 10 10 10 10 10 10 10 10 10 10 10 10 10 10 10 10 10 10 10 10 10 10 10 10 10 10 10 10 10 10 10 10 10 10 10 10 10 10 10 10 10 10 10 10 10 10 10 10 10 10 10 10 10 10 10 10 10 10 10 10 10 10 10 10 10 10 10 10 10 10 10 10 10 10 10 10 10 10 10 10 10 10 10 10 10 10 10 10 10 10 10 10 10 10 10 10 10 10 10 10 10 10 10 10 10 10 10 10 10 10 10 10 10 10 10 10 10 10 10 10 10 10 10 10 10 10 10 10 10 10 10 10 10 10 10 10 10 10 10 10 10 10 10 10 10 10 10 10 10 10 10 10 10 10 10 10 10 10 10 10 10 10 10 10 10 10 10 10 10 10 10 10 10 10 10 10 10 10 10 10 10 10 10 10 10 10 10 10 10 10 10 10 10 10 10 10 10 10 10 10 10 10 10 10 10 10 10 10 10 10 10 10 10 10 10 10 10 10 10 10 10 10 10 10 10 10 10 10 10 10 10 10 10 10 10 10 10 10 10 10 10 10 10 10 10 10 10 10 10 10 10 10 10 10 10 10 10 10 10 10 10 10 10 10 10 10 10 10 10 10 10 10 10 10 10 10 10 10 10 10 10 10 10 10 10 10 10 10 10 10 10 10 10 10 10 10 10 10 10 10 10 10 10 10 10 10 10 10 10 10 10 10 10 10 10 10 10 10 10 10 10 10 10 10 10 10 10 10 10 10 10 10 10 10 10 10 10 10 10 10 10 10 10 10 10 10 10 10 10 10 10 10 10 10 10 10 10 10 10 10 10 10 10 10 10 10 10 10 10 10 10 10 10 10 10 10 10 10 10 10 10 10 10 10 10 10 10 10 10 10 10 10 10 10 10 10 10 10 10 10 10 10 10 10 10 10 10 10 10 10 10 10 10 10 10 10 10 10 10 10 10 10 10 10 10 10 10 10 10 10 10 10 10 10 10 10 10 10 10 10 10 10 10 10 10 10 10 10 10 10 10 10 10 10 10 10 10 10 10 10 10 10 10 10 10 10 10 10 10 10 10 10 10 10 10 10 10 10 10 10 10 10 10 10 10 10 10 10 10 10 10 10 10 10 10 10 10 10 10 10 10 10 10 10 10 10 10 10 10 10 10 10 10 10 10 10 10 10 10 10 10 10 10 10 10 10 10 10 10 10 10 10 10 10 10 10 10 10 10 10 10 10 10 10 10 10 10 10 10 10 10 10 10 10 10 10 10 10 10 10 10 10 10 10 10 10 10 10 10 10 10 10 10 10 10 10 10 10 10 10 10 10 10 10 10 10 10 10 10 10 10 10 10 10 10 10 10 10 10 10 10 10 10 10 10 10 10 10 10 10 10 10 10 10 10 10 10 10 10 
100 100 100 100 100 100 100 100 100 100 100 100 100 100 100 100 100 100 100 100 100 100 100 100 100 100 100 100 100 100 100 100 100 100 100 100 100 100 100 100 100 100 100 100 100 100 100 100 100 100 100 100 100 100 100 100 100 100 100 100 100 100 100 100 100 100 100 100 100 100 100 100 100 100 100 100 100 100 100 100 100 100 100 100 100 100 100 100 100 100 100 100 100 100 100 100 100 100 100 100 100 100 100 100 100 100 100 100 100 100 100 100 100 100 100 100 100 100 100 100 100 100 100 100 100 100 100 100 100 100 100 100 100 100 100 100 100 100 100 100 100 100 100 100 100 100 100 100 100 100 100 100 100 100 100 100 100 100 100 100 100 100 100 100 100 100 100 100 100 100 100 100 100 100 100 100 100 100 100 100 100 100 100 100 100 100 100 100 100 100 100 100 100 100 100 100 100 100 100 100 100 100 100 100 100 100 100 100 100 100 100 100 100 100 100 100 100 100 100 100 100 100 100 100 100 100 100 100 100 100 100 100 100 100 100 100 100 100 100 100 100 100 100 100 100 100 100 100 100 100 100 100 100 100 100 100 100 100 100 100 100 100 100 100 100 100 100 100 100 100 100 100 100 100 100 100 100 100 100 100 100 100 100 100 100 100 100 100 100 100 100 100 100 100 100 100 100 100 100 100 100 100 100 100 100 100 100 100 100 100 100 100 100 100 100 100 100 100 100 100 100 100 100 100 100 100 100 100 100 100 100 100 100 100 100 100 100 100 100 100 100 100 100 100 100 100 100 100 100 100 100 100 100 100 100 100 100 100 100 100 100 100 100 100 100 100 100 100 100 100 100 100 100 100 100 100 100 100 100 100 100 100 100 100 100 100 100 100 100 100 100 100 100 100 100 100 100 100 100 100 100 100 100 100 100 100 100 100 100 100 100 100 100 100 100 100 100 100 100 100 100 100 100 100 100 100 100 100 100 100 100 100 100 100 100 100 100 100 100 100 100 100 100 100 100 100 100 100 100 100 100 100 100 100 100 100 100 100 100 100 100 100 100 100 100 100 100 100 100 100 100 100 100 100 100 100 100 100 100 100 100 100 100 100 100 100 100 100 100 100 100 100 100 100 100 100 100 100 100 100 100 100 100 100 100 100 100 100 100 100 100 100 100 100 100 100 100 100 100 100 100 100 100 100 100 100 100 100 100 100 100 100 100 100 100 100 100 100 100 100 100 100 100 100 100 100 100 100 100 100 100 100 100 100 100 100 100 100 100 100 100 100 100 100 100 100 100 100 100 100 100 100 100 100 100 100 100 100 100 100 100 100 100 100 100 100 100 100 100 100 100 100 100 100 100 100 100 100 100 100 100 100 100 100 100 100 100 100 100 100 100 100 100 100 100 100 100 100 100 100 100 100 100 100 100 100 100 100 100 100 100 100 100 100 100 100 100 100 100 100 100 100 100 100 100 100 100 100 100 100 100 100 100 100 100 100 100 100 100 100 100 100 100 100 100 100 100 100 100 100 100 100 
4 14
0 0 0 0 0 0 1 1 1 2 1 2 2 2 3 3 4 3 2 2 2 4 3 4 3 1 2 2 4 4 4 4 2 2 1 4 4 4 4 3 2 2 3 4 4 5 6 6 4 6 6 7 6 5 4 2 2 2 2 1 1 1 0 1 1 1 1 2 3 4 4 3 3 1 0 0 0 0 0 1 1 1 1 1 1 1 1 1 1 0 0 0 0 0 0 0 0 0 0 0 0 0 0 1 2 2 4 3 3 3 1 1 0 0 1 2 2 2 2 2 2 3 3 2 1 0 0 1 2 2 2 2 2 2 3 3 3 2 3 3 2 2 1 1 1 1 2 2 2 2 1 1 1 0 0 2 2 3 3 3 4 3 4 4 4 3 2 2 2 1 1 2 2 2 2 2 1 1 0 1 1 1 1 0 0 0 0 0 0 0 1 1 1 1 1 1 0 0 1 1 1 1 1 0 0 1 1 2 2 2 3 2 3 3 4 3 2 2 3 4 5 5 3 4 4 3 2 3 3 3 3 3 3 1 1 2 3 6 6 7 8 7 6 5 4 3 2 1 1 0 0 0 0 0 0 0 0 0 0 0 0 0 0 0 0 0 0 0 0 0 0 0 0 0 0 0 0 0 0 0 0 0 0 0 0 0 0 0 0 1 1 2 2 2 1 0 0 0 1 2 2 2 2 2 2 2 1 0 0 0 0 1 1 2 2 2 1 1 1 1 1 2 3 4 6 6 6 5 3 4 2 2 3 3 4 3 3 4 5 4 4 3 2 2 3 3 4 4 2 3 3 3 2 2 2 3 1 1 2 1 2 2 2 2 3 3 3 3 1 0 0 0 1 1 1 1 1 1 1 1 1 1 1 1 0 0 0 0 1 2 3 3 2 3 3 3 1 1 1 1 1 2 2 3 3 3 2 2 3 3 2 2 3 3 4 5 4 3 3 2 2 2 2 2 2 2 3 4 4 4 4 3 2 1 3 3 3 3 2 1 2 2 2 2 2 2 1 1 1 1 1 1 1 1 1 2 3 3 3 1 0 0 0 1 1 1 1 0 0 0 0 0 0 0 0 2 2 2 2 2 2 2 3 3 3 3 3 3 3 3 2 1 2 1 1 1 2 5 4 4 5 4 3 3 3 1 2 4 4 4 5 3 2 2 2 1 1 2 2 4 5 5 5 4 4 1 1 1 0 0 3 4 5 6 6 6 5 4 4 4 1 1 1 0 0 0 0 0 0 0 2 2 2 2 1 2 3 4 4 4 4 4 3 2 1 0 0 0 0 0 0 0 0 1 1 1 1 2 2 2 1 1 1 3 4 3 3 3 2 1 0 0 0 0 0 0 0 0 0 0 0 1 1 1 4 3 3 3 4 2 2 4 5 7 5 5 5 5 3 4 5 4 4 4 4 6 5 2 4 2 2 3 3 2 3 4 3 3 2 2 2 1 1 1 1 2 1 1 1 0 0 0 0 0 0 1 1 1 1 0 0 0 0 0 0 0 0 0 0 0 0 0 
10 10 10 10 10 10 10 10 10 10 10 10 10 10 10 10 10 10 10 10 10 10 10 10 10 10 10 10 10 10 10 10 10 10 10 10 10 10 10 10 10 10 10 10 10 10 10 10 10 10 10 10 10 10 10 10 10 10 10 10 10 10 10 10 10 10 10 10 10 10 10 10 10 10 10 10 10 10 10 10 10 10 10 10 10 10 10 10 10 10 10 10 10 10 10 10 10 10 10 10 10 10 10 10 10 10 10 10 10 10 10 10 10 10 10 10 10 10 10 10 10 10 10 10 10 10 10 10 10 10 10 10 10 10 10 10 10 10 10 10 10 10 10 10 10 10 10 10 10 10 10 10 10 10 10 10 10 10 10 10 10 10 10 10 10 10 10 10 10 10 10 10 10 10 10 10 10 10 10 10 10 10 10 10 10 10 10 10 10 10 10 10 10 10 10 10 10 10 10 10 10 10 10 10 10 10 10 10 10 10 10 10 10 10 10 10 10 10 10 10 10 10 10 10 10 10 10 10 10 10 10 10 10 10 10 10 10 10 10 10 10 10 10 10 10 10 10 10 10 10 10 10 10 10 10 10 10 10 10 10 10 10 10 10 10 10 10 10 10 10 10 10 10 10 10 10 10 10 10 10 10 10 10 10 10 10 10 10 10 10 10 10 10 10 10 10 10 10 10 10 10 10 10 10 10 10 10 10 10 10 10 10 10 10 10 10 10 10 10 10 10 10 10 10 10 10 10 10 10 10 10 10 10 10 10 10 10 10 10 10 10 10 10 10 10 10 10 10 10 10 10 10 10 10 10 10 10 10 10 10 10 10 10 10 10 10 10 10 10 10 10 10 10 10 10 10 10 10 10 10 10 10 10 10 10 10 10 10 10 10 10 10 10 10 10 10 10 10 10 10 10 10 10 10 10 10 10 10 10 10 10 10 10 10 10 10 10 10 10 10 10 10 10 10 10 10 10 10 10 10 10 10 10 10 10 10 10 10 10 10 10 10 10 10 10 10 10 10 10 10 10 10 10 10 10 10 10 10 10 10 10 10 10 10 10 10 10 10 10 10 10 10 10 10 10 10 10 10 10 10 10 10 10 10 10 10 10 10 10 10 10 10 10 10 10 10 10 10 10 10 10 10 10 10 10 10 10 10 10 10 10 10 10 10 10 10 10 10 10 10 10 10 10 10 10 10 10 10 10 10 10 10 10 10 10 10 10 10 10 10 10 10 10 10 10 10 10 10 10 10 10 10 10 10 10 10 10 10 10 10 10 10 10 10 10 10 10 10 10 10 10 10 10 10 10 10 10 10 10 10 10 10 10 10 10 10 10 10 10 10 10 10 10 10 10 10 10 10 10 10 10 10 10 10 10 10 10 10 10 10 10 10 10 10 10 10 10 10 10 10 10 10 10 10 10 10 10 10 10 10 10 10 10 10 10 10 10 10 10 10 10 10 10 10 10 10 10 10 10 10 10 10 10 10 10 10 10 10 10 10 10 10 10 10 10 10 10 10 10 10 10 10 
100 100 100 100 100 100 100 100 100 100 100 100 100 100 100 100 100 100 100 100 100 100 100 100 100 100 100 100 100 100 100 100 100 100 100 100 100 100 100 100 100 100 100 100 100 100 100 100 100 100 100 100 100 100 100 100 100 100 100 100 100 100 100 100 100 100 100 100 100 100 100 100 100 100 100 100 100 100 100 100 100 100 100 100 100 100 100 100 100 100 100 100 100 100 100 100 100 100 100 100 100 100 100 100 100 100 100 100 100 100 100 100 100 100 100 100 100 100 100 100 100 100 100 100 100 100 100 100 100 100 100 100 100 100 100 100 100 100 100 100 100 100 100 100 100 100 100 100 100 100 100 100 100 100 100 100 100 100 100 100 100 100 100 100 100 100 100 100 100 100 100 100 100 100 100 100 100 100 100 100 100 100 100 100 100 100 100 100 100 100 100 100 100 100 100 100 100 100 100 100 100 100 100 100 100 100 100 100 100 100 100 100 100 100 100 100 100 100 100 100 100 100 100 100 100 100 100 100 100 100 100 100 100 100 100 100 100 100 100 100 100 100 100 100 100 100 100 100 100 100 100 100 100 100 100 100 100 100 100 100 100 100 100 100 100 100 100 100 100 100 100 100 100 100 100 100 100 100 100 100 100 100 100 100 100 100 100 100 100 100 100 100 100 100 100 100 100 100 100 100 100 100 100 100 100 100 100 100 100 100 100 100 100 100 100 100 100 100 100 100 100 100 100 100 100 100 100 100 100 100 100 100 100 100 100 100 100 100 100 100 100 100 100 100 100 100 100 100 100 100 100 100 100 100 100 100 100 100 100 100 100 100 100 100 100 100 100 100 100 100 100 100 100 100 100 100 100 100 100 100 100 100 100 100 100 100 100 100 100 100 100 100 100 100 100 100 100 100 100 100 100 100 100 100 100 100 100 100 100 100 100 100 100 100 100 100 100 100 100 100 100 100 100 100 100 100 100 100 100 100 100 100 100 100 100 100 100 100 100 100 100 100 100 100 100 100 100 100 100 100 100 100 100 100 100 100 100 100 100 100 100 100 100 100 100 100 100 100 100 100 100 100 100 100 100 100 100 100 100 100 100 100 100 100 100 100 100 100 100 100 100 100 100 100 100 100 100 100 100 100 100 100 100 100 100 100 100 100 100 100 100 100 100 100 100 100 100 100 100 100 100 100 100 100 100 100 100 100 100 100 100 100 100 100 100 100 100 100 100 100 100 100 100 100 100 100 100 100 100 100 100 100 100 100 100 100 100 100 100 100 100 100 100 100 100 100 100 100 100 100 100 100 100 100 100 100 100 100 100 100 100 100 100 100 100 100 100 100 100 100 100 100 100 100 100 100 100 100 100 100 100 100 100 100 100 100 100 100 100 100 100 100 100 100 100 100 100 100 100 100 100 100 100 100 100 100 100 100 100 100 100 100 100 100 100 100 100 100 100 100 100 100 100 100 100 100 100 100 100 100 100 100 100 100 100 100 100 100 100 100 100 100 100 100 100 100 100 100 100 100 100 100 
5 14
0 1 1 1 1 1 0 0 1 1 1 1 1 1 1 1 1 1 1 2 2 2 3 2 2 3 2 3 4 4 4 2 1 1 1 0 0 1 1 1 2 2 1 1 2 1 1 2 3 2 4 4 4 3 2 0 0 1 2 3 3 3 3 3 3 1 1 2 2 2 2 3 3 4 4 4 2 1 1 0 0 0 0 0 0 0 0 0 0 0 0 0 0 0 0 0 0 0 0 0 0 1 1 1 2 4 3 3 3 3 3 0 1 1 1 1 1 1 0 0 0 0 0 2 3 3 4 4 3 2 3 2 3 3 3 2 5 5 4 4 4 3 2 2 1 1 1 1 0 0 1 3 3 4 4 4 3 2 0 0 1 1 2 2 2 2 2 1 2 2 3 3 3 2 2 1 2 1 1 1 1 1 0 0 0 0 1 1 1 1 1 1 2 2 2 2 3 2 2 2 2 2 1 0 0 0 0 0 0 0 1 1 1 1 1 2 2 2 1 1 0 0 0 0 1 4 4 4 4 5 2 2 2 2 1 1 1 1 1 3 4 5 5 5 5 5 4 2 3 3 2 2 1 0 0 0 0 0 0 0 0 0 0 1 1 1 1 1 2 2 1 2 2 1 1 1 1 1 1 1 1 1 1 1 1 1 1 0 0 0 1 1 1 1 1 1 2 2 1 1 2 3 2 3 3 4 4 3 3 5 5 3 4 4 3 2 2 1 2 4 4 4 4 3 3 4 3 5 4 4 4 3 2 2 3 3 3 3 2 2 2 2 2 1 1 2 2 3 4 4 4 4 5 4 2 2 1 0 0 0 0 0 0 0 0 1 1 1 1 1 1 1 0 0 0 0 0 0 0 0 0 0 0 0 0 0 2 3 3 3 4 3 3 3 3 2 3 3 3 3 3 2 2 2 2 1 1 1 0 1 3 3 3 3 3 2 1 1 1 1 2 1 2 2 2 2 3 3 2 2 2 3 3 2 2 2 2 1 2 4 4 3 4 4 4 3 3 2 1 1 2 2 2 2 2 1 1 2 2 2 2 2 2 3 3 3 3 2 2 2 1 1 1 3 3 2 2 2 2 1 1 1 0 0 0 0 0 0 1 2 2 3 4 4 4 4 3 2 3 3 2 2 2 3 3 2 2 2 1 0 0 0 0 0 0 0 1 1 1 1 1 2 3 3 3 3 3 2 3 3 4 5 4 2 3 3 2 2 2 2 3 5 4 6 6 5 3 3 3 1 1 1 1 1 0 0 0 0 0 1 1 1 1 1 4 3 3 3 3 3 2 1 1 1 1 1 1 2 1 1 1 1 1 0 0 0 0 1 1 1 1 1 1 4 4 3 3 3 2 1 1 1 1 1 1 2 1 2 2 2 2 1 2 2 4 5 6 7 7 6 4 6 5 4 3 2 2 2 2 3 4 3 3 2 3 1 2 3 3 2 2 2 1 1 1 2 2 1 1 1 1 1 1 0 0 0 0 0 0 0 0 0 0 0 0 0 0 0 0 0 0 0 
10 10 10 10 10 10 10 10 10 10 10 10 10 10 10 10 10 10 10 10 10 10 10 10 10 10 10 10 10 10 10 10 10 10 10 10 10 10 10 10 10 10 10 10 10 10 10 10 10 10 10 10 10 10 10 10 10 10 10 10 10 10 10 10 10 10 10 10 10 10 10 10 10 10 10 10 10 10 10 10 10 10 10 10 10 10 10 10 10 10 10 10 10 10 10 10 10 10 10 10 10 10 10 10 10 10 10 10 10 10 10 10 10 10 10 10 10 10 10 10 10 10 10 10 10 10 10 10 10 10 10 10 10 10 10 10 10 10 10 10 10 10 10 10 10 10 10 10 10 10 10 10 10 10 10 10 10 10 10 10 10 10 10 10 10 10 10 10 10 10 10 10 10 10 10 10 10 10 10 10 10 10 10 10 10 10 10 10 10 10 10 10 10 10 10 10 10 10 10 10 10 10 10 10 10 10 10 10 10 10 10 10 10 10 10 10 10 10 10 10 10 10 10 10 10 10 10 10 10 10 10 10 10 10 10 10 10 10 10 10 10 10 10 10 10 10 10 10 10 10 10 10 10 10 10 10 10 10 10 10 10 10 10 10 10 10 10 10 10 10 10 10 10 10 10 10 10 10 10 10 10 10 10 10 10 10 10 10 10 10 10 10 10 10 10 10 10 10 10 10 10 10 10 10 10 10 10 10 10 10 10 10 10 10 10 10 10 10 10 10 10 10 10 10 10 10 10 10 10 10 10 10 10 10 10 10 10 10 10 10 10 10 10 10 10 10 10 10 10 10 10 10 10 10 10 10 10 10 10 10 10 10 10 10 10 10 10 10 10 10 10 10 10 10 10 10 10 10 10 10 10 10 10 10 10 10 10 10 10 10 10 10 10 10 10 10 10 10 10 10 10 10 10 10 10 10 10 10 10 10 10 10 10 10 10 10 10 10 10 10 10 10 10 10 10 10 10 10 10 10 10 10 10 10 10 10 10 10 10 10 10 10 10 10 10 10 10 10 10 10 10 10 10 10 10 10 10 10 10 10 10 10 10 10 10 10 10 10 10 10 10 10 10 10 10 10 10 10 10 10 10 10 10 10 10 10 10 10 10 10 10 10 10 10 10 10 10 10 10 10 10 10 10 10 10 10 10 10 10 10 10 10 10 10 10 10 10 10 10 10 10 10 10 10 10 10 10 10 10 10 10 10 10 10 10 10 10 10 10 10 10 10 10 10 10 10 10 10 10 10 10 10 10 10 10 10 10 10 10 10 10 10 10 10 10 10 10 10 10 10 10 10 10 10 10 10 10 10 10 10 10 10 10 10 10 10 10 10 10 10 10 10 10 10 10 10 10 10 10 10 10 10 10 10 10 10 10 10 10 10 10 10 10 10 10 10 10 10 10 10 10 10 10 10 10 10 10 10 10 10 10 10 10 10 10 10 10 10 10 10 10 10 10 10 10 10 10 10 10 10 10 10 10 10 10 10 10 10 10 10 10 10 10 10 10 10 10 10 10 10 10 10 
100 100 100 100 100 100 100 100 100 100 100 100 100 100 100 100 100 100 100 100 100 100 100 100 100 100 100 100 100 100 100 100 100 100 100 100 100 100 100 100 100 100 100 100 100 100 100 100 100 100 100 100 100 100 100 100 100 100 100 100 100 100 100 100 100 100 100 100 100 100 100 100 100 100 100 100 100 100 100 100 100 100 100 100 100 100 100 100 100 100 100 100 100 100 100 100 100 100 100 100 100 100 100 100 100 100 100 100 100 100 100 100 100 100 100 100 100 100 100 100 100 100 100 100 100 100 100 100 100 100 100 100 100 100 100 100 100 100 100 100 100 100 100 100 100 100 100 100 100 100 100 100 100 100 100 100 100 100 100 100 100 100 100 100 100 100 100 100 100 100 100 100 100 100 100 100 100 100 100 100 100 100 100 100 100 100 100 100 100 100 100 100 100 100 100 100 100 100 100 100 100 100 100 100 100 100 100 100 100 100 100 100 100 100 100 100 100 100 100 100 100 100 100 100 100 100 100 100 100 100 100 100 100 100 100 100 100 100 100 100 100 100 100 100 100 100 100 100 100 100 100 100 100 100 100 100 100 100 100 100 100 100 100 100 100 100 100 100 100 100 100 100 100 100 100 100 100 100 100 100 100 100 100 100 100 100 100 100 100 100 100 100 100 100 100 100 100 100 100 100 100 100 100 100 100 100 100 100 100 100 100 100 100 100 100 100 100 100 100 100 100 100 100 100 100 100 100 100 100 100 100 100 100 100 100 100 100 100 100 100 100 100 100 100 100 100 100 100 100 100 100 100 100 100 100 100 100 100 100 100 100 100 100 100 100 100 100 100 100 100 100 100 100 100 100 100 100 100 100 100 100 100 100 100 100 100 100 100 100 100 100 100 100 100 100 100 100 100 100 100 100 100 100 100 100 100 100 100 100 100 100 100 100 100 100 100 100 100 100 100 100 100 100 100 100 100 100 100 100 100 100 100 100 100 100 100 100 100 100 100 100 100 100 100 100 100 100 100 100 100 100 100 100 100 100 100 100 100 100 100 100 100 100 100 100 100 100 100 100 100 100 100 100 100 100 100 100 100 100 100 100 100 100 100 100 100 100 100 100 100 100 100 100 100 100 100 100 100 100 100 100 100 100 100 100 100 100 100 100 100 100 100 100 100 100 100 100 100 100 100 100 100 100 100 100 100 100 100 100 100 100 100 100 100 100 100 100 100 100 100 100 100 100 100 100 100 100 100 100 100 100 100 100 100 100 100 100 100 100 100 100 100 100 100 100 100 100 100 100 100 100 100 100 100 100 100 100 100 100 100 100 100 100 100 100 100 100 100 100 100 100 100 100 100 100 100 100 100 100 100 100 100 100 100 100 100 100 100 100 100 100 100 100 100 100 100 100 100 100 100 100 100 100 100 100 100 100 100 100 100 100 100 100 100 100 100 100 100 100 100 100 100 100 100 100 100 100 100 100 100 100 100 100 100 100 100 100 100 100 100 100 100 100 100 100 100 100 100 100 100 100 100 
7 14
0 0 0 0 0 0 0 0 0 0 0 0 0 0 0 0 0 0 0 0 0 0 0 0 0 0 0 0 0 0 0 0 0 1 1 1 1 2 2 3 2 2 2 3 2 3 2 4 4 4 3 4 4 4 3 2 2 1 1 1 0 0 2 2 2 2 3 3 3 1 1 1 1 0 0 0 1 1 1 1 1 1 1 0 0 0 0 0 0 0 0 0 0 0 1 1 2 2 2 2 2 2 2 1 0 0 0 0 0 0 0 1 1 1 1 2 2 2 2 2 1 1 1 1 1 1 1 1 2 2 2 3 3 3 3 2 2 2 2 3 2 2 3 3 3 3 2 2 1 1 0 0 1 1 1 1 1 1 1 1 1 1 1 1 2 2 2 2 2 2 2 2 1 1 1 2 2 2 2 2 2 1 1 0 0 0 0 0 0 0 0 0 0 0 0 0 0 0 0 0 0 0 0 0 1 1 1 2 3 3 3 3 3 3 3 2 2 2 1 1 3 4 4 4 3 3 3 3 2 1 1 1 1 2 3 3 3 2 2 2 2 2 2 2 2 1 2 2 2 3 2 2 2 2 2 2 2 2 1 1 1 1 1 1 1 1 1 1 0 0 0 0 0 0 0 0 0 0 0 0 0 0 1 1 1 1 1 1 1 1 1 1 1 1 1 1 1 0 0 0 1 1 1 1 1 1 1 0 0 0 0 0 0 0 0 0 1 1 1 2 2 3 3 3 2 2 2 2 1 0 0 1 2 3 3 4 5 5 6 5 4 3 3 3 3 2 1 1 1 1 1 0 0 0 1 1 1 1 1 1 1 0 0 0 0 0 0 0 0 0 0 0 0 0 0 0 0 0 0 0 0 1 1 1 1 1 1 1 1 1 1 1 2 2 2 2 3 4 3 2 2 3 3 3 3 4 3 4 3 3 2 2 2 3 2 2 4 4 3 3 2 2 2 2 2 1 1 2 1 1 1 1 1 1 0 2 2 2 2 2 2 2 0 0 0 0 0 0 0 0 0 2 2 2 2 2 2 2 2 1 1 1 0 0 0 0 0 0 0 0 0 0 0 0 0 0 0 0 0 0 0 0 0 0 0 0 0 0 0 0 0 1 1 1 1 1 1 1 1 1 2 1 3 3 4 4 5 4 4 2 2 2 3 3 2 1 1 1 1 1 1 1 1 1 2 2 2 3 2 2 2 2 1 1 1 0 1 1 1 1 1 1 1 2 2 2 2 2 2 2 2 2 2 2 2 3 2 2 2 2 2 1 1 1 1 1 1 1 1 1 1 0 0 0 0 0 0 0 0 0 0 0 0 0 1 1 1 1 1 2 2 3 2 2 2 2 3 3 1 1 1 1 1 1 0 0 0 1 1 1 1 2 2 2 1 3 4 4 4 4 3 4 4 6 7 6 6 5 5 5 5 3 2 2 1 1 1 0 1 1 1 1 1 1 1 1 1 0 1 1 1 1 1 1 2 1 1 1 1 1 1 1 1 1 0 0 0 0 0 0 0 0 
10 10 10 10 10 10 10 10 10 10 10 10 10 10 10 10 10 10 10 10 10 10 10 10 10 10 10 10 10 10 10 10 10 10 10 10 10 10 10 10 10 10 10 10 10 10 10 10 10 10 10 10 10 10 10 10 10 10 10 10 10 10 10 10 10 10 10 10 10 10 10 10 10 10 10 10 10 10 10 10 10 10 10 10 10 10 10 10 10 10 10 10 10 10 10 10 10 10 10 10 10 10 10 10 10 10 10 10 10 10 10 10 10 10 10 10 10 10 10 10 10 10 10 10 10 10 10 10 10 10 10 10 10 10 10 10 10 10 10 10 10 10 10 10 10 10 10 10 10 10 10 10 10 10 10 10 10 10 10 10 10 10 10 10 10 10 10 10 10 10 10 10 10 10 10 10 10 10 10 10 10 10 10 10 10 10 10 10 10 10 10 10 10 10 10 10 10 10 10 10 10 10 10 10 10 10 10 10 10 10 10 10 10 10 10 10 10 10 10 10 10 10 10 10 10 10 10 10 10 10 10 10 10 10 10 10 10 10 10 10 10 10 10 10 10 10 10 10 10 10 10 10 10 10 10 10 10 10 10 10 10 10 10 10 10 10 10 10 10 10 10 10 10 10 10 10 10 10 10 10 10 10 10 10 10 10 10 10 10 10 10 10 10 10 10 10 10 10 10 10 10 10 10 10 10 10 10 10 10 10 10 10 10 10 10 10 10 10 10 10 10 10 10 10 10 10 10 10 10 10 10 10 10 10 10 10 10 10 10 10 10 10 10 10 10 10 10 10 10 10 10 10 10 10 10 10 10 10 10 10 10 10 10 10 10 10 10 10 10 10 10 10 10 10 10 10 10 10 10 10 10 10 10 10 10 10 10 10 10 10 10 10 10 10 10 10 10 10 10 10 10 10 10 10 10 10 10 10 10 10 10 10 10 10 10 10 10 10 10 10 10 10 10 10 10 10 10 10 10 10 10 10 10 10 10 10 10 10 10 10 10 10 10 10 10 10 10 10 10 10 10 10 10 10 10 10 10 10 10 10 10 10 10 10 10 10 10 10 10 10 10 10 10 10 10 10 10 10 10 10 10 10 10 10 10 10 10 10 10 10 10 10 10 10 10 10 10 10 10 10 10 10 10 10 10 10 10 10 10 10 10 10 10 10 10 10 10 10 10 10 10 10 10 10 10 10 10 10 10 10 10 10 10 10 10 10 10 10 10 10 10 10 10 10 10 10 10 10 10 10 10 10 10 10 10 10 10 10 10 10 10 10 10 10 10 10 10 10 10 10 10 10 10 10 10 10 10 10 10 10 10 10 10 10 10 10 10 10 10 10 10 10 10 10 10 10 10 10 10 10 10 10 10 10 10 10 10 10 10 10 10 10 10 10 10 10 10 10 10 10 10 10 10 10 10 10 10 10 10 10 10 10 10 10 10 10 10 10 10 10 10 10 10 10 10 10 10 10 10 10 10 10 10 10 10 10 10 10 10 10 10 10 10 10 10 10 10 10 10 10 10 10 
100 100 100 100 100 100 100 100 100 100 100 100 100 100 100 100 100 100 100 100 100 100 100 100 100 100 100 100 100 100 100 100 100 100 100 100 100 100 100 100 100 100 100 100 100 100 100 100 100 100 100 100 100 100 100 100 100 100 100 100 100 100 100 100 100 100 100 100 100 100 100 100 100 100 100 100 100 100 100 100 100 100 100 100 100 100 100 100 100 100 100 100 100 100 100 100 100 100 100 100 100 100 100 100 100 100 100 100 100 100 100 100 100 100 100 100 100 100 100 100 100 100 100 100 100 100 100 100 100 100 100 100 100 100 100 100 100 100 100 100 100 100 100 100 100 100 100 100 100 100 100 100 100 100 100 100 100 100 100 100 100 100 100 100 100 100 100 100 100 100 100 100 100 100 100 100 100 100 100 100 100 100 100 100 100 100 100 100 100 100 100 100 100 100 100 100 100 100 100 100 100 100 100 100 100 100 100 100 100 100 100 100 100 100 100 100 100 100 100 100 100 100 100 100 100 100 100 100 100 100 100 100 100 100 100 100 100 100 100 100 100 100 100 100 100 100 100 100 100 100 100 100 100 100 100 100 100 100 100 100 100 100 100 100 100 100 100 100 100 100 100 100 100 100 100 100 100 100 100 100 100 100 100 100 100 100 100 100 100 100 100 100 100 100 100 100 100 100 100 100 100 100 100 100 100 100 100 100 100 100 100 100 100 100 100 100 100 100 100 100 100 100 100 100 100 100 100 100 100 100 100 100 100 100 100 100 100 100 100 100 100 100 100 100 100 100 100 100 100 100 100 100 100 100 100 100 100 100 100 100 100 100 100 100 100 100 100 100 100 100 100 100 100 100 100 100 100 100 100 100 100 100 100 100 100 100 100 100 100 100 100 100 100 100 100 100 100 100 100 100 100 100 100 100 100 100 100 100 100 100 100 100 100 100 100 100 100 100 100 100 100 100 100 100 100 100 100 100 100 100 100 100 100 100 100 100 100 100 100 100 100 100 100 100 100 100 100 100 100 100 100 100 100 100 100 100 100 100 100 100 100 100 100 100 100 100 100 100 100 100 100 100 100 100 100 100 100 100 100 100 100 100 100 100 100 100 100 100 100 100 100 100 100 100 100 100 100 100 100 100 100 100 100 100 100 100 100 100 100 100 100 100 100 100 100 100 100 100 100 100 100 100 100 100 100 100 100 100 100 100 100 100 100 100 100 100 100 100 100 100 100 100 100 100 100 100 100 100 100 100 100 100 100 100 100 100 100 100 100 100 100 100 100 100 100 100 100 100 100 100 100 100 100 100 100 100 100 100 100 100 100 100 100 100 100 100 100 100 100 100 100 100 100 100 100 100 100 100 100 100 100 100 100 100 100 100 100 100 100 100 100 100 100 100 100 100 100 100 100 100 100 100 100 100 100 100 100 100 100 100 100 100 100 100 100 100 100 100 100 100 100 100 100 100 100 100 100 100 100 100 100 100 100 100 100 100 100 100 100 100 100 100 100 100 100 100 100 100 100 100 100 100 
6 14
0 0 0 0 0 0 0 0 0 0 0 1 3 4 4 4 4 4 2 1 0 0 1 1 1 1 1 1 0 0 1 1 2 2 2 2 3 2 2 3 2 2 1 1 1 2 1 1 1 1 1 2 1 1 1 1 1 0 0 0 0 0 1 1 1 1 1 1 1 1 1 1 1 2 1 1 1 1 1 1 0 0 0 0 0 0 0 0 0 1 1 1 2 2 2 1 1 1 1 1 1 0 0 0 0 0 1 1 1 2 2 3 3 3 3 2 2 2 2 2 2 1 1 1 0 0 0 0 0 0 1 1 2 3 5 5 4 6 7 5 7 5 5 3 3 3 1 1 1 2 2 1 1 1 1 1 1 1 2 2 3 3 2 2 2 1 1 0 0 0 1 1 1 1 1 1 1 1 0 0 1 1 1 1 1 1 0 0 0 0 0 0 0 0 0 0 0 0 0 0 0 0 1 2 2 2 2 2 3 2 2 1 1 1 1 1 1 3 3 3 4 4 4 4 3 2 1 0 1 4 5 5 5 5 4 2 2 2 1 1 0 0 0 2 2 3 3 4 4 3 3 3 4 3 2 2 1 1 1 1 1 1 0 0 0 0 0 0 0 0 1 1 1 1 1 2 2 2 1 1 1 0 0 0 0 0 0 1 1 1 2 2 3 3 2 2 2 2 2 1 1 0 1 1 1 1 1 2 2 1 2 2 2 2 3 3 2 1 1 3 3 3 2 3 3 2 1 1 1 1 1 2 3 3 3 3 4 3 2 1 1 1 1 1 2 2 2 2 1 1 1 1 2 1 1 1 1 1 1 1 0 0 1 1 1 1 1 1 1 1 0 0 0 0 0 0 0 0 0 0 0 0 0 0 0 0 1 1 1 1 1 2 2 1 2 2 2 3 3 3 3 3 3 2 3 3 2 3 3 3 3 2 3 2 2 2 2 3 1 2 3 4 4 5 5 6 6 6 6 8 7 4 4 3 2 1 0 0 0 0 0 0 0 0 0 0 0 0 0 0 1 2 3 3 3 3 3 1 0 0 0 0 0 1 1 1 1 1 1 1 0 0 0 0 0 0 0 0 0 1 1 1 2 2 2 2 1 2 3 3 3 4 4 4 4 4 4 5 4 4 5 4 3 4 3 3 3 3 4 5 3 3 4 5 6 5 5 4 4 3 2 0 0 0 0 0 0 1 2 4 4 4 4 3 3 2 1 1 1 1 0 0 0 0 0 0 0 0 2 2 2 2 2 2 2 2 1 0 0 0 0 0 0 0 0 0 1 1 1 1 1 4 4 3 3 3 3 2 0 1 1 1 1 2 2 2 2 1 1 1 1 0 0 0 1 1 1 1 2 2 2 2 2 2 2 2 4 3 4 4 4 4 2 2 2 2 2 2 2 2 1 1 0 0 0 1 2 4 4 4 4 3 3 1 1 1 1 1 1 1 1 1 1 1 1 0 0 0 0 0 0 0 0 0 0 0 0 0 0 0 0 0 0 0 0 0 0 0 0 0 0 0 
10 10 10 10 10 10 10 10 10 10 10 10 10 10 10 10 10 10 10 10 10 10 10 10 10 10 10 10 10 10 10 10 10 10 10 10 10 10 10 10 10 10 10 10 10 10 10 10 10 10 10 10 10 10 10 10 10 10 10 10 10 10 10 10 10 10 10 10 10 10 10 10 10 10 10 10 10 10 10 10 10 10 10 10 10 10 10 10 10 10 10 10 10 10 10 10 10 10 10 10 10 10 10 10 10 10 10 10 10 10 10 10 10 10 10 10 10 10 10 10 10 10 10 10 10 10 10 10 10 10 10 10 10 10 10 10 10 10 10 10 10 10 10 10 10 10 10 10 10 10 10 10 10 10 10 10 10 10 10 10 10 10 10 10 10 10 10 10 10 10 10 10 10 10 10 10 10 10 10 10 10 10 10 10 10 10 10 10 10 10 10 10 10 10 10 10 10 10 10 10 10 10 10 10 10 10 10 10 10 10 10 10 10 10 10 10 10 10 10 10 10 10 10 10 10 10 10 10 10 10 10 10 10 10 10 10 10 10 10 10 10 10 10 10 10 10 10 10 10 10 10 10 10 10 10 10 10 10 10 10 10 10 10 10 10 10 10 10 10 10 10 10 10 10 10 10 10 10 10 10 10 10 10 10 10 10 10 10 10 10 10 10 10 10 10 10 10 10 10 10 10 10 10 10 10 10 10 10 10 10 10 10 10 10 10 10 10 10 10 10 10 10 10 10 10 10 10 10 10 10 10 10 10 10 10 10 10 10 10 10 10 10 10 10 10 10 10 10 10 10 10 10 10 10 10 10 10 10 10 10 10 10 10 10 10 10 10 10 10 10 10 10 10 10 10 10 10 10 10 10 10 10 10 10 10 10 10 10 10 10 10 10 10 10 10 10 10 10 10 10 10 10 10 10 10 10 10 10 10 10 10 10 10 10 10 10 10 10 10 10 10 10 10 10 10 10 10 10 10 10 10 10 10 10 10 10 10 10 10 10 10 10 10 10 10 10 10 10 10 10 10 10 10 10 10 10 10 10 10 10 10 10 10 10 10 10 10 10 10 10 10 10 10 10 10 10 10 10 10 10 10 10 10 10 10 10 10 10 10 10 10 10 10 10 10 10 10 10 10 10 10 10 10 10 10 10 10 10 10 10 10 10 10 10 10 10 10 10 10 10 10 10 10 10 10 10 10 10 10 10 10 10 10 10 10 10 10 10 10 10 10 10 10 10 10 10 10 10 10 10 10 10 10 10 10 10 10 10 10 10 10 10 10 10 10 10 10 10 10 10 10 10 10 10 10 10 10 10 10 10 10 10 10 10 10 10 10 10 10 10 10 10 10 10 10 10 10 10 10 10 10 10 10 10 10 10 10 10 10 10 10 10 10 10 10 10 10 10 10 10 10 10 10 10 10 10 10 10 10 10 10 10 10 10 10 10 10 10 10 10 10 10 10 10 10 10 10 10 10 10 10 10 10 10 10 10 10 10 10 10 10 10 10 10 10 10 10 10 10 10 10 10 
100 100 100 100 100 100 100 100 100 100 100 100 100 100 100 100 100 100 100 100 100 100 100 100 100 100 100 100 100 100 100 100 100 100 100 100 100 100 100 100 100 100 100 100 100 100 100 100 100 100 100 100 100 100 100 100 100 100 100 100 100 100 100 100 100 100 100 100 100 100 100 100 100 100 100 100 100 100 100 100 100 100 100 100 100 100 100 100 100 100 100 100 100 100 100 100 100 100 100 100 100 100 100 100 100 100 100 100 100 100 100 100 100 100 100 100 100 100 100 100 100 100 100 100 100 100 100 100 100 100 100 100 100 100 100 100 100 100 100 100 100 100 100 100 100 100 100 100 100 100 100 100 100 100 100 100 100 100 100 100 100 100 100 100 100 100 100 100 100 100 100 100 100 100 100 100 100 100 100 100 100 100 100 100 100 100 100 100 100 100 100 100 100 100 100 100 100 100 100 100 100 100 100 100 100 100 100 100 100 100 100 100 100 100 100 100 100 100 100 100 100 100 100 100 100 100 100 100 100 100 100 100 100 100 100 100 100 100 100 100 100 100 100 100 100 100 100 100 100 100 100 100 100 100 100 100 100 100 100 100 100 100 100 100 100 100 100 100 100 100 100 100 100 100 100 100 100 100 100 100 100 100 100 100 100 100 100 100 100 100 100 100 100 100 100 100 100 100 100 100 100 100 100 100 100 100 100 100 100 100 100 100 100 100 100 100 100 100 100 100 100 100 100 100 100 100 100 100 100 100 100 100 100 100 100 100 100 100 100 100 100 100 100 100 100 100 100 100 100 100 100 100 100 100 100 100 100 100 100 100 100 100 100 100 100 100 100 100 100 100 100 100 100 100 100 100 100 100 100 100 100 100 100 100 100 100 100 100 100 100 100 100 100 100 100 100 100 100 100 100 100 100 100 100 100 100 100 100 100 100 100 100 100 100 100 100 100 100 100 100 100 100 100 100 100 100 100 100 100 100 100 100 100 100 100 100 100 100 100 100 100 100 100 100 100 100 100 100 100 100 100 100 100 100 100 100 100 100 100 100 100 100 100 100 100 100 100 100 100 100 100 100 100 100 100 100 100 100 100 100 100 100 100 100 100 100 100 100 100 100 100 100 100 100 100 100 100 100 100 100 100 100 100 100 100 100 100 100 100 100 100 100 100 100 100 100 100 100 100 100 100 100 100 100 100 100 100 100 100 100 100 100 100 100 100 100 100 100 100 100 100 100 100 100 100 100 100 100 100 100 100 100 100 100 100 100 100 100 100 100 100 100 100 100 100 100 100 100 100 100 100 100 100 100 100 100 100 100 100 100 100 100 100 100 100 100 100 100 100 100 100 100 100 100 100 100 100 100 100 100 100 100 100 100 100 100 100 100 100 100 100 100 100 100 100 100 100 100 100 100 100 100 100 100 100 100 100 100 100 100 100 100 100 100 100 100 100 100 100 100 100 100 100 100 100 100 100 100 100 100 100 100 100 100 100 100 100 100 100 100 100 100 100 100 100 100 100 100 100 100 100 100 
5 14
0 0 0 0 0 0 0 0 0 0 0 0 0 0 0 0 1 1 3 3 3 2 3 2 2 3 3 3 3 5 7 6 6 6 4 1 0 2 3 4 5 5 6 6 3 1 1 1 2 2 2 2 2 1 1 2 2 2 3 2 3 2 2 1 1 0 0 0 0 0 0 0 0 0 0 1 1 1 1 1 0 0 0 1 1 1 2 2 2 1 1 0 0 0 0 1 1 2 2 3 3 2 1 2 2 3 2 3 3 3 3 3 2 2 1 0 0 0 0 0 0 0 0 0 0 0 0 0 0 1 1 1 1 1 0 2 2 3 3 4 3 2 2 2 3 3 4 4 5 2 3 2 2 1 1 2 2 3 4 4 3 2 1 1 0 1 1 2 2 3 2 2 2 2 2 2 1 1 2 1 1 1 1 1 1 0 0 0 0 0 0 0 1 2 3 4 4 4 2 2 1 1 1 1 1 0 0 0 1 1 1 1 1 2 2 1 1 1 1 1 0 0 2 2 2 3 3 3 2 1 0 0 1 1 2 2 2 4 4 3 2 2 3 1 1 1 1 1 0 1 1 1 1 2 2 2 1 1 0 0 2 2 2 2 2 0 0 0 0 1 2 2 2 2 1 0 0 0 0 0 0 0 0 0 0 0 0 0 0 0 0 0 0 0 0 0 0 0 1 2 2 2 3 2 2 1 2 3 2 2 2 3 3 2 1 1 1 2 2 2 2 1 0 0 1 2 3 4 5 4 4 4 4 2 2 2 1 2 2 1 1 2 1 2 2 2 2 1 1 1 2 2 2 2 2 2 1 1 2 1 1 1 1 2 2 1 1 1 0 0 0 0 0 0 0 0 0 1 1 1 1 1 1 0 0 0 0 0 0 0 1 1 1 1 1 1 0 0 0 1 2 2 2 2 2 2 2 2 4 4 6 6 4 5 4 4 2 2 1 1 2 2 2 2 1 2 2 2 2 3 2 2 3 2 2 3 3 4 4 3 1 1 1 1 1 1 1 2 3 2 2 2 1 1 0 0 0 1 1 1 1 1 1 0 0 0 0 0 0 0 0 0 0 0 0 0 0 0 0 0 1 1 1 1 1 1 2 3 3 3 3 2 1 2 3 3 3 2 1 1 1 1 3 4 4 4 4 2 1 3 4 6 7 6 6 7 5 3 3 2 1 2 3 3 3 3 4 3 3 3 3 2 1 2 3 4 5 5 5 4 4 2 2 1 1 1 1 0 0 0 0 0 0 0 0 0 0 0 0 0 0 0 0 0 0 0 0 0 0 0 0 0 0 0 0 0 0 1 2 2 2 2 2 1 0 0 0 0 0 1 1 1 2 2 3 4 3 3 4 4 5 5 6 5 6 4 3 2 4 5 5 4 4 3 2 1 2 2 4 4 5 3 5 5 5 4 5 4 3 2 2 2 0 2 2 2 2 2 2 2 2 3 4 4 4 4 3 2 3 1 1 1 1 0 0 0 0 0 0 0 0 0 0 0 0 0 0 0 0 0 0 0 
10 10 10 10 10 10 10 10 10 10 10 10 10 10 10 10 10 10 10 10 10 10 10 10 10 10 10 10 10 10 10 10 10 10 10 10 10 10 10 10 10 10 10 10 10 10 10 10 10 10 10 10 10 10 10 10 10 10 10 10 10 10 10 10 10 10 10 10 10 10 10 10 10 10 10 10 10 10 10 10 10 10 10 10 10 10 10 10 10 10 10 10 10 10 10 10 10 10 10 10 10 10 10 10 10 10 10 10 10 10 10 10 10 10 10 10 10 10 10 10 10 10 10 10 10 10 10 10 10 10 10 10 10 10 10 10 10 10 10 10 10 10 10 10 10 10 10 10 10 10 10 10 10 10 10 10 10 10 10 10 10 10 10 10 10 10 10 10 10 10 10 10 10 10 10 10 10 10 10 10 10 10 10 10 10 10 10 10 10 10 10 10 10 10 10 10 10 10 10 10 10 10 10 10 10 10 10 10 10 10 10 10 10 10 10 10 10 10 10 10 10 10 10 10 10 10 10 10 10 10 10 10 10 10 10 10 10 10 10 10 10 10 10 10 10 10 10 10 10 10 10 10 10 10 10 10 10 10 10 10 10 10 10 10 10 10 10 10 10 10 10 10 10 10 10 10 10 10 10 10 10 10 10 10 10 10 10 10 10 10 10 10 10 10 10 10 10 10 10 10 10 10 10 10 10 10 10 10 10 10 10 10 10 10 10 10 10 10 10 10 10 10 10 10 10 10 10 10 10 10 10 10 10 10 10 10 10 10 10 10 10 10 10 10 10 10 10 10 10 10 10 10 10 10 10 10 10 10 10 10 10 10 10 10 10 10 10 10 10 10 10 10 10 10 10 10 10 10 10 10 10 10 10 10 10 10 10 10 10 10 10 10 10 10 10 10 10 10 10 10 10 10 10 10 10 10 10 10 10 10 10 10 10 10 10 10 10 10 10 10 10 10 10 10 10 10 10 10 10 10 10 10 10 10 10 10 10 10 10 10 10 10 10 10 10 10 10 10 10 10 10 10 10 10 10 10 10 10 10 10 10 10 10 10 10 10 10 10 10 10 10 10 10 10 10 10 10 10 10 10 10 10 10 10 10 10 10 10 10 10 10 10 10 10 10 10 10 10 10 10 10 10 10 10 10 10 10 10 10 10 10 10 10 10 10 10 10 10 10 10 10 10 10 10 10 10 10 10 10 10 10 10 10 10 10 10 10 10 10 10 10 10 10 10 10 10 10 10 10 10 10 10 10 10 10 10 10 10 10 10 10 10 10 10 10 10 10 10 10 10 10 10 10 10 10 10 10 10 10 10 10 10 10 10 10 10 10 10 10 10 10 10 10 10 10 10 10 10 10 10 10 10 10 10 10 10 10 10 10 10 10 10 10 10 10 10 10 10 10 10 10 10 10 10 10 10 10 10 10 10 10 10 10 10 10 10 10 10 10 10 10 10 10 10 10 10 10 10 10 10 10 10 10 10 10 10 10 10 10 10 10 10 10 10 10 10 10 10 10 10 10 10 
100 100 100 100 100 100 100 100 100 100 100 100 100 100 100 100 100 100 100 100 100 100 100 100 100 100 100 100 100 100 100 100 100 100 100 100 100 100 100 100 100 100 100 100 100 100 100 100 100 100 100 100 100 100 100 100 100 100 100 100 100 100 100 100 100 100 100 100 100 100 100 100 100 100 100 100 100 100 100 100 100 100 100 100 100 100 100 100 100 100 100 100 100 100 100 100 100 100 100 100 100 100 100 100 100 100 100 100 100 100 100 100 100 100 100 100 100 100 100 100 100 100 100 100 100 100 100 100 100 100 100 100 100 100 100 100 100 100 100 100 100 100 100 100 100 100 100 100 100 100 100 100 100 100 100 100 100 100 100 100 100 100 100 100 100 100 100 100 100 100 100 100 100 100 100 100 100 100 100 100 100 100 100 100 100 100 100 100 100 100 100 100 100 100 100 100 100 100 100 100 100 100 100 100 100 100 100 100 100 100 100 100 100 100 100 100 100 100 100 100 100 100 100 100 100 100 100 100 100 100 100 100 100 100 100 100 100 100 100 100 100 100 100 100 100 100 100 100 100 100 100 100 100 100 100 100 100 100 100 100 100 100 100 100 100 100 100 100 100 100 100 100 100 100 100 100 100 100 100 100 100 100 100 100 100 100 100 100 100 100 100 100 100 100 100 100 100 100 100 100 100 100 100 100 100 100 100 100 100 100 100 100 100 100 100 100 100 100 100 100 100 100 100 100 100 100 100 100 100 100 100 100 100 100 100 100 100 100 100 100 100 100 100 100 100 100 100 100 100 100 100 100 100 100 100 100 100 100 100 100 100 100 100 100 100 100 100 100 100 100 100 100 100 100 100 100 100 100 100 100 100 100 100 100 100 100 100 100 100 100 100 100 100 100 100 100 100 100 100 100 100 100 100 100 100 100 100 100 100 100 100 100 100 100 100 100 100 100 100 100 100 100 100 100 100 100 100 100 100 100 100 100 100 100 100 100 100 100 100 100 100 100 100 100 100 100 100 100 100 100 100 100 100 100 100 100 100 100 100 100 100 100 100 100 100 100 100 100 100 100 100 100 100 100 100 100 100 100 100 100 100 100 100 100 100 100 100 100 100 100 100 100 100 100 100 100 100 100 100 100 100 100 100 100 100 100 100 100 100 100 100 100 100 100 100 100 100 100 100 100 100 100 100 100 100 100 100 100 100 100 100 100 100 100 100 100 100 100 100 100 100 100 100 100 100 100 100 100 100 100 100 100 100 100 100 100 100 100 100 100 100 100 100 100 100 100 100 100 100 100 100 100 100 100 100 100 100 100 100 100 100 100 100 100 100 100 100 100 100 100 100 100 100 100 100 100 100 100 100 100 100 100 100 100 100 100 100 100 100 100 100 100 100 100 100 100 100 100 100 100 100 100 100 100 100 100 100 100 100 100 100 100 100 100 100 100 100 100 100 100 100 100 100 100 100 100 100 100 100 100 100 100 100 100 100 100 100 100 100 100 100 100 100 100 100 100 100 100 100 100 100 100 
7 14
0 0 0 0 0 0 0 0 0 0 0 0 0 0 0 0 0 0 1 1 1 1 2 2 2 1 1 2 2 2 2 3 4 5 4 4 4 4 4 3 3 3 3 1 2 2 2 1 1 2 2 1 1 1 1 3 3 3 3 4 4 4 3 3 2 1 1 1 1 1 1 1 1 1 1 0 1 1 1 1 2 2 3 3 3 2 2 2 2 2 1 1 1 1 1 1 1 2 1 1 1 1 1 2 2 2 2 2 1 1 1 1 0 1 1 1 1 2 2 2 2 2 1 1 3 4 4 3 3 4 5 4 2 2 2 2 1 1 1 2 2 2 2 3 4 4 4 4 2 2 1 1 1 1 0 0 0 0 1 1 1 1 1 1 1 0 0 0 0 0 0 0 0 0 0 0 0 0 0 0 0 0 0 0 0 1 1 2 2 2 2 2 2 2 0 0 1 1 1 1 1 1 1 0 0 1 1 1 2 3 3 3 3 3 3 1 1 1 1 1 2 2 2 2 2 1 1 1 1 1 1 1 2 1 1 1 1 1 1 0 0 0 1 1 1 1 1 2 2 1 2 2 2 2 1 1 2 2 1 1 1 1 2 1 1 1 1 1 1 1 1 1 1 1 1 1 1 1 1 1 0 0 1 1 1 1 1 1 1 1 1 1 1 1 2 2 2 3 3 3 3 2 2 3 4 3 3 4 4 4 3 3 5 4 4 4 5 3 4 3 2 3 3 3 2 3 3 2 3 2 2 2 1 1 1 2 2 1 1 1 1 2 2 2 2 2 2 2 2 2 2 3 3 3 2 2 3 2 2 2 1 1 1 0 0 0 0 0 1 1 1 1 1 1 1 0 1 1 1 1 1 1 1 2 2 2 2 2 2 2 1 1 1 1 2 2 2 1 1 2 2 2 2 2 2 1 2 1 1 1 1 1 1 1 1 2 2 2 2 2 1 1 1 0 1 1 1 1 2 3 3 2 2 3 4 5 5 4 4 3 4 3 2 3 2 2 2 1 1 1 1 1 0 0 0 0 0 0 0 0 0 0 0 0 0 0 0 0 0 0 0 0 0 0 0 0 0 0 0 0 1 1 1 1 1 1 1 2 1 1 1 1 1 2 2 1 1 1 1 1 1 1 1 0 0 0 0 1 1 1 1 1 1 1 0 0 1 1 2 2 2 2 3 2 2 1 1 2 2 2 2 1 1 1 0 0 0 0 0 1 1 1 1 1 1 2 2 2 2 2 1 1 1 0 0 0 1 1 1 1 1 1 1 1 0 0 1 1 1 1 1 1 1 0 0 0 0 0 0 0 0 0 0 0 0 1 1 1 1 1 2 2 1 1 2 2 2 2 2 2 2 1 1 1 0 0 1 1 2 2 2 2 3 3 2 3 4 4 4 3 3 3 3 2 2 2 1 1 1 1 0 0 1 1 2 3 3 3 3 3 3 3 3 1 1 2 2 2 1 1 1 1 1 0 0 0 0 0 0 0 0 0 0 0 0 0 0 0 0 0 0 0 
10 10 10 10 10 10 10 10 10 10 10 10 10 10 10 10 10 10 10 10 10 10 10 10 10 10 10 10 10 10 10 10 10 10 10 10 10 10 10 10 10 10 10 10 10 10 10 10 10 10 10 10 10 10 10 10 10 10 10 10 10 10 10 10 10 10 10 10 10 10 10 10 10 10 10 10 10 10 10 10 10 10 10 10 10 10 10 10 10 10 10 10 10 10 10 10 10 10 10 10 10 10 10 10 10 10 10 10 10 10 10 10 10 10 10 10 10 10 10 10 10 10 10 10 10 10 10 10 10 10 10 10 10 10 10 10 10 10 10 10 10 10 10 10 10 10 10 10 10 10 10 10 10 10 10 10 10 10 10 10 10 10 10 10 10 10 10 10 10 10 10 10 10 10 10 10 10 10 10 10 10 10 10 10 10 10 10 10 10 10 10 10 10 10 10 10 10 10 10 10 10 10 10 10 10 10 10 10 10 10 10 10 10 10 10 10 10 10 10 10 10 10 10 10 10 10 10 10 10 10 10 10 10 10 10 10 10 10 10 10 10 10 10 10 10 10 10 10 10 10 10 10 10 10 10 10 10 10 10 10 10 10 10 10 10 10 10 10 10 10 10 10 10 10 10 10 10 10 10 10 10 10 10 10 10 10 10 10 10 10 10 10 10 10 10 10 10 10 10 10 10 10 10 10 10 10 10 10 10 10 10 10 10 10 10 10 10 10 10 10 10 10 10 10 10 10 10 10 10 10 10 10 10 10 10 10 10 10 10 10 10 10 10 10 10 10 10 10 10 10 10 10 10 10 10 10 10 10 10 10 10 10 10 10 10 10 10 10 10 10 10 10 10 10 10 10 10 10 10 10 10 10 10 10 10 10 10 10 10 10 10 10 10 10 10 10 10 10 10 10 10 10 10 10 10 10 10 10 10 10 10 10 10 10 10 10 10 10 10 10 10 10 10 10 10 10 10 10 10 10 10 10 10 10 10 10 10 10 10 10 10 10 10 10 10 10 10 10 10 10 10 10 10 10 10 10 10 10 10 10 10 10 10 10 10 10 10 10 10 10 10 10 10 10 10 10 10 10 10 10 10 10 10 10 10 10 10 10 10 10 10 10 10 10 10 10 10 10 10 10 10 10 10 10 10 10 10 10 10 10 10 10 10 10 10 10 10 10 10 10 10 10 10 10 10 10 10 10 10 10 10 10 10 10 10 10 10 10 10 10 10 10 10 10 10 10 10 10 10 10 10 10 10 10 10 10 10 10 10 10 10 10 10 10 10 10 10 10 10 10 10 10 10 10 10 10 10 10 10 10 10 10 10 10 10 10 10 10 10 10 10 10 10 10 10 10 10 10 10 10 10 10 10 10 10 10 10 10 10 10 10 10 10 10 10 10 10 10 10 10 10 10 10 10 10 10 10 10 10 10 10 10 10 10 10 10 10 10 10 10 10 10 10 10 10 10 10 10 10 10 10 10 10 10 10 10 10 10 10 10 10 10 10 10 10 10 10 10 10 10 10 10 
100 100 100 100 100 100 100 100 100 100 100 100 100 100 100 100 100 100 100 100 100 100 100 100 100 100 100 100 100 100 100 100 100 100 100 100 100 100 100 100 100 100 100 100 100 100 100 100 100 100 100 100 100 100 100 100 100 100 100 100 100 100 100 100 100 100 100 100 100 100 100 100 100 100 100 100 100 100 100 100 100 100 100 100 100 100 100 100 100 100 100 100 100 100 100 100 100 100 100 100 100 100 100 100 100 100 100 100 100 100 100 100 100 100 100 100 100 100 100 100 100 100 100 100 100 100 100 100 100 100 100 100 100 100 100 100 100 100 100 100 100 100 100 100 100 100 100 100 100 100 100 100 100 100 100 100 100 100 100 100 100 100 100 100 100 100 100 100 100 100 100 100 100 100 100 100 100 100 100 100 100 100 100 100 100 100 100 100 100 100 100 100 100 100 100 100 100 100 100 100 100 100 100 100 100 100 100 100 100 100 100 100 100 100 100 100 100 100 100 100 100 100 100 100 100 100 100 100 100 100 100 100 100 100 100 100 100 100 100 100 100 100 100 100 100 100 100 100 100 100 100 100 100 100 100 100 100 100 100 100 100 100 100 100 100 100 100 100 100 100 100 100 100 100 100 100 100 100 100 100 100 100 100 100 100 100 100 100 100 100 100 100 100 100 100 100 100 100 100 100 100 100 100 100 100 100 100 100 100 100 100 100 100 100 100 100 100 100 100 100 100 100 100 100 100 100 100 100 100 100 100 100 100 100 100 100 100 100 100 100 100 100 100 100 100 100 100 100 100 100 100 100 100 100 100 100 100 100 100 100 100 100 100 100 100 100 100 100 100 100 100 100 100 100 100 100 100 100 100 100 100 100 100 100 100 100 100 100 100 100 100 100 100 100 100 100 100 100 100 100 100 100 100 100 100 100 100 100 100 100 100 100 100 100 100 100 100 100 100 100 100 100 100 100 100 100 100 100 100 100 100 100 100 100 100 100 100 100 100 100 100 100 100 100 100 100 100 100 100 100 100 100 100 100 100 100 100 100 100 100 100 100 100 100 100 100 100 100 100 100 100 100 100 100 100 100 100 100 100 100 100 100 100 100 100 100 100 100 100 100 100 100 100 100 100 100 100 100 100 100 100 100 100 100 100 100 100 100 100 100 100 100 100 100 100 100 100 100 100 100 100 100 100 100 100 100 100 100 100 100 100 100 100 100 100 100 100 100 100 100 100 100 100 100 100 100 100 100 100 100 100 100 100 100 100 100 100 100 100 100 100 100 100 100 100 100 100 100 100 100 100 100 100 100 100 100 100 100 100 100 100 100 100 100 100 100 100 100 100 100 100 100 100 100 100 100 100 100 100 100 100 100 100 100 100 100 100 100 100 100 100 100 100 100 100 100 100 100 100 100 100 100 100 100 100 100 100 100 100 100 100 100 100 100 100 100 100 100 100 100 100 100 100 100 100 100 100 100 100 100 100 100 100 100 100 100 100 100 100 100 100 100 100 100 100 100 100 100 100 100 100 100 
6 14
0 0 0 0 0 0 0 0 0 0 1 1 1 1 1 1 1 0 0 0 0 0 0 2 2 2 2 2 2 0 0 1 1 1 1 1 2 3 3 4 5 5 6 4 4 3 3 2 1 2 2 2 2 5 5 4 4 5 5 4 3 3 3 1 1 0 0 0 0 1 1 1 1 1 2 1 1 1 2 2 1 1 1 1 1 1 0 0 0 1 1 2 2 2 2 2 1 0 0 0 0 0 0 1 1 1 1 1 1 0 1 1 2 2 2 3 3 2 1 1 2 1 1 1 1 1 2 2 1 1 1 2 1 1 1 1 1 0 1 2 5 5 5 7 6 5 5 4 4 4 2 2 2 1 1 0 1 1 1 1 1 1 1 0 0 0 0 0 0 0 0 0 1 1 1 1 1 1 1 0 0 0 1 1 1 1 1 1 1 1 0 0 0 1 1 1 1 3 5 4 4 5 5 5 5 3 3 3 3 2 2 2 2 1 0 0 1 2 3 3 3 3 3 2 1 0 0 0 0 1 1 2 2 3 4 4 3 2 2 1 1 1 2 3 3 3 3 3 2 2 1 1 0 2 2 2 2 2 2 0 0 0 0 0 0 0 0 0 0 0 1 1 1 2 2 2 2 2 2 2 1 1 1 1 1 0 0 1 1 2 2 2 3 3 3 4 3 4 4 3 2 2 2 1 1 1 1 1 1 0 1 1 1 2 2 2 1 2 3 5 5 5 5 6 5 2 2 2 3 3 3 4 3 4 5 5 5 5 6 5 5 4 4 3 3 2 1 1 0 1 1 1 1 1 1 0 1 1 1 1 1 1 0 1 1 1 1 1 1 0 1 1 1 1 1 1 0 0 0 0 1 1 1 2 2 2 1 2 2 1 1 1 1 1 0 0 0 0 1 1 1 1 1 1 0 0 0 0 0 1 1 2 2 2 2 1 3 3 4 4 4 6 7 6 5 5 4 1 0 1 2 2 2 3 3 2 2 3 2 1 1 1 1 0 0 0 2 2 2 2 2 2 1 1 1 1 1 0 0 1 1 1 1 1 1 1 0 0 0 0 0 0 0 0 0 0 0 0 0 0 0 0 0 0 0 0 0 0 1 1 2 3 3 3 3 2 3 2 1 1 1 1 4 5 5 5 4 4 3 2 3 3 3 3 4 3 4 5 3 3 2 2 3 3 3 2 2 2 2 1 1 1 1 1 1 1 2 1 1 1 1 1 1 1 1 1 1 1 1 3 3 3 3 2 3 3 3 2 2 2 2 2 1 0 0 0 0 0 0 0 0 0 0 0 0 0 0 0 1 1 1 1 1 1 1 1 2 2 2 3 3 2 2 1 1 0 0 0 0 0 0 0 0 0 0 2 2 2 2 3 4 3 2 3 4 4 3 3 2 2 2 3 2 2 2 2 2 3 1 4 4 4 4 4 4 4 3 4 3 3 2 2 2 3 2 2 2 2 2 2 2 2 1 1 2 3 2 2 2 2 2 2 0 0 0 0 0 0 0 0 0 0 
10 10 10 10 10 10 10 10 10 10 10 10 10 10 10 10 10 10 10 10 10 10 10 10 10 10 10 10 10 10 10 10 10 10 10 10 10 10 10 10 10 10 10 10 10 10 10 10 10 10 10 10 10 10 10 10 10 10 10 10 10 10 10 10 10 10 10 10 10 10 10 10 10 10 10 10 10 10 10 10 10 10 10 10 10 10 10 10 10 10 10 10 10 10 10 10 10 10 10 10 10 10 10 10 10 10 10 10 10 10 10 10 10 10 10 10 10 10 10 10 10 10 10 10 10 10 10 10 10 10 10 10 10 10 10 10 10 10 10 10 10 10 10 10 10 10 10 10 10 10 10 10 10 10 10 10 10 10 10 10 10 10 10 10 10 10 10 10 10 10 10 10 10 10 10 10 10 10 10 10 10 10 10 10 10 10 10 10 10 10 10 10 10 10 10 10 10 10 10 10 10 10 10 10 10 10 10 10 10 10 10 10 10 10 10 10 10 10 10 10 10 10 10 10 10 10 10 10 10 10 10 10 10 10 10 10 10 10 10 10 10 10 10 10 10 10 10 10 10 10 10 10 10 10 10 10 10 10 10 10 10 10 10 10 10 10 10 10 10 10 10 10 10 10 10 10 10 10 10 10 10 10 10 10 10 10 10 10 10 10 10 10 10 10 10 10 10 10 10 10 10 10 10 10 10 10 10 10 10 10 10 10 10 10 10 10 10 10 10 10 10 10 10 10 10 10 10 10 10 10 10 10 10 10 10 10 10 10 10 10 10 10 10 10 10 10 10 10 10 10 10 10 10 10 10 10 10 10 10 10 10 10 10 10 10 10 10 10 10 10 10 10 10 10 10 10 10 10 10 10 10 10 10 10 10 10 10 10 10 10 10 10 10 10 10 10 10 10 10 10 10 10 10 10 10 10 10 10 10 10 10 10 10 10 10 10 10 10 10 10 10 10 10 10 10 10 10 10 10 10 10 10 10 10 10 10 10 10 10 10 10 10 10 10 10 10 10 10 10 10 10 10 10 10 10 10 10 10 10 10 10 10 10 10 10 10 10 10 10 10 10 10 10 10 10 10 10 10 10 10 10 10 10 10 10 10 10 10 10 10 10 10 10 10 10 10 10 10 10 10 10 10 10 10 10 10 10 10 10 10 10 10 10 10 10 10 10 10 10 10 10 10 10 10 10 10 10 10 10 10 10 10 10 10 10 10 10 10 10 10 10 10 10 10 10 10 10 10 10 10 10 10 10 10 10 10 10 10 10 10 10 10 10 10 10 10 10 10 10 10 10 10 10 10 10 10 10 10 10 10 10 10 10 10 10 10 10 10 10 10 10 10 10 10 10 10 10 10 10 10 10 10 10 10 10 10 10 10 10 10 10 10 10 10 10 10 10 10 10 10 10 10 10 10 10 10 10 10 10 10 10 10 10 10 10 10 10 10 10 10 10 10 10 10 10 10 10 10 10 10 10 10 10 10 10 10 10 10 10 10 10 10 10 10 10 10 10 10 10 10 10 10 
100 100 100 100 100 100 100 100 100 100 100 100 100 100 100 100 100 100 100 100 100 100 100 100 100 100 100 100 100 100 100 100 100 100 100 100 100 100 100 100 100 100 100 100 100 100 100 100 100 100 100 100 100 100 100 100 100 100 100 100 100 100 100 100 100 100 100 100 100 100 100 100 100 100 100 100 100 100 100 100 100 100 100 100 100 100 100 100 100 100 100 100 100 100 100 100 100 100 100 100 100 100 100 100 100 100 100 100 100 100 100 100 100 100 100 100 100 100 100 100 100 100 100 100 100 100 100 100 100 100 100 100 100 100 100 100 100 100 100 100 100 100 100 100 100 100 100 100 100 100 100 100 100 100 100 100 100 100 100 100 100 100 100 100 100 100 100 100 100 100 100 100 100 100 100 100 100 100 100 100 100 100 100 100 100 100 100 100 100 100 100 100 100 100 100 100 100 100 100 100 100 100 100 100 100 100 100 100 100 100 100 100 100 100 100 100 100 100 100 100 100 100 100 100 100 100 100 100 100 100 100 100 100 100 100 100 100 100 100 100 100 100 100 100 100 100 100 100 100 100 100 100 100 100 100 100 100 100 100 100 100 100 100 100 100 100 100 100 100 100 100 100 100 100 100 100 100 100 100 100 100 100 100 100 100 100 100 100 100 100 100 100 100 100 100 100 100 100 100 100 100 100 100 100 100 100 100 100 100 100 100 100 100 100 100 100 100 100 100 100 100 100 100 100 100 100 100 100 100 100 100 100 100 100 100 100 100 100 100 100 100 100 100 100 100 100 100 100 100 100 100 100 100 100 100 100 100 100 100 100 100 100 100 100 100 100 100 100 100 100 100 100 100 100 100 100 100 100 100 100 100 100 100 100 100 100 100 100 100 100 100 100 100 100 100 100 100 100 100 100 100 100 100 100 100 100 100 100 100 100 100 100 100 100 100 100 100 100 100 100 100 100 100 100 100 100 100 100 100 100 100 100 100 100 100 100 100 100 100 100 100 100 100 100 100 100 100 100 100 100 100 100 100 100 100 100 100 100 100 100 100 100 100 100 100 100 100 100 100 100 100 100 100 100 100 100 100 100 100 100 100 100 100 100 100 100 100 100 100 100 100 100 100 100 100 100 100 100 100 100 100 100 100 100 100 100 100 100 100 100 100 100 100 100 100 100 100 100 100 100 100 100 100 100 100 100 100 100 100 100 100 100 100 100 100 100 100 100 100 100 100 100 100 100 100 100 100 100 100 100 100 100 100 100 100 100 100 100 100 100 100 100 100 100 100 100 100 100 100 100 100 100 100 100 100 100 100 100 100 100 100 100 100 100 100 100 100 100 100 100 100 100 100 100 100 100 100 100 100 100 100 100 100 100 100 100 100 100 100 100 100 100 100 100 100 100 100 100 100 100 100 100 100 100 100 100 100 100 100 100 100 100 100 100 100 100 100 100 100 100 100 100 100 100 100 100 100 100 100 100 100 100 100 100 100 100 100 100 100 100 100 100 100 100 100 100 100 100 100 100 100 100 
