4
Instancias/Problem_0_896.txt
                   1               64760               66070                1500                1500                   2
                   2               31030               55155             -976504                1500                   2
                   3               29600               52735             -917464                1500                   2
                   4               29600               52735             -861265                1500                   2
                   5               29285               52625             -805071                1500                   2
                   6               29175               52405             -749503                1500                   2
                   7               29175               52595             -694169                1500                   2
                   8               29080               52610             -638821                1500                   2
                   9               29080               52610             -603526                1500                   2
                  10               29080               52720             -548368                1500                   2
                  11               29080               52515             -493210                1500                   2
                  12               29080               51525             -438084                1500                   2
                  13               29080               51430             -386826                1500                   2
                  14               29080               51210             -331715                1500                   2
                  15               28750               51680             -276613                1500                   2
                  16               28750               52090             -229859                1500                   2
                  17               28545               51460             -175475                1500                   2
                  18               28090               50125             -132271                1500                   2
                  19               26745               48975            -83901.4                1500                   2
                  20               25865               48475              -50589                1500                   2
                  21               24970               47040            -23145.6                1500                   2
                  22               23680               46285              -14750                1500                   2
                  23               23145               45140            -12686.2                1500                   2
                  24               19215               64400             -110922                1500                   2
                  25               18885               63395            -78430.3                1500                   2
                  26               18775               63065            -53071.1                1500                   2
                  27               18555               62030            -28486.2                1500                   2
                  28               18240               58430            -15889.3                1500                   2
                  29               16480               45795            -7984.54                1500                   2
                  30               15475               57695              -35984                1500                   2
                  31               15475               56140            -18781.3                1500                   2
                  32               14580               47670            -8477.53                1500                   2
                  33               14125               41740            -5178.61                1500                   2
                  34               13795               40230            -4456.67                1500                   2
                  35               13370               28870            -2233.85                1500                   2
                  36               12805               48490            -6084.73                1500                   2
                  37               12725               38395            -3002.25                1500                   2
                  38               11515               44325            -3811.33                1500                   2
                  39               10885               54840            -5399.84                1500                   2
                  40               10665               39090            -2762.64                1500                   2
                  41               10555               48915            -5712.93                1500                   2
                  42               10460               39375            -2694.66                1500                   2
                  43               10350               42390            -2975.81                1500                   2
                  44                9910               42560            -4091.21                1500                   2
                  45                9910               61195            -10824.8                1500                   2
                  46                9910               49035            -5671.94                1500                   2
                  47                9455               41970            -2945.22                1500                   2
                  48                9330               63405            -12939.8                1500                   2
                  49                9330               56175            -6712.05                1500                   2
                  50                8860               39455            -3560.69                1500                   2
                  51                8750               36340            -1696.46                1500                   2
                  52                8750               61815            -13011.9                1500                   1
                  53                8750               59615            -9760.26                1500                   1
                  54                8750               48345            -3944.05                1500                   1
                  55                8625               36055            -1244.83                1500                   1
                  56                8515               46740            -2735.68                1500                   1
                  57                8405               34785            -775.921                1500                   1
                  58                8200               24020             238.695                1500                   1
                  59                8200               60510            -7255.88                1500                   1
                  60                8185               54915            -4434.81                1500                   1
                  61                8185               36720            -983.913                1500                   1
                  62                8185               46545            -2259.86                1500                   1
                  63                8075               39850            -486.429                1500                   1
                  64                7855               22645             487.453                1500                   1
                  65                7745               32855             140.883                1500                   1
                  66                7745               40210            -2126.31                1500                   1
                  67                7745               28125            -243.076                1500                   1
                  68                7745               54535            -4886.61                1500                   1
                  69                7745               46350            -2001.17                1500                   1
                  70                7745               28175             70.5324                1500                   1
                  71                7745               34145             340.026                1500                   1
                  72                7745               44815            -2362.69                1500                   1
                  73                7745               34445            -583.563                1500                   1
                  74                7745               51165            -2553.34                1500                   1
                  75                7745               31880            -229.533                1500                   1
                  76                7745               45930             -2402.3                1500                   1
                  77                7745               27230             385.871                1500                   1
                  78                7525               57275            -4365.27                1500                   1
                  79                7525               43020            -1248.47                1500                   1
                  80                7415               39125            -625.375                1500                   1
                  81                7415               39490            -633.609                1500                   1
                  82                7415               35150            -340.322                1500                   1
                  83                7415               41215            -1158.44                1500                   1
                  84                7415               29575           0.0736927                1500                   1
                  85                7320               44655            -1910.33                1500                   1
                  86                7320               31080            -352.364                1500                   1
                  87                7320               19595             606.138                1500                   1
                  88                7320               60490            -7172.09                1500                   1
                  89                7320               49840             -3902.6                1500                   1
                  90                7320               36800            -282.015                1500                   1
                  91                7225               41430            -926.474                1500                   1
                  92                7225               35700            -163.213                1500                   1
                  93                7195               42050            -1020.24                1500                   1
                  94                6880               37130             78.6541                1500                   1
                  95                6880               37365            -632.262                1500                   1
                  96                6880               25090             535.218                1500                   1
                  97                6880               54350            -4677.36                1500                   1
                  98                6880               49590            -2300.51                1500                   1
                  99                6880               31770             140.621                1500                   1
                 100                6880               45235            -1672.82                1500                   1
                 101                6880               31205            -67.6918                1500                   1
                 102                6880               47625            -1391.39                1500                   1
                 103                6880               30250             146.579                1500                 0.5
                 104                6880               29385             636.871                1500                 0.5
                 105                6880               35450             489.551                1500                 0.5
                 106                6880               26710             765.929                1500                 0.5
                 107                6880               40010            -68.5743                1500                 0.5
                 108                6880               24340             897.034                1500                 0.5
                 109                6880               35765              40.896                1500                 0.5
                 110                6880               30875              893.73                1500                 0.5
                 111                6880               28645             514.049                1500                 0.5
                 112                6880               19455             1088.63                1500                 0.5
                 113                6880               48320            -1165.19                1500                 0.5
                 114                6880               39270             92.4708                1500                 0.5
                 115                6880               31615             686.505                1500                 0.5
                 116                6880               20630              1174.4                1500                 0.5
                 117                6880               40855            -934.324                1500                 0.5
                 118                6880               32165             661.416                1500                 0.5
                 119                6880               33140             666.462                1500                 0.5
                 120                6880               20805             1141.43                1500                 0.5
                 121                6880               45415            -1323.01                1500                 0.5
                 122                6880               30880             595.787                1500                 0.5
                 123                6880               31600             783.956                1500                 0.5
                 124                6880               32385             603.739                1500                 0.5
                 125                6880               21150             1107.74                1500                 0.5
                 126                6880               17270             1334.77                1500                 0.5
                 127                6880               46335            -1855.04                1500                 0.5
                 128                6880               30685             49.5834                1500                 0.5
                 129                6880               29070              951.27                1500                 0.5
                 130                6880               30675             420.001                1500                 0.5
                 131                6880               26365             904.636                1500                 0.5
                 132                6880               43700            -109.069                1500                 0.5
                 133                6880               19125             1213.11                1500                 0.5
                 134                6880               46290            -1357.51                1500                 0.5
                 135                6880               37240             47.9977                1500                 0.5
                 136                6880               22565             905.965                1500                 0.5
                 137                6880               40775            -586.233                1500                 0.5
                 138                6880               21070             1129.86                1500                 0.5
                 139                6880               41720            -593.208                1500                 0.5
                 140                6880               27860             514.133                1500                 0.5
                 141                6880               22345             973.286                1500                 0.5
                 142                6880               32875             214.097                1500                 0.5
                 143                6880               25380             855.541                1500                 0.5
                 144                6880               39425             104.245                1500                 0.5
                 145                6880               28095             934.754                1500                 0.5
                 146                6880               32730             227.268                1500                 0.5
                 147                6880               21905             1016.91                1500                 0.5
                 148                6880               48540             -962.51                1500                 0.5
                 149                6880               27450             803.627                1500                 0.5
                 150                6880               29180             444.376                1500                 0.5
                 151                6880               29985             750.967                1500                 0.5
                 152                6880               36045             555.585                1500                 0.5
                 153                6880               24800              1008.8                1500                 0.5
                 154                6880               45800            -541.255                1500                0.25
                 155                6880               33360              591.87                1500                0.25
                 156                6880               24510             1276.68                1500                0.25
                 157                6880               23620             1094.84                1500                0.25
                 158                6880               24135             1169.47                1500                0.25
                 159                6880               24515              1163.8                1500                0.25
                 160                6880               16375             1391.55                1500                0.25
                 161                6880               41010             324.928                1500                0.25
                 162                6880               29145             923.324                1500                0.25
                 163                6880               19390              1378.7                1500                0.25
                 164                6880               26180             857.709                1500                0.25
                 165                6880               21135             1300.04                1500                0.25
                 166                6880               28615             1024.75                1500                0.25
                 167                6880               17175             1383.23                1500                0.25
                 168                6880               43840             208.273                1500                0.25
                 169                6880               27150             1191.39                1500                0.25
                 170                6880               20965             1303.62                1500                0.25
                 171                6880               28725             883.923                1500                0.25
                 172                6880               20335             1302.06                1500                0.25
                 173                6880               22705             1030.48                1500                0.25
                 174                6880               17255             1287.85                1500                0.25
                 175                6880               35595             839.118                1500                0.25
                 176                6880               19200             1341.43                1500                0.25
                 177                6880               38360             697.627                1500                0.25
                 178                6880               24075             1350.33                1500                0.25
                 179                6880               31620             1053.15                1500                0.25
                 180                6880               17930             1375.33                1500                0.25
                 181                6880               40715             665.052                1500                0.25
                 182                6880               17585             1289.06                1500                0.25
                 183                6880               14005             1452.32                1500                0.25
                 184                6880               39270             146.318                1500                0.25
                 185                6880               24935             1088.03                1500                0.25
                 186                6880               21935             1287.42                1500                0.25
                 187                6880               30060             946.862                1500                0.25
                 188                6880               17695             1427.61                1500                0.25
                 189                6880               39900             186.007                1500                0.25
                 190                6880               26480              1186.1                1500                0.25
                 191                6880               23305             1312.91                1500                0.25
                 192                6880               31145             1045.39                1500                0.25
                 193                6880               16515             1455.81                1500                0.25
                 194                6880               44285             445.332                1500                0.25
                 195                6880               23165             1219.33                1500                0.25
                 196                6880               28115             1155.28                1500                0.25
                 197                6880               24040             1323.92                1500                0.25
                 198                6880               15715              1524.1              1524.1                0.25
                 199                6880               41200             6.89983              1524.1                0.25
                 200                6880               33785             641.587              1524.1                0.25
                 201                6880               17915             1365.37              1524.1                0.25
                 202                6880               35720              610.45              1524.1                0.25
                 203                6880               17415             1352.31              1524.1                0.25
                 204                6880               30265             722.411              1524.1                0.25
                 205                6880               23115             1147.28              1524.1                0.25
                 206                6880               23130             1234.55              1524.1                0.25
                 207                6880               24985             1262.57              1524.1                0.25
                 208                6880               26340             1225.99              1524.1                0.25
                 209                6880               27735             1234.93              1524.1                0.25
                 210                6880               21025             1364.01              1524.1                0.25
                 211                6880               29780             1001.37              1524.1                0.25
                 212                6880               19140             1402.41              1524.1                0.25
                 213                6880               27280              781.74              1524.1                0.25
                 214                6880               20805             1185.83              1524.1                0.25
                 215                6880               28710             1102.66              1524.1                0.25
                 216                6880               19315             1483.93              1524.1                0.25
                 217                6880               36110             661.119              1524.1                0.25
                 218                6880               17835             1446.16              1524.1                0.25
                 219                6880               38815             638.488              1524.1                0.25
                 220                6880               19725             1342.93              1524.1                0.25
                 221                6880               27955             1064.69              1524.1                0.25
                 222                6880               21765             1405.23              1524.1                0.25
                 223                6880               30890             854.841              1524.1                0.25
                 224                6880               18430             1308.67              1524.1                0.25
                 225                6880               29515             1010.38              1524.1                0.25
                 226                6880               20745             1380.69              1524.1                0.25
                 227                6880               14335             1552.89             1552.89                0.25
                 228                6880               46690            -437.457             1552.89                0.25
                 229                6880               32545             679.485             1552.89                0.25
                 230                6880               21875             1296.35             1552.89                0.25
                 231                6880               31630             1048.38             1552.89                0.25
                 232                6880               20385             1403.28             1552.89                0.25
                 233                6880               34995             801.912             1552.89                0.25
                 234                6880               18620              1487.3             1552.89                0.25
                 235                6880               39160              486.79             1552.89                0.25
                 236                6880               28945             1061.16             1552.89                0.25
                 237                6880               19580             1372.84             1552.89                0.25
                 238                6880               34535             717.947             1552.89                0.25
                 239                6880               26430             1204.23             1552.89                0.25
                 240                6880               21750             1330.51             1552.89                0.25
                 241                6880               26240              1140.4             1552.89                0.25
                 242                6880               24075             1388.21             1552.89                0.25
                 243                6880               26415             1209.02             1552.89                0.25
                 244                6880               24625             1273.04             1552.89                0.25
                 245                6880               18200             1510.32             1552.89                0.25
                 246                6880               35370             590.539             1552.89                0.25
                 247                6880               23555              1123.5             1552.89                0.25
                 248                6880               21450             1380.26             1552.89                0.25
                 249                6880               30675             978.036             1552.89                0.25
                 250                6880               16420             1437.72             1552.89                0.25
                 251                6880               38940             543.956             1552.89                0.25
                 252                6880               20605             1310.82             1552.89                0.25
                 253                6880               32950             1014.92             1552.89                0.25
                 254                6880               19295             1432.08             1552.89                0.25
                 255                6880               40965             671.869             1552.89                0.25
                 256                6880               16235             1388.85             1552.89                0.25
                 257                6880               12055             1502.57             1552.89                0.25
                 258                6880               38025            -264.758             1552.89                0.25
                 259                6880               34570             354.289             1552.89                0.25
                 260                6880               22395             1119.87             1552.89                0.25
                 261                6880               29165             1146.32             1552.89                0.25
                 262                6880               20445             1370.02             1552.89                0.25
                 263                6880               39140             666.669             1552.89                0.25
                 264                6880               28000              1200.4             1552.89                0.25
                 265                6880               17820              1398.3             1552.89                0.25
                 266                6880               41230              436.34             1552.89                0.25
                 267                6880               23950             1350.24             1552.89                0.25
                 268                6880               20475             1192.26             1552.89                0.25
                 269                6880               24910             1202.02             1552.89                0.25
                 270                6880               17425             1401.47             1552.89                0.25
                 271                6880               42600              472.46             1552.89                0.25
                 272                6880               29670             1047.68             1552.89                0.25
                 273                6880               19170             1424.87             1552.89                0.25
                 274                6880               36430             561.161             1552.89                0.25
                 275                6880               18245             1373.78             1552.89                0.25
                 276                6880               32055             782.864             1552.89                0.25
                 277                6880               18905             1473.15             1552.89                0.25
                 278                6880               31145             980.239             1552.89               0.125
                 279                6880               17115             1387.22             1552.89               0.125
                 280                6880               20855              1432.2             1552.89               0.125
                 281                6880               14145             1515.61             1552.89               0.125
                 282                6880               29905             1239.14             1552.89               0.125
                 283                6880               18575             1468.23             1552.89               0.125
                 284                6880               17790              1511.3             1552.89               0.125
                 285                6880               27485              1365.8             1552.89               0.125
                 286                6880               15290             1605.63             1605.63               0.125
                 287                6880               10120             1662.55             1662.55               0.125
                 288                6880               25740             958.525             1662.55               0.125
                 289                6880               20130             1379.42             1662.55               0.125
                 290                6880               17995             1439.98             1662.55               0.125
                 291                6880               19645             1487.23             1662.55               0.125
                 292                6880               20745             1504.18             1662.55               0.125
                 293                6880               16390              1518.2             1662.55               0.125
                 294                6880               24830             1435.44             1662.55               0.125
                 295                6880               14130              1621.1             1662.55               0.125
                 296                6880               24560              1130.4             1662.55               0.125
                 297                6880               23100             1289.21             1662.55               0.125
                 298                6880               16625             1630.09             1662.55               0.125
                 299                6880               27375             1308.24             1662.55               0.125
                 300                6880               15105             1581.35             1662.55               0.125
                 301                6880               32530             1132.02             1662.55               0.125
                 302                6880               17900             1541.68             1662.55               0.125
                 303                6880               12055             1633.03             1662.55               0.125
                 304                6880               27515             1091.17             1662.55               0.125
                 305                6880               14850             1488.82             1662.55               0.125
                 306                6880               14900             1563.73             1662.55               0.125
                 307                6880               28745             1260.03             1662.55               0.125
                 308                6880               17695             1601.36             1662.55               0.125
                 309                6880               27595             1308.82             1662.55               0.125
                 310                6880               17555             1620.55             1662.55               0.125
                 311                6880               20680              1393.8             1662.55               0.125
                 312                6880               17745             1592.74             1662.55               0.125
                 313                6880               20460             1416.78             1662.55               0.125
                 314                6880               17050              1531.3             1662.55               0.125
                 315                6880               25570             1398.85             1662.55               0.125
                 316                6880               14820             1611.05             1662.55               0.125
                 317                6880               31510             1089.88             1662.55               0.125
                 318                6880               17665             1588.85             1662.55               0.125
                 319                6880               18325             1492.13             1662.55               0.125
                 320                6880               22065              1486.1             1662.55               0.125
                 321                6880               17085             1574.63             1662.55               0.125
                 322                6880               25380             1354.64             1662.55               0.125
                 323                6880               12275             1601.29             1662.55               0.125
                 324                6880               31555             1035.69             1662.55               0.125
                 325                6880               24625             1314.48             1662.55               0.125
                 326                6880               16000             1499.16             1662.55               0.125
                 327                6880               26165              1309.3             1662.55               0.125
                 328                6880               13720             1650.23             1662.55               0.125
                 329                6880               30155             1180.98             1662.55               0.125
                 330                6880               17160             1539.17             1662.55               0.125
                 331                6880               18405             1426.63             1662.55               0.125
                 332                6880               12245             1596.19             1662.55               0.125
                 333                6880               12260             1632.79             1662.55               0.125
                 334                6880               28835             1020.35             1662.55               0.125
                 335                6880               22440             1287.86             1662.55               0.125
                 336                6880               18010             1421.65             1662.55               0.125
                 337                6880               23510             1487.42             1662.55               0.125
                 338                6880               15355             1598.81             1662.55              0.0625
                 339                6880               22695             1575.51             1662.55              0.0625
                 340                6880               12040             1686.24             1686.24              0.0625
                 341                6880               28475             1391.35             1686.24              0.0625
                 342                6880               15780              1619.3             1686.24              0.0625
                 343                6880               14350             1651.11             1686.24              0.0625
                 344                6880               20490             1545.86             1686.24              0.0625
                 345                6880               13830             1706.31             1706.31              0.0625
                 346                6880               23165             1514.96             1706.31              0.0625
                 347                6880               14995             1677.63             1706.31              0.0625
                 348                6880               26545             1476.13             1706.31              0.0625
                 349                6880               22505              1584.4             1706.31              0.0625
                 350                6880               13815             1681.09             1706.31              0.0625
                 351                6880               23085             1485.89             1706.31              0.0625
                 352                6880               12135             1691.12             1706.31              0.0625
                 353                6880               18735             1515.55             1706.31              0.0625
                 354                6880               15590              1691.6             1706.31              0.0625
                 355                6880               26135             1485.44             1706.31              0.0625
                 356                6880               20055             1591.19             1706.31              0.0625
                 357                6880               13895             1693.63             1706.31              0.0625
                 358                6880               19975             1528.35             1706.31              0.0625
                 359                6880               13125             1677.67             1706.31              0.0625
                 360                6880               21955             1525.81             1706.31              0.0625
                 361                6880               12635             1684.29             1706.31              0.0625
                 362                6880               22915              1476.3             1706.31              0.0625
                 363                6880               19490             1586.91             1706.31              0.0625
                 364                6880               13280             1687.16             1706.31              0.0625
                 365                6880               22380             1551.28             1706.31              0.0625
                 366                6880               17350             1672.67             1706.31              0.0625
                 367                6880               20260             1598.68             1706.31              0.0625
                 368                6880               14570             1699.44             1706.31              0.0625
                 369                6880               24265             1526.99             1706.31              0.0625
                 370                6880               11440             1694.88             1706.31              0.0625
                 371                6880               10280             1720.81             1720.81              0.0625
                 372                6880               19770             1437.97             1720.81              0.0625
                 373                6880               17885             1511.25             1720.81              0.0625
                 374                6880               13280             1682.65             1720.81              0.0625
                 375                6880               21045             1567.63             1720.81              0.0625
                 376                6880               12715             1673.61             1720.81              0.0625
                 377                6880               25270             1499.42             1720.81              0.0625
                 378                6880               14600             1688.84             1720.81              0.0625
                 379                6880               23540             1515.25             1720.81              0.0625
                 380                6880               20650             1593.23             1720.81              0.0625
                 381                6880               12730             1702.96             1720.81              0.0625
                 382                6880               25600             1499.92             1720.81              0.0625
                 383                6880               14995             1694.88             1720.81              0.0625
                 384                6880               22300              1552.1             1720.81              0.0625
                 385                6880               19000                1631             1720.81              0.0625
                 386                6880               16565             1674.43             1720.81              0.0625
                 387                6880               20225              1608.5             1720.81              0.0625
                 388                6880               15985             1690.52             1720.81              0.0625
                 389                6880               21625             1544.58             1720.81              0.0625
                 390                6880               13925             1693.67             1720.81              0.0625
                 391                6880               21185             1584.45             1720.81              0.0625
                 392                6880               12260             1713.57             1720.81              0.0625
                 393                6880               25820             1410.84             1720.81              0.0625
                 394                6880               21985             1538.47             1720.81              0.0625
                 395                6880               13045             1695.72             1720.81              0.0625
                 396                6880               23370             1493.91             1720.81              0.0625
                 397                6880               15340             1682.69             1720.81              0.0625
                 398                6880               11740             1712.27             1720.81              0.0625
                 399                6880               27000             1455.33             1720.81              0.0625
                 400                6880               17320             1648.59             1720.81              0.0625
                 401                6880               16940             1658.57             1720.81              0.0625
                 402                6880               16990             1660.33             1720.81              0.0625
                 403                6880               16235             1668.15             1720.81              0.0625
                 404                6880               19030             1653.05             1720.81              0.0625
                 405                6880               14225             1678.01             1720.81              0.0625
                 406                6880               21500             1573.31             1720.81              0.0625
                 407                6880               13815             1646.04             1720.81              0.0625
                 408                6880               20160             1609.35             1720.81              0.0625
                 409                6880               14680             1683.66             1720.81              0.0625
                 410                6880                9935             1731.56             1731.56              0.0625
                 411                6880               30550             1323.75             1731.56              0.0625
                 412                6880               19520             1564.74             1731.56              0.0625
                 413                6880               15495             1691.73             1731.56              0.0625
                 414                6880               19785             1562.74             1731.56              0.0625
                 415                6880               17350             1638.97             1731.56              0.0625
                 416                6880               15950             1653.96             1731.56              0.0625
                 417                6880               19975             1623.81             1731.56              0.0625
                 418                6880               16015             1681.68             1731.56              0.0625
                 419                6880               20290             1561.61             1731.56              0.0625
                 420                6880               15465             1648.72             1731.56              0.0625
                 421                6880               19110             1640.11             1731.56              0.0625
                 422                6880               13705             1680.35             1731.56              0.0625
                 423                6880               23760             1566.33             1731.56              0.0625
                 424                6880               20820             1649.37             1731.56              0.0625
                 425                6880               17130             1697.16             1731.56              0.0625
                 426                6880               20995             1605.78             1731.56              0.0625
                 427                6880               14145             1703.63             1731.56              0.0625
                 428                6880               23495             1502.85             1731.56              0.0625
                 429                6880               12055             1706.54             1731.56              0.0625
                 430                6880               24705             1523.19             1731.56              0.0625
                 431                6880               18560             1605.17             1731.56              0.0625
                 432                6880               16565             1688.15             1731.56              0.0625
                 433                6880               19940             1594.18             1731.56              0.0625
                 434                6880               15400             1670.09             1731.56              0.0625
                 435                6880               16705             1658.51             1731.56              0.0625
                 436                6880               19410             1618.08             1731.56              0.0625
                 437                6880               13045             1695.69             1731.56              0.0625
                 438                6880               20415              1570.2             1731.56              0.0625
                 439                6880               16110             1697.15             1731.56              0.0625
                 440                6880               24925             1543.32             1731.56              0.0625
                 441                6880               10690             1719.73             1731.56              0.0625
                 442                6880               21340             1472.71             1731.56              0.0625
                 443                6880               16000             1585.25             1731.56              0.0625
                 444                6880               16015             1676.22             1731.56              0.0625
                 445                6880               21955             1580.44             1731.56              0.0625
                 446                6880               13015             1695.32             1731.56              0.0625
                 447                6880               27015             1465.68             1731.56              0.0625
                 448                6880               16185             1673.78             1731.56              0.0625
                 449                6880               15450             1658.63             1731.56              0.0625
                 450                6880               18515             1593.76             1731.56              0.0625
                 451                6880               16835              1679.7             1731.56              0.0625
                 452                6880               20255             1611.17             1731.56              0.0625
                 453                6880               12935              1689.7             1731.56              0.0625
                 454                6880               20150             1570.32             1731.56              0.0625
                 455                6880               12620             1713.26             1731.56              0.0625
                 456                6880               23320              1499.6             1731.56              0.0625
                 457                6880               13420             1685.93             1731.56              0.0625
                 458                6880               12400             1719.54             1731.56              0.0625
                 459                6880               18955                1475             1731.56              0.0625
                 460                6880               17965             1566.42             1731.56              0.0625
                 461                6880               16250             1675.25             1731.56             0.03125
                 462                6880               11585             1742.54             1742.54             0.03125
                 463                6880               19205             1655.44             1742.54             0.03125
                 464                6880               14570             1738.89             1742.54             0.03125
                 465                6880               18765             1674.29             1742.54             0.03125
                 466                6880               15025              1715.3             1742.54             0.03125
                 467                6880               16940             1714.05             1742.54             0.03125
                 468                6880               11490             1738.07             1742.54             0.03125
                 469                6880               21185             1667.34             1742.54             0.03125
                 470                6880               11270              1745.1              1745.1             0.03125
                 471                6880               16940             1669.33              1745.1             0.03125
                 472                6880               11915             1737.85              1745.1             0.03125
                 473                6880                9085             1760.12             1760.12             0.03125
                 474                6880               19535             1632.26             1760.12             0.03125
                 475                6880               14020             1710.64             1760.12             0.03125
                 476                6880               16800             1698.75             1760.12             0.03125
                 477                6880               12825             1737.08             1760.12             0.03125
                 478                6880               19880             1693.99             1760.12             0.03125
                 479                6880               12120             1755.16             1760.12             0.03125
                 480                6880               23590             1623.89             1760.12             0.03125
                 481                6880               20210             1691.19             1760.12             0.03125
                 482                6880               15025             1738.77             1760.12             0.03125
                 483                6880               17585             1707.09             1760.12             0.03125
                 484                6880               12590             1753.63             1760.12             0.03125
                 485                6880               22000             1642.68             1760.12             0.03125
                 486                6880               13360             1744.65             1760.12             0.03125
                 487                6880               10015             1753.62             1760.12             0.03125
                 488                6880               21970             1596.76             1760.12             0.03125
                 489                6880               14835              1715.6             1760.12             0.03125
                 490                6880               17380             1723.12             1760.12             0.03125
                 491                6880               14145             1747.58             1760.12             0.03125
                 492                6880               22050             1678.05             1760.12             0.03125
                 493                6880               11065             1756.83             1760.12             0.03125
                 494                6880               22820             1645.05             1760.12             0.03125
                 495                6880               18450             1697.28             1760.12             0.03125
                 496                6880               16125             1739.31             1760.12             0.03125
                 497                6880               13375             1762.53             1762.53             0.03125
                 498                6880               18120             1680.49             1762.53             0.03125
                 499                6880               14475             1716.52             1762.53             0.03125
                 500                6880               14410             1722.92             1762.53             0.03125
                 501                6880               14650             1733.82             1762.53             0.03125
                 502                6880               17270             1732.47             1762.53             0.03125
                 503                6880               10845             1748.66             1762.53             0.03125
                 504                6880               17460             1659.35             1762.53             0.03125
                 505                6880               12730             1743.26             1762.53             0.03125
                 506                6880               20525             1691.46             1762.53             0.03125
                 507                6880               13595             1753.77             1762.53             0.03125
                 508                6880               21830             1688.34             1762.53             0.03125
                 509                6880               16425             1753.54             1762.53             0.03125
                 510                6880               16455              1719.5             1762.53             0.03125
                 511                6880               12965              1747.1             1762.53             0.03125
                 512                6880               18420             1675.16             1762.53             0.03125
                 513                6880               13140             1749.99             1762.53             0.03125
                 514                6880               21200             1669.88             1762.53             0.03125
                 515                6880               12700             1756.01             1762.53             0.03125
                 516                6880               23700             1649.51             1762.53             0.03125
                 517                6880               13170             1738.49             1762.53             0.03125
                 518                6880               16815             1700.79             1762.53             0.03125
                 519                6880               14035             1731.74             1762.53             0.03125
                 520                6880               21735             1688.79             1762.53             0.03125
                 521                6880               17115             1742.24             1762.53             0.03125
                 522                6880               15355             1733.51             1762.53             0.03125
                 523                6880               10595             1754.89             1762.53             0.03125
                 524                6880               23950             1635.73             1762.53             0.03125
                 525                6880               15085             1748.98             1762.53             0.03125
                 526                6880               16690              1715.3             1762.53             0.03125
                 527                6880               15135             1733.11             1762.53             0.03125
                 528                6880               12260             1747.89             1762.53             0.03125
                 529                6880               19235             1659.24             1762.53             0.03125
                 530                6880               11805             1755.26             1762.53             0.03125
                 531                6880               16580              1698.9             1762.53             0.03125
                 532                6880               15480             1729.99             1762.53             0.03125
                 533                6880               16220             1717.39             1762.53             0.03125
                 534                6880               14020             1757.26             1762.53             0.03125
                 535                6880               17710             1692.41             1762.53             0.03125
                 536                6880               15400             1728.14             1762.53             0.03125
                 537                6880               16455             1725.63             1762.53             0.03125
                 538                6880               14285             1753.07             1762.53             0.03125
                 539                6880               16565             1700.12             1762.53             0.03125
                 540                6880               12905             1753.82             1762.53             0.03125
                 541                6880               14680             1702.96             1762.53             0.03125
                 542                6880               13580              1758.2             1762.53             0.03125
                 543                6880               19015             1685.47             1762.53             0.03125
                 544                6880               16250             1721.21             1762.53             0.03125
                 545                6880               18120             1730.95             1762.53             0.03125
                 546                6880               12620             1747.14             1762.53             0.03125
                 547                6880               19250             1681.12             1762.53             0.03125
                 548                6880               12195             1756.09             1762.53            0.015625
                 549                6880               12605             1762.16             1762.53            0.015625
                 550                6880               13720              1767.3              1767.3            0.015625
                 551                6880               14365             1759.66              1767.3            0.015625
                 552                6880               17570             1769.63             1769.63            0.015625
                 553                6880               11520             1779.37             1779.37            0.015625
                 554                6880               15735             1743.45             1779.37            0.015625
                 555                6880               14175              1769.3             1779.37            0.015625
                 556                6880               14335             1767.24             1779.37            0.015625
                 557                6880               13360             1768.79             1779.37            0.015625
                 558                6880               13125             1758.98             1779.37            0.015625
                 559                6880               14565             1763.28             1779.37            0.015625
                 560                6880               11550             1781.47             1781.47            0.015625
                 561                6880               14115              1744.7             1781.47            0.015625
                 562                6880               12560             1774.95             1781.47            0.015625
                 563                6880               14975             1752.61             1781.47            0.015625
                 564                6880               11880             1770.12             1781.47            0.015625
                 565                6880               13580             1743.77             1781.47            0.015625
                 566                6880               13580             1759.09             1781.47            0.015625
                 567                6880               11865             1776.95             1781.47            0.015625
                 568                6880               14255             1756.61             1781.47            0.015625
                 569                6880               10610             1782.63             1782.63            0.015625
                 570                6880               20195             1694.85             1782.63            0.015625
                 571                6880               18090              1732.3             1782.63            0.015625
                 572                6880               12385             1774.02             1782.63            0.015625
                 573                6880               14270              1759.3             1782.63            0.015625
                 574                6880               10610             1777.02             1782.63            0.015625
                 575                6880               17460             1740.87             1782.63            0.015625
                 576                6880               13595             1761.51             1782.63            0.015625
                 577                6880               11835             1771.68             1782.63            0.015625
                 578                6880               14395             1767.27             1782.63            0.015625
                 579                6880               13170             1771.16             1782.63            0.015625
                 580                6880               19300             1757.75             1782.63            0.015625
                 581                6880                9445             1782.17             1782.63            0.015625
                 582                6880               15985             1711.22             1782.63            0.015625
                 583                6880               13220             1743.94             1782.63            0.015625
                 584                6880               13845             1776.55             1782.63            0.015625
                 585                6880               15670             1753.79             1782.63            0.015625
                 586                6880               15355             1769.03             1782.63            0.015625
                 587                6880               17380             1765.58             1782.63            0.015625
                 588                6880               13955             1778.65             1782.63            0.015625
                 589                6880               16030             1760.31             1782.63            0.015625
                 590                6880               14915             1778.41             1782.63            0.015625
                 591                6880               18830             1763.78             1782.63            0.015625
                 592                6880                9620              1784.1              1784.1            0.015625
                 593                6880               22050             1709.41              1784.1            0.015625
                 594                6880               21155             1729.85              1784.1            0.015625
                 595                6880               13515             1769.98              1784.1            0.015625
                 596                6880               15025             1764.07              1784.1            0.015625
                 597                6880               14760             1776.36              1784.1            0.015625
                 598                6880               18010             1757.96              1784.1            0.015625
                 599                6880               14945             1775.66              1784.1            0.015625
                 600                6880               15670             1757.73              1784.1            0.015625
                 601                6880               15510             1778.18              1784.1            0.015625
                 602                6880               15655             1765.11              1784.1            0.015625
                 603                6880               16265             1777.66              1784.1            0.015625
                 604                6880               13830             1776.95              1784.1            0.015625
                 605                6880               18985             1756.83              1784.1            0.015625
                 606                6880               15700             1770.51              1784.1            0.015625
                 607                6880               15905             1766.93              1784.1            0.015625
                 608                6880               14725              1777.7              1784.1            0.015625
                 609                6880               13800             1771.78              1784.1            0.015625
                 610                6880               16535                1760              1784.1            0.015625
                 611                6880               10940             1784.39             1784.39            0.015625
                 612                6880               16030             1730.74             1784.39            0.015625
                 613                6880               14600             1750.45             1784.39            0.015625
                 614                6880               12240             1781.94             1784.39            0.015625
                 615                6880                9085             1792.54             1792.54            0.015625
                 616                6880               19520             1708.95             1792.54            0.015625
                 617                6880               17320             1735.16             1792.54            0.015625
                 618                6880               11380                1768             1792.54            0.015625
                 619                6880               12165             1768.72             1792.54            0.015625
                 620                6880               15165             1763.16             1792.54            0.015625
                 621                6880               10875             1776.24             1792.54            0.015625
                 622                6880               19975             1737.06             1792.54            0.015625
                 623                6880               15055             1764.44             1792.54            0.015625
                 624                6880               12715             1785.13             1792.54            0.015625
                 625                6880               17665             1751.92             1792.54            0.015625
                 626                6880               13280             1782.85             1792.54            0.015625
                 627                6880               13375             1766.41             1792.54            0.015625
                 628                6880               15715             1768.46             1792.54            0.015625
                 629                6880               12685             1784.54             1792.54            0.015625
                 630                6880               17680             1738.94             1792.54            0.015625
                 631                6880               11475             1778.85             1792.54            0.015625
                 632                6880               16125             1755.49             1792.54            0.015625
                 633                6880               13800              1778.6             1792.54            0.015625
                 634                6880               18670             1756.66             1792.54            0.015625
                 635                6880               11835             1776.91             1792.54            0.015625
                 636                6880                9305             1787.85             1792.54            0.015625
                 637                6880               20760             1718.16             1792.54            0.015625
                 638                6880               14380             1762.07             1792.54            0.015625
                 639                6880               13705             1770.09             1792.54            0.015625
                 640                6880               16345             1768.32             1792.54            0.015625
                 641                6880                9950             1774.45             1792.54            0.015625
                 642                6880               10640             1786.64             1792.54            0.015625
                 643                6880               19630             1705.99             1792.54            0.015625
                 644                6880               19190             1742.89             1792.54            0.015625
                 645                6880               14115             1778.63             1792.54            0.015625
                 646                6880               17820              1748.8             1792.54            0.015625
                 647                6880               16155             1766.86             1792.54            0.015625
                 648                6880               11725             1778.58             1792.54            0.015625
                 649                6880               16880             1748.14             1792.54            0.015625
                 650                6880               12070             1782.64             1792.54            0.015625
                 651                6880               19615             1741.61             1792.54            0.015625
                 652                6880               11315              1784.3             1792.54            0.015625
                 653                6880               21970             1723.74             1792.54            0.015625
                 654                6880               18560             1752.18             1792.54            0.015625
                 655                6880               14050             1780.17             1792.54            0.015625
                 656                6880               16425             1760.53             1792.54            0.015625
                 657                6880               13675             1777.88             1792.54            0.015625
                 658                6880               10170             1785.25             1792.54            0.015625
                 659                6880               22285             1716.74             1792.54            0.015625
                 660                6880               13735             1773.48             1792.54            0.015625
                 661                6880               15150             1766.44             1792.54            0.015625
                 662                6880               15025             1774.51             1792.54            0.015625
                 663                6880               13785             1771.82             1792.54            0.015625
                 664                6880               16595             1775.43             1792.54            0.015625
                 665                6880               11995             1780.26             1792.54            0.015625
                 666                6880               18480              1733.6             1792.54           0.0078125
Lagrangian Relaxation Time: 6.64784 s.
Tried aggregator 1 time.
MIP Presolve eliminated 315 rows and 730 columns.
MIP Presolve modified 63 coefficients.
Reduced MIP has 745 rows, 3206 columns, and 31228 nonzeros.
Reduced MIP has 1916 binaries, 0 generals, 0 SOSs, and 0 indicators.
Presolve time = 0.06 sec. (9.17 ticks)
Probing time = 0.01 sec. (2.84 ticks)
Tried aggregator 1 time.
MIP Presolve eliminated 46 rows and 92 columns.
Reduced MIP has 699 rows, 3114 columns, and 30508 nonzeros.
Reduced MIP has 1916 binaries, 0 generals, 0 SOSs, and 0 indicators.
Presolve time = 0.08 sec. (11.07 ticks)
Probing time = 0.02 sec. (2.81 ticks)
Clique table members: 100.
MIP emphasis: integer feasibility.
MIP search method: dynamic search.
Parallel mode: none, using 1 thread.
Root relaxation solution time = 1.24 sec. (280.44 ticks)

        Nodes                                         Cuts/
   Node  Left     Objective  IInf  Best Integer    Best Bound    ItCnt     Gap

      0     0     1821.2500    93                   1821.2500     2409         
*     0+    0                         4605.0000     1821.2500            60.45%
      0     0     1836.1406   174     4605.0000      Fract: 9     2845   60.13%
*     0+    0                         2830.0000     1836.1406            35.12%
      0     2     1836.1406   152     2830.0000     1836.1406     2845   35.12%
Elapsed time = 5.00 sec. (1088.59 ticks, tree = 0.01 MB, solutions = 2)
      3     5     1846.4156   188     2830.0000     1836.2215     4755   35.12%
      4     6     1896.1607   154     2830.0000     1846.4460     5692   34.75%
      5     7     1853.1041   196     2830.0000     1846.4460     5872   34.75%
*     6     2      integral     0     1890.0000     1846.4460     6206    2.30%
      6     2     1890.0000     0     1890.0000     1853.1041     6206    1.95%
      7     3     1853.1041   197     1890.0000     1853.1041     6867    1.95%
      8     4     1883.7288   156     1890.0000     1853.1041     8531    1.95%
      9     5     1854.1408   187     1890.0000     1853.1041     9085    1.95%
     10     6     1881.8056   160     1890.0000     1854.1408     9942    1.90%
     11     7     1877.0455   155     1890.0000     1854.1408    10370    1.90%
     12     8     1868.7536   180     1890.0000     1868.7536    10601    1.12%
Elapsed time = 9.29 sec. (2164.17 ticks, tree = 0.06 MB, solutions = 3)

Gomory fractional cuts applied:  5

Root node processing (before b&c):
  Real time             =    4.90 sec. (1070.53 ticks)
Sequential b&c:
  Real time             =    4.50 sec. (1122.55 ticks)
                          ------------
Total (root+branch&cut) =    9.40 sec. (2193.08 ticks)

Root node processing (before b&c):
  Real time             =    0.00 sec. (0.55 ticks)
Sequential b&c:
  Real time             =    0.00 sec. (0.00 ticks)
                          ------------
Total (root+branch&cut) =    0.00 sec. (0.55 ticks)
Best Solution Found: 1890
Optimality Gap: 0.0543692
Solution is feasible
Total Time: 16.0106 s.
Best Solution: 1890
SubProblem Destroyed
...done!
