4
Instancias/Problem_0_369.txt
                   1               64880               65300                1500                1500                   2
                   2               29715               66105        -1.11047e+06                1500                   2
                   3               29385               65665        -1.05405e+06                1500                   2
                   4               29385               65335             -998283                1500                   2
                   5               29385               65350             -942521                1500                   2
                   6               29370               65980             -886769                1500                   2
                   7               29370               65635             -831033                1500                   2
                   8               29370               65745             -775293                1500                   2
                   9               29040               66420             -719564                1500                   2
                  10               29040               66420             -667816                1500                   2
                  11               29040               66200             -616408                1500                   2
                  12               29040               66530             -561655                1500                   2
                  13               28835               65555             -507223                1500                   2
                  14               28630               64470             -452577                1500                   2
                  15               28630               64250             -399586                1500                   2
                  16               28630               64250             -345331                1500                   2
                  17               28630               64030             -313521                1500                   2
                  18               28630               63605             -259277                1500                   2
                  19               28410               62300             -205029                1500                   2
                  20               28190               61515             -161406                1500                   2
                  21               27970               61185             -108178                1500                   2
                  22               27970               60760            -78210.1                1500                   2
                  23               26540               59345            -42492.7                1500                   2
                  24               24890               57415            -29201.9                1500                   2
                  25               23035               54420            -19918.9                1500                   2
                  26               21540               51920            -15879.3                1500                   2
                  27               18630               48005            -12844.9                1500                   2
                  28               17845               43815            -9011.16                1500                   2
                  29               17030               44015            -7278.23                1500                   2
                  30               16355               46705            -7499.96                1500                   2
                  31               16025               51135            -8823.51                1500                   2
                  32               14500               66765            -26253.7                1500                   2
                  33               13840               62365            -15157.6                1500                   2
                  34               12945               50865            -4980.63                1500                   2
                  35               12835               48830            -3596.87                1500                   2
                  36               12790               53670            -5128.58                1500                   2
                  37               12475               53185            -5045.59                1500                   2
                  38               11785               43250            -2540.83                1500                   2
                  39               11485               49740            -4107.73                1500                   2
                  40               11375               45405            -2297.07                1500                   2
                  41               10840               58290             -8109.3                1500                   2
                  42               10730               44810            -4002.21                1500                   2
                  43               10715               46205            -1966.64                1500                   2
                  44               10400               49835            -2760.93                1500                   2
                  45               10165               45460            -1876.51                1500                   2
                  46               10165               66790            -19001.2                1500                   2
                  47               10165               61510            -10031.1                1500                   2
                  48               10165               52835            -4037.96                1500                   2
                  49                9835               44630            -1816.48                1500                   2
                  50                9615               60635              -13078                1500                   2
                  51                9395               55825            -7359.24                1500                   2
                  52                9395               51125               -3672                1500                   1
                  53                9395               42825            -1721.67                1500                   1
                  54                9395               54775            -2531.68                1500                   1
                  55                9395               39840             -798.66                1500                   1
                  56                9395               32045              186.09                1500                   1
                  57                9380               65460            -7403.66                1500                   1
                  58                9380               54320            -3714.96                1500                   1
                  59                9270               43815            -978.085                1500                   1
                  60                9050               42385             182.916                1500                   1
                  61                9050               51190            -3762.69                1500                   1
                  62                9050               40910            -1103.76                1500                   1
                  63                9050               33275             355.644                1500                   1
                  64                8735               34940             258.356                1500                   1
                  65                8515               27180             966.161                1500                   1
                  66                8515               54290             -6986.1                1500                   1
                  67                8515               45770            -2583.04                1500                   1
                  68                8515               41270            -1193.31                1500                   1
                  69                8515               50120            -1889.54                1500                   1
                  70                8515               37960             -90.621                1500                   1
                  71                8515               32885             648.126                1500                   1
                  72                8515               58090            -5729.33                1500                   1
                  73                8515               43660            -792.445                1500                   1
                  74                8515               51945            -1451.82                1500                   1
                  75                8515               36860            -318.319                1500                   1
                  76                8515               52575             -1885.7                1500                   1
                  77                8310               34340              579.03                1500                   1
                  78                8215               58540            -5139.21                1500                   1
                  79                8215               48170            -1968.68                1500                   1
                  80                8010               40185            -40.1713                1500                   1
                  81                8010               27590             981.287                1500                   1
                  82                8010               59990            -7401.75                1500                   1
                  83                8010               52225            -4033.45                1500                   1
                  84                8010               50840            -2464.15                1500                   1
                  85                7900               39470            -277.923                1500                   1
                  86                7790               49275            -1508.91                1500                   1
                  87                7790               34890              305.38                1500                   1
                  88                7790               48430            -2179.98                1500                   1
                  89                7775               38905            -7.92669                1500                   1
                  90                7775               48690            -1109.23                1500                   1
                  91                7775               34300             29.8414                1500                   1
                  92                7775               29995             997.817                1500                   1
                  93                7775               32005             743.628                1500                   1
                  94                7775               58245            -4640.21                1500                   1
                  95                7775               46115            -1601.18                1500                   1
                  96                7775               35395             269.731                1500                   1
                  97                7775               54670            -2476.15                1500                   1
                  98                7775               37520             342.862                1500                   1
                  99                7775               53220            -2035.15                1500                   1
                 100                7775               36430             302.121                1500                   1
                 101                7775               31925             847.425                1500                   1
                 102                7775               47905            -2675.94                1500                   1
                 103                7775               43760            -370.119                1500                 0.5
                 104                7775               31520             727.615                1500                 0.5
                 105                7775               44775            -307.654                1500                 0.5
                 106                7775               28730                1319                1500                 0.5
                 107                7775               48835            -823.193                1500                 0.5
                 108                7775               32790             1137.57                1500                 0.5
                 109                7775               44290            -248.418                1500                 0.5
                 110                7775               30435             1096.99                1500                 0.5
                 111                7775               44335             26.4347                1500                 0.5
                 112                7775               33420             1237.82                1500                 0.5
                 113                7775               43930            -44.2699                1500                 0.5
                 114                7775               27995             1475.21                1500                 0.5
                 115                7775               53315             -1495.5                1500                 0.5
                 116                7775               44950             288.389                1500                 0.5
                 117                7775               33580              1117.3                1500                 0.5
                 118                7775               22455                1467                1500                 0.5
                 119                7775               50215            -1801.39                1500                 0.5
                 120                7775               38005            -191.548                1500                 0.5
                 121                7775               28770             1059.85                1500                 0.5
                 122                7775               46100             111.481                1500                 0.5
                 123                7665               30545             1223.73                1500                 0.5
                 124                7665               47810            -52.8003                1500                 0.5
                 125                7665               28795             1342.61                1500                 0.5
                 126                7665               45490            -74.1495                1500                 0.5
                 127                7665               27370             1198.58                1500                 0.5
                 128                7665               23490             1663.37             1663.37                 0.5
                 129                7665               43130            -1163.88             1663.37                 0.5
                 130                7665               33640              401.65             1663.37                 0.5
                 131                7665               37190             792.944             1663.37                 0.5
                 132                7665               38495              753.74             1663.37                 0.5
                 133                7665               22990             1473.16             1663.37                 0.5
                 134                7665               19595             1737.56             1737.56                 0.5
                 135                7665               57100            -2529.54             1737.56                 0.5
                 136                7665               48975            -1201.73             1737.56                 0.5
                 137                7665               33625             745.535             1737.56                 0.5
                 138                7665               29165             1308.34             1737.56                 0.5
                 139                7665               43840            -192.648             1737.56                 0.5
                 140                7665               36155             941.413             1737.56                 0.5
                 141                7665               39265             707.851             1737.56                 0.5
                 142                7665               32585             1086.97             1737.56                 0.5
                 143                7665               22220             1589.71             1737.56                 0.5
                 144                7665               53965            -2358.37             1737.56                 0.5
                 145                7665               42115             155.373             1737.56                 0.5
                 146                7665               35715             1263.13             1737.56                 0.5
                 147                7665               44410             382.628             1737.56                 0.5
                 148                7665               28205             1408.89             1737.56                 0.5
                 149                7665               44500            -409.954             1737.56                 0.5
                 150                7665               31375             1177.68             1737.56                 0.5
                 151                7665               41545             422.891             1737.56                 0.5
                 152                7665               29660             1359.62             1737.56                 0.5
                 153                7665               20995             1735.27             1737.56                 0.5
                 154                7665               53565            -2839.95             1737.56                 0.5
                 155                7665               46980            -878.057             1737.56                 0.5
                 156                7665               34095              870.31             1737.56                 0.5
                 157                7665               43355             441.658             1737.56                 0.5
                 158                7665               28185             1431.58             1737.56                 0.5
                 159                7665               22000             1671.77             1737.56                 0.5
                 160                7665               49590            -1693.89             1737.56                 0.5
                 161                7665               37585            -178.087             1737.56                 0.5
                 162                7665               34025             1168.46             1737.56                 0.5
                 163                7665               43120             446.158             1737.56                 0.5
                 164                7665               32315             1338.62             1737.56                 0.5
                 165                7665               46230             73.8447             1737.56                 0.5
                 166                7665               31895              1253.7             1737.56                 0.5
                 167                7665               42295             672.003             1737.56                 0.5
                 168                7665               31940             1185.05             1737.56                 0.5
                 169                7665               41075             547.959             1737.56                 0.5
                 170                7665               28725             1424.08             1737.56                 0.5
                 171                7665               47165            -514.065             1737.56                 0.5
                 172                7665               39730             666.616             1737.56                 0.5
                 173                7665               33060             1328.63             1737.56                 0.5
                 174                7665               46805             359.736             1737.56                 0.5
                 175                7665               25595             1430.17             1737.56                 0.5
                 176                7665               18780             1675.01             1737.56                 0.5
                 177                7665               52605               -3358             1737.56                 0.5
                 178                7665               49085            -1549.58             1737.56                 0.5
                 179                7665               35020             474.449             1737.56                 0.5
                 180                7665               37600             1089.43             1737.56                 0.5
                 181                7665               33530             990.204             1737.56                 0.5
                 182                7665               21715              1645.7             1737.56                 0.5
                 183                7665               50030            -1805.36             1737.56                 0.5
                 184                7665               42945            -200.371             1737.56                 0.5
                 185                7665               30405             1006.13             1737.56                0.25
                 186                7665               23885             1620.45             1737.56                0.25
                 187                7665               38415             1136.74             1737.56                0.25
                 188                7665               25765             1696.63             1737.56                0.25
                 189                7665               31710             1059.35             1737.56                0.25
                 190                7665               26035             1622.17             1737.56                0.25
                 191                7665               36655             1393.84             1737.56                0.25
                 192                7665               28760              1703.4             1737.56                0.25
                 193                7665               38385             1194.11             1737.56                0.25
                 194                7665               28060             1682.94             1737.56                0.25
                 195                7665               29745                1509             1737.56                0.25
                 196                7665               33670             1517.79             1737.56                0.25
                 197                7665               22815             1806.77             1806.77                0.25
                 198                7665               40445             875.705             1806.77                0.25
                 199                7665               30875             1459.77             1806.77                0.25
                 200                7665               26960              1720.5             1806.77                0.25
                 201                7665               34980             1412.17             1806.77                0.25
                 202                7665               26695             1758.76             1806.77                0.25
                 203                7665               13895             1906.64             1906.64                0.25
                 204                7665               13640             1968.35             1968.35                0.25
                 205                7665               43090            -85.3009             1968.35                0.25
                 206                7665               35470             592.847             1968.35                0.25
                 207                7665               27390             1329.25             1968.35                0.25
                 208                7665               36095             1275.74             1968.35                0.25
                 209                7665               22250             1746.91             1968.35                0.25
                 210                7665               42100             762.716             1968.35                0.25
                 211                7665               32625             1432.72             1968.35                0.25
                 212                7665               25330             1685.57             1968.35                0.25
                 213                7665               14680             1913.79             1968.35                0.25
                 214                7665               49465            -680.591             1968.35                0.25
                 215                7665               45080             383.951             1968.35                0.25
                 216                7665               31015              1514.6             1968.35                0.25
                 217                7665               29335             1566.89             1968.35                0.25
                 218                7665               33595              1503.4             1968.35                0.25
                 219                7665               20835             1886.05             1968.35                0.25
                 220                7665               41010             1001.04             1968.35                0.25
                 221                7665               21135             1754.37             1968.35                0.25
                 222                7665               21655             1894.96             1968.35                0.25
                 223                7665               38295             829.539             1968.35                0.25
                 224                7665               24875             1741.19             1968.35                0.25
                 225                7665               42960             1143.53             1968.35                0.25
                 226                7665               29825             1549.56             1968.35                0.25
                 227                7665               30055             1651.75             1968.35                0.25
                 228                7665               18890             1917.23             1968.35                0.25
                 229                7665               36375             980.134             1968.35                0.25
                 230                7665               25000             1583.64             1968.35                0.25
                 231                7665               35420             1472.53             1968.35                0.25
                 232                7665               25865             1828.54             1968.35                0.25
                 233                7665               37740             1235.63             1968.35                0.25
                 234                7665               24905             1801.89             1968.35                0.25
                 235                7665               39440             1042.12             1968.35                0.25
                 236                7665               34725             1534.49             1968.35                0.25
                 237                7665               27265             1711.96             1968.35                0.25
                 238                7665               35855             1551.16             1968.35                0.25
                 239                7665               27125             1757.71             1968.35                0.25
                 240                7665               15450             1963.16             1968.35                0.25
                 241                7665               47740            -311.445             1968.35                0.25
                 242                7665               40855             724.684             1968.35                0.25
                 243                7665               27810             1476.18             1968.35                0.25
                 244                7665               21230             1757.98             1968.35                0.25
                 245                7665               35890             1017.31             1968.35                0.25
                 246                7665               30830             1444.48             1968.35                0.25
                 247                7665               28785             1724.27             1968.35                0.25
                 248                7665               34130             1524.02             1968.35                0.25
                 249                7665               25835             1713.75             1968.35                0.25
                 250                7665               33385              1423.6             1968.35                0.25
                 251                7665               21670             1869.77             1968.35                0.25
                 252                7665               16500             1978.29             1978.29                0.25
                 253                7665               45900              116.33             1978.29                0.25
                 254                7665               37605             793.337             1978.29                0.25
                 255                7665               27780             1600.79             1978.29                0.25
                 256                7665               35845             1469.74             1978.29                0.25
                 257                7665               29795             1792.17             1978.29                0.25
                 258                7665               40565             1264.78             1978.29                0.25
                 259                7665               31170             1703.39             1978.29                0.25
                 260                7665               31335             1612.12             1978.29                0.25
                 261                7665               35730             1649.36             1978.29                0.25
                 262                7665               21060             1766.51             1978.29                0.25
                 263                7665               14445             1946.69             1978.29                0.25
                 264                7665               15105             1998.21             1998.21                0.25
                 265                7665               45900            -246.373             1998.21                0.25
                 266                7665               38045             588.529             1998.21                0.25
                 267                7665               30435             1413.35             1998.21                0.25
                 268                7665               20460             1717.32             1998.21                0.25
                 269                7665               33470             1067.84             1998.21                0.25
                 270                7665               23130             1809.88             1998.21                0.25
                 271                7665               32385             1261.09             1998.21                0.25
                 272                7665               29305             1688.51             1998.21                0.25
                 273                7665               15825             1958.93             1998.21                0.25
                 274                7665               52150            -255.619             1998.21                0.25
                 275                7665               43460             590.763             1998.21                0.25
                 276                7665               27715             1453.78             1998.21                0.25
                 277                7665               31265             1692.64             1998.21                0.25
                 278                7665               18040             1932.09             1998.21                0.25
                 279                7540               44280             397.905             1998.21                0.25
                 280                7540               40540              1001.5             1998.21                0.25
                 281                7540               23840             1748.92             1998.21                0.25
                 282                7540               37070             1442.09             1998.21                0.25
                 283                7540               25975             1806.88             1998.21                0.25
                 284                7540               19140             1926.57             1998.21                0.25
                 285                7540               43210             545.738             1998.21                0.25
                 286                7540               34945             1284.69             1998.21                0.25
                 287                7540               31855             1670.78             1998.21                0.25
                 288                7540               34835             1609.38             1998.21                0.25
                 289                7540               29985             1754.32             1998.21                0.25
                 290                7540               27655             1644.43             1998.21                0.25
                 291                7540               31790             1630.18             1998.21                0.25
                 292                7540               18545             1956.75             1998.21                0.25
                 293                7540               15420             2007.87             2007.87                0.25
                 294                7540               49355            -443.577             2007.87                0.25
                 295                7540               45725             244.848             2007.87                0.25
                 296                7540               34395             1208.98             2007.87                0.25
                 297                7540               22895             1823.12             2007.87                0.25
                 298                7540               44715             998.651             2007.87                0.25
                 299                7540               33245             1531.37             2007.87                0.25
                 300                7540               23995             1860.17             2007.87                0.25
                 301                7540               39740             1342.85             2007.87                0.25
                 302                7540               28850             1767.87             2007.87                0.25
                 303                7540               37400             1464.74             2007.87                0.25
                 304                7540               22615              1823.6             2007.87                0.25
                 305                7540               41470              1212.6             2007.87                0.25
                 306                7540               26980              1720.5             2007.87                0.25
                 307                7540               38850             1504.65             2007.87                0.25
                 308                7540               24120             1870.36             2007.87                0.25
                 309                7540               15310             1958.15             2007.87                0.25
                 310                7540               13280             2008.85             2008.85                0.25
                 311                7540               44215            -111.127             2008.85                0.25
                 312                7540               36155             551.376             2008.85                0.25
                 313                7540               32385             1424.43             2008.85                0.25
                 314                7540               38470             1431.79             2008.85                0.25
                 315                7540               29700             1682.52             2008.85                0.25
                 316                7540               46545             1236.36             2008.85                0.25
                 317                7540               28000             1768.46             2008.85                0.25
                 318                7540               28805             1474.09             2008.85                0.25
                 319                7540               27355             1844.07             2008.85                0.25
                 320                7540               39335             1211.66             2008.85                0.25
                 321                7540               29325             1714.36             2008.85                0.25
                 322                7540               30515                1537             2008.85                0.25
                 323                7540               19740             1944.15             2008.85                0.25
                 324                7540               48760             458.098             2008.85                0.25
                 325                7540               39160             1088.29             2008.85                0.25
                 326                7540               25490             1847.37             2008.85                0.25
                 327                7540               36635             1460.14             2008.85                0.25
                 328                7540               22030              1883.9             2008.85                0.25
                 329                7540               42550             900.333             2008.85                0.25
                 330                7540               33610             1435.24             2008.85                0.25
                 331                7540               31270             1786.28             2008.85                0.25
                 332                7540               30245             1597.77             2008.85                0.25
                 333                7540               23700             1835.89             2008.85                0.25
                 334                7540               38105             1156.09             2008.85                0.25
                 335                7540               28490             1672.23             2008.85                0.25
                 336                7540               34035             1627.11             2008.85                0.25
                 337                7540               16645             1996.87             2008.85                0.25
                 338                7540               44500            -108.259             2008.85                0.25
                 339                7540               40540             541.087             2008.85                0.25
                 340                7540               31635             1551.87             2008.85                0.25
                 341                7540               32385              1724.6             2008.85                0.25
                 342                7540               18450             1964.95             2008.85                0.25
                 343                7540               18650             1993.45             2008.85                0.25
                 344                7540               35260             864.216             2008.85                0.25
                 345                7540               28695             1373.04             2008.85                0.25
                 346                7540               34080             1611.57             2008.85                0.25
                 347                7540               35245             1618.16             2008.85                0.25
                 348                7540               17930              1953.8             2008.85                0.25
                 349                7540               43025             421.374             2008.85                0.25
                 350                7540               31350             1372.66             2008.85                0.25
                 351                7540               26400             1806.78             2008.85                0.25
                 352                7540               35230             1437.42             2008.85                0.25
                 353                7540               24530             1860.57             2008.85                0.25
                 354                7540               45680             786.092             2008.85                0.25
                 355                7540               35465             1548.09             2008.85                0.25
                 356                7540               24530             1828.98             2008.85                0.25
                 357                7540               41295             1291.14             2008.85                0.25
                 358                7540               24170             1805.69             2008.85                0.25
                 359                7540               18040             2019.87             2019.87                0.25
                 360                7540               42130             328.601             2019.87                0.25
                 361                7540               38435             998.798             2019.87                0.25
                 362                7540               26460             1629.59             2019.87                0.25
                 363                7540               37935             1405.66             2019.87                0.25
                 364                7540               24170             1878.56             2019.87                0.25
                 365                7540               39880             1230.37             2019.87                0.25
                 366                7540               25190             1724.12             2019.87                0.25
                 367                7540               34320             1554.93             2019.87                0.25
                 368                7540               24165             1841.87             2019.87                0.25
                 369                7540               15165             1979.52             2019.87                0.25
                 370                7540               10675             2052.29             2052.29                0.25
                 371                7540               50405            -1394.35             2052.29                0.25
                 372                7540               50405            -521.633             2052.29                0.25
                 373                7540               43850             400.152             2052.29                0.25
                 374                7540               33885             1108.91             2052.29                0.25
                 375                7540               28740             1661.34             2052.29                0.25
                 376                7540               30405              1336.8             2052.29                0.25
                 377                7540               26775             1779.57             2052.29                0.25
                 378                7540               41580             1266.28             2052.29                0.25
                 379                7540               25850             1866.59             2052.29                0.25
                 380                7540               43135              998.06             2052.29                0.25
                 381                7540               35025             1556.73             2052.29                0.25
                 382                7540               25990             1820.97             2052.29                0.25
                 383                7540               16000             1984.64             2052.29                0.25
                 384                7540               50475            -360.768             2052.29                0.25
                 385                7540               47160             360.933             2052.29                0.25
                 386                7540               32920             1524.76             2052.29                0.25
                 387                7540               26915             1751.95             2052.29                0.25
                 388                7540               15915             1999.75             2052.29                0.25
                 389                7540               42270             55.4528             2052.29                0.25
                 390                7540               37650             760.126             2052.29                0.25
                 391                7540               30090             1643.76             2052.29                0.25
                 392                7540               23525             1840.76             2052.29                0.25
                 393                7540               35875             1168.56             2052.29                0.25
                 394                7540               25675             1798.14             2052.29                0.25
                 395                7540               41750             1333.36             2052.29                0.25
                 396                7540               25440             1842.29             2052.29                0.25
                 397                7540               45505             1023.87             2052.29                0.25
                 398                7540               36815             1491.33             2052.29                0.25
                 399                7540               22535             1895.72             2052.29                0.25
                 400                7540               46890             942.673             2052.29                0.25
                 401                7540               30185             1762.81             2052.29                0.25
                 402                7540               28900             1542.25             2052.29                0.25
                 403                7540               22455             1890.63             2052.29                0.25
                 404                7540               50390             797.443             2052.29                0.25
                 405                7540               38950             1497.41             2052.29                0.25
                 406                7540               25255             1889.34             2052.29                0.25
                 407                7540               43175             1112.42             2052.29                0.25
                 408                7540               35400             1606.94             2052.29                0.25
                 409                7540               20880             1970.43             2052.29                0.25
                 410                7540               38440             950.962             2052.29                0.25
                 411                7540               25220             1777.96             2052.29                0.25
                 412                7540               42050             1253.63             2052.29                0.25
                 413                7540               28990             1714.64             2052.29                0.25
                 414                7540               30125             1675.61             2052.29                0.25
                 415                7540               30675             1804.28             2052.29                0.25
                 416                7540               32480             1632.96             2052.29                0.25
                 417                7540               22800             1885.97             2052.29                0.25
                 418                7540               39490             1046.44             2052.29                0.25
                 419                7540               27765             1676.58             2052.29                0.25
                 420                7540               36240             1583.54             2052.29                0.25
                 421                7540               18465             1983.79             2052.29               0.125
                 422                7540               35280             1671.03             2052.29               0.125
                 423                7540               12905             2028.45             2052.29               0.125
                 424                7540               41835              1177.9             2052.29               0.125
                 425                7540               27550             1759.47             2052.29               0.125
                 426                7540               17760             2012.64             2052.29               0.125
                 427                7540               36255             1488.22             2052.29               0.125
                 428                7540               27330             1898.73             2052.29               0.125
                 429                7540               18310             2039.83             2052.29               0.125
                 430                7540               11790             2103.33             2103.33               0.125
                 431                7540               11255             2121.16             2121.16               0.125
                 432                7540               12135             2118.36             2121.16               0.125
                 433                7540               41140             826.778             2121.16               0.125
                 434                7540               37465             1335.48             2121.16               0.125
                 435                7540               23795             1769.16             2121.16               0.125
                 436                7540               23275             1904.37             2121.16               0.125
                 437                7540               27690              1874.3             2121.16               0.125
                 438                7540               17445             2048.37             2121.16               0.125
                 439                7540               34695             1641.09             2121.16               0.125
                 440                7540               19030             2026.89             2121.16               0.125
                 441                7540               34445             1683.89             2121.16               0.125
                 442                7540               22300             1952.98             2121.16               0.125
                 443                7540               23590             2009.31             2121.16               0.125
                 444                7540               31730              1859.9             2121.16               0.125
                 445                7540               18985             2084.15             2121.16               0.125
                 446                7540               34445             1717.86             2121.16               0.125
                 447                7540               22125             2018.21             2121.16               0.125
                 448                7540               34965             1693.54             2121.16               0.125
                 449                7540               31085             1895.91             2121.16               0.125
                 450                7540               15230             2089.41             2121.16               0.125
                 451                7540               34885             1414.14             2121.16               0.125
                 452                7540               29905             1721.69             2121.16               0.125
                 453                7540               20695             2058.64             2121.16               0.125
                 454                7540               32390             1618.42             2121.16               0.125
                 455                7540               28100             1890.47             2121.16               0.125
                 456                7540               22235             1984.24             2121.16               0.125
                 457                7540               13800             2085.53             2121.16               0.125
                 458                7540               39505             1157.05             2121.16               0.125
                 459                7540               38090             1436.57             2121.16               0.125
                 460                7540               27030             1954.97             2121.16               0.125
                 461                7540               28490              1985.8             2121.16               0.125
                 462                7540               26575             1948.94             2121.16               0.125
                 463                7540               16235             2123.76             2123.76               0.125
                 464                7540               34350             1449.86             2123.76               0.125
                 465                7540               29920             1727.59             2123.76               0.125
                 466                7540               22975             2036.39             2123.76               0.125
                 467                7540                9260             2128.36             2128.36               0.125
                 468                7540                9700             2146.53             2146.53               0.125
                 469                7540               40325             632.887             2146.53               0.125
                 470                7540               39100             1021.31             2146.53               0.125
                 471                7540               31180             1599.19             2146.53               0.125
                 472                7540               20150             1895.93             2146.53               0.125
                 473                7540               14555             1994.69             2146.53               0.125
                 474                7540               34040             1590.38             2146.53               0.125
                 475                7540               21340             2013.48             2146.53               0.125
                 476                7540               28175             1851.66             2146.53               0.125
                 477                7540               20320             2062.07             2146.53               0.125
                 478                7540               37905             1615.53             2146.53               0.125
                 479                7540               29970             1930.74             2146.53               0.125
                 480                7540               22380             1982.64             2146.53               0.125
                 481                7540               14570             2106.28             2146.53               0.125
                 482                7540               12670             2135.23             2146.53               0.125
                 483                7540               39460              1122.7             2146.53               0.125
                 484                7540               35310              1497.4             2146.53               0.125
                 485                7540               23555             1904.81             2146.53               0.125
                 486                7540               28285             1963.23             2146.53               0.125
                 487                7540               16645             2102.37             2146.53               0.125
                 488                7540               37890             1343.84             2146.53               0.125
                 489                7540               34165             1683.25             2146.53               0.125
                 490                7540               22330             2011.19             2146.53               0.125
                 491                7540               29575             1837.83             2146.53               0.125
                 492                7540               19300             2021.37             2146.53               0.125
                 493                7540               33910             1741.73             2146.53               0.125
                 494                7540               25125             1957.39             2146.53               0.125
                 495                7540               21215             2005.79             2146.53               0.125
                 496                7540               27880             1902.87             2146.53               0.125
                 497                7540               16990             2092.72             2146.53               0.125
                 498                7540               30295             1745.06             2146.53               0.125
                 499                7540               23605             1938.09             2146.53               0.125
                 500                7540               25755             1988.79             2146.53               0.125
                 501                7540               17680             2063.98             2146.53               0.125
                 502                7540               32735             1711.72             2146.53               0.125
                 503                7540               19380             2074.76             2146.53               0.125
                 504                7540               31095             1705.34             2146.53               0.125
                 505                7540               26130             2021.46             2146.53               0.125
                 506                7540               25445             1922.65             2146.53               0.125
                 507                7540               16330             2102.06             2146.53               0.125
                 508                7540               36140             1309.56             2146.53               0.125
                 509                7540               33155              1593.6             2146.53               0.125
                 510                7540               30295             1746.33             2146.53               0.125
                 511                7540               19645             2066.67             2146.53               0.125
                 512                7540               38140             1661.14             2146.53               0.125
                 513                7540               18640             2054.26             2146.53               0.125
                 514                7540               29765             1736.59             2146.53               0.125
                 515                7540               25035             1949.26             2146.53               0.125
                 516                7540               26290             2017.18             2146.53               0.125
                 517                7540               19975             2052.74             2146.53               0.125
                 518                7540               37355             1668.28             2146.53               0.125
                 519                7540               31840             1920.68             2146.53              0.0625
Lagrangian Relaxation Time: 3.54701 s.
Tried aggregator 1 time.
MIP Presolve eliminated 333 rows and 770 columns.
MIP Presolve modified 21 coefficients.
Reduced MIP has 727 rows, 3364 columns, and 34280 nonzeros.
Reduced MIP has 2110 binaries, 0 generals, 0 SOSs, and 0 indicators.
Presolve time = 0.01 sec. (9.23 ticks)
Probing time = 0.00 sec. (2.90 ticks)
Tried aggregator 1 time.
MIP Presolve eliminated 45 rows and 90 columns.
Reduced MIP has 682 rows, 3274 columns, and 33626 nonzeros.
Reduced MIP has 2110 binaries, 0 generals, 0 SOSs, and 0 indicators.
Presolve time = 0.02 sec. (12.02 ticks)
Probing time = 0.00 sec. (2.87 ticks)
Clique table members: 100.
MIP emphasis: integer feasibility.
MIP search method: dynamic search.
Parallel mode: none, using 1 thread.
Root relaxation solution time = 0.32 sec. (319.46 ticks)

        Nodes                                         Cuts/
   Node  Left     Objective  IInf  Best Integer    Best Bound    ItCnt     Gap

      0     0     2305.7795   165                   2305.7795     2395         
*     0+    0                         7235.0000     2305.7795            68.13%
      0     0     2307.2408   165     7235.0000      Fract: 1     2576   68.11%
*     0+    0                         7030.0000     2307.2408            67.18%
*     0+    0                         3400.0000     2307.2408            32.14%
      0     2     2307.2408   165     3400.0000     2307.2603     2576   32.14%
Elapsed time = 1.15 sec. (983.54 ticks, tree = 0.01 MB, solutions = 3)
      4     6     2317.9078   161     3400.0000     2315.2521     3989   31.90%
      5     7     2322.3163   220     3400.0000     2315.2521     4288   31.90%
      6     8     2322.8409   141     3400.0000     2315.2521     4710   31.90%
      7     9     2323.3824   133     3400.0000     2315.2521     4758   31.90%
      8    10     2324.0000    85     3400.0000     2315.2521     4831   31.90%
      9    11     2324.9692   162     3400.0000     2315.2521     4947   31.90%
     10    12     2328.5294   136     3400.0000     2315.2521     5413   31.90%
     11    13     2335.0000   124     3400.0000     2315.2521     5544   31.90%
     12    14     2345.8108   158     3400.0000     2315.2521     5933   31.90%
     20    22     2395.0000   113     3400.0000     2315.2521     8277   31.90%
Elapsed time = 2.17 sec. (1990.87 ticks, tree = 0.11 MB, solutions = 3)
*    34    34      integral     0     2515.0000     2315.2521    13411    7.94%
     37    35     2317.1154   145     2515.0000     2315.2521    15112    7.94%
     38    36     2317.9032   147     2515.0000     2315.2521    15349    7.94%
     39    37     2323.7342   118     2515.0000     2315.2521    15663    7.94%
     40    38     2323.7342   118     2515.0000     2315.2521    15666    7.94%
     41    39     2328.0000   122     2515.0000     2315.2521    16009    7.94%
     42    40     2345.6522   119     2515.0000     2315.2521    16483    7.94%
*    43    15      integral     0     2330.0000     2315.2521    16616    0.63%
     43    15     2330.0000     0     2330.0000     2315.2521    16616    0.63%

Gomory fractional cuts applied:  1

Root node processing (before b&c):
  Real time             =    1.13 sec. (965.35 ticks)
Sequential b&c:
  Real time             =    2.52 sec. (2372.34 ticks)
                          ------------
Total (root+branch&cut) =    3.64 sec. (3337.69 ticks)

Root node processing (before b&c):
  Real time             =    0.00 sec. (0.82 ticks)
Sequential b&c:
  Real time             =    0.00 sec. (0.00 ticks)
                          ------------
Total (root+branch&cut) =    0.00 sec. (0.82 ticks)
Best Solution Found: 2330
Optimality Gap: 0.0854738
Solution is feasible
Total Time: 7.19094 s.
Best Solution: 2330
SubProblem Destroyed
...done!
