4
Instancias/Problem_0_896.txt
                   1               64760               66070                1500                1500                   2
                   2               31030               55155             -976504                1500                   2
                   3               29600               52735             -917464                1500                   2
                   4               29600               52735             -861265                1500                   2
                   5               29285               52625             -805071                1500                   2
                   6               29175               52405             -749503                1500                   2
                   7               29175               52595             -694169                1500                   2
                   8               29080               52610             -638821                1500                   2
                   9               29080               52610             -603526                1500                   2
                  10               29080               52720             -548368                1500                   2
                  11               29080               52515             -493210                1500                   2
                  12               29080               51525             -438084                1500                   2
                  13               29080               51430             -386826                1500                   2
                  14               29080               51210             -331715                1500                   2
                  15               28750               51680             -276613                1500                   2
                  16               28750               52090             -229859                1500                   2
                  17               28545               51460             -175475                1500                   2
                  18               28090               50125             -132271                1500                   2
                  19               26745               48975            -83901.4                1500                   2
                  20               25865               48475              -50589                1500                   2
                  21               24970               47040            -23145.6                1500                   2
                  22               23680               46285              -14750                1500                   2
                  23               23145               45140            -12686.2                1500                   2
                  24               19215               64400             -110922                1500                   2
                  25               18885               63395            -78430.3                1500                   2
                  26               18775               63065            -53071.1                1500                   2
                  27               18555               62030            -28486.2                1500                   2
                  28               18240               58430            -15889.3                1500                   2
                  29               16480               45795            -7984.54                1500                   2
                  30               15475               57695              -35984                1500                   2
                  31               15475               56140            -18781.3                1500                   2
                  32               14580               47670            -8477.53                1500                   2
                  33               14125               41740            -5178.61                1500                   2
                  34               13795               40230            -4456.67                1500                   2
                  35               13370               28870            -2233.85                1500                   2
                  36               12805               48490            -6084.73                1500                   2
                  37               12725               38395            -3002.25                1500                   2
                  38               11515               44325            -3811.33                1500                   2
                  39               10885               54840            -5399.84                1500                   2
                  40               10665               39090            -2762.64                1500                   2
                  41               10555               48915            -5712.93                1500                   2
                  42               10460               39375            -2694.66                1500                   2
                  43               10350               42390            -2975.81                1500                   2
                  44                9910               42560            -4091.21                1500                   2
                  45                9910               61195            -10824.8                1500                   2
                  46                9910               49035            -5671.94                1500                   2
                  47                9455               41970            -2945.22                1500                   2
                  48                9330               63405            -12939.8                1500                   2
                  49                9330               56175            -6712.05                1500                   2
                  50                8860               39455            -3560.69                1500                   2
                  51                8750               36340            -1696.46                1500                   2
                  52                8750               61815            -13011.9                1500                   1
                  53                8750               59615            -9760.26                1500                   1
                  54                8750               48345            -3944.05                1500                   1
                  55                8625               36055            -1244.83                1500                   1
                  56                8515               46740            -2735.68                1500                   1
                  57                8405               34785            -775.921                1500                   1
                  58                8200               24020             238.695                1500                   1
                  59                8200               60510            -7255.88                1500                   1
                  60                8185               54915            -4434.81                1500                   1
                  61                8185               36720            -983.913                1500                   1
                  62                8185               46545            -2259.86                1500                   1
                  63                8075               39850            -486.429                1500                   1
                  64                7855               22645             487.453                1500                   1
                  65                7745               32855             140.883                1500                   1
                  66                7745               40210            -2126.31                1500                   1
                  67                7745               28125            -243.076                1500                   1
                  68                7745               54535            -4886.61                1500                   1
                  69                7745               46350            -2001.17                1500                   1
                  70                7745               28175             70.5324                1500                   1
                  71                7745               34145             340.026                1500                   1
                  72                7745               44815            -2362.69                1500                   1
                  73                7745               34445            -583.563                1500                   1
                  74                7745               51165            -2553.34                1500                   1
                  75                7745               31880            -229.533                1500                   1
                  76                7745               45930             -2402.3                1500                   1
                  77                7745               27230             385.871                1500                   1
                  78                7525               57275            -4365.27                1500                   1
                  79                7525               43020            -1248.47                1500                   1
                  80                7415               39125            -625.375                1500                   1
                  81                7415               39490            -633.609                1500                   1
                  82                7415               35150            -340.322                1500                   1
                  83                7415               41215            -1158.44                1500                   1
                  84                7415               29575           0.0736927                1500                   1
                  85                7320               44655            -1910.33                1500                   1
                  86                7320               31080            -352.364                1500                   1
                  87                7320               19595             606.138                1500                   1
                  88                7320               60490            -7172.09                1500                   1
                  89                7320               49840             -3902.6                1500                   1
                  90                7320               36800            -282.015                1500                   1
                  91                7225               41430            -926.474                1500                   1
                  92                7225               35700            -163.213                1500                   1
                  93                7195               42050            -1020.24                1500                   1
                  94                6880               37130             78.6541                1500                   1
                  95                6880               37365            -632.262                1500                   1
                  96                6880               25090             535.218                1500                   1
                  97                6880               54350            -4677.36                1500                   1
                  98                6880               49590            -2300.51                1500                   1
                  99                6880               31770             140.621                1500                   1
                 100                6880               45235            -1672.82                1500                   1
                 101                6880               31205            -67.6918                1500                   1
                 102                6880               47625            -1391.39                1500                   1
                 103                6880               30250             146.579                1500                 0.5
                 104                6880               29385             636.871                1500                 0.5
                 105                6880               35450             489.551                1500                 0.5
                 106                6880               26710             765.929                1500                 0.5
                 107                6880               40010            -68.5743                1500                 0.5
                 108                6880               24340             897.034                1500                 0.5
                 109                6880               35765              40.896                1500                 0.5
                 110                6880               30875              893.73                1500                 0.5
                 111                6880               28645             514.049                1500                 0.5
                 112                6880               19455             1088.63                1500                 0.5
                 113                6880               48320            -1165.19                1500                 0.5
                 114                6880               39270             92.4708                1500                 0.5
                 115                6880               31615             686.505                1500                 0.5
                 116                6880               20630              1174.4                1500                 0.5
                 117                6880               40855            -934.324                1500                 0.5
                 118                6880               32165             661.416                1500                 0.5
                 119                6880               33140             666.462                1500                 0.5
                 120                6880               20805             1141.43                1500                 0.5
                 121                6880               45415            -1323.01                1500                 0.5
                 122                6880               30880             595.787                1500                 0.5
                 123                6880               31600             783.956                1500                 0.5
                 124                6880               32385             603.739                1500                 0.5
                 125                6880               21150             1107.74                1500                 0.5
                 126                6880               17270             1334.77                1500                 0.5
                 127                6880               46335            -1855.04                1500                 0.5
                 128                6880               30685             49.5834                1500                 0.5
                 129                6880               29070              951.27                1500                 0.5
                 130                6880               30675             420.001                1500                 0.5
                 131                6880               26365             904.636                1500                 0.5
                 132                6880               43700            -109.069                1500                 0.5
                 133                6880               19125             1213.11                1500                 0.5
                 134                6880               46290            -1357.51                1500                 0.5
                 135                6880               37240             47.9977                1500                 0.5
                 136                6880               22565             905.965                1500                 0.5
                 137                6880               40775            -586.233                1500                 0.5
                 138                6880               21070             1129.86                1500                 0.5
                 139                6880               41720            -593.208                1500                 0.5
                 140                6880               27860             514.133                1500                 0.5
                 141                6880               22345             973.286                1500                 0.5
                 142                6880               32875             214.097                1500                 0.5
                 143                6880               25380             855.541                1500                 0.5
                 144                6880               39425             104.245                1500                 0.5
                 145                6880               28095             934.754                1500                 0.5
                 146                6880               32730             227.268                1500                 0.5
                 147                6880               21905             1016.91                1500                 0.5
                 148                6880               48540             -962.51                1500                 0.5
                 149                6880               27450             803.627                1500                 0.5
                 150                6880               29180             444.376                1500                 0.5
                 151                6880               29985             750.967                1500                 0.5
                 152                6880               36045             555.585                1500                 0.5
                 153                6880               24800              1008.8                1500                 0.5
                 154                6880               45800            -541.255                1500                0.25
                 155                6880               33360              591.87                1500                0.25
                 156                6880               24510             1276.68                1500                0.25
                 157                6880               23620             1094.84                1500                0.25
                 158                6880               24135             1169.47                1500                0.25
                 159                6880               24515              1163.8                1500                0.25
                 160                6880               16375             1391.55                1500                0.25
                 161                6880               41010             324.928                1500                0.25
                 162                6880               29145             923.324                1500                0.25
                 163                6880               19390              1378.7                1500                0.25
                 164                6880               26180             857.709                1500                0.25
                 165                6880               21135             1300.04                1500                0.25
                 166                6880               28615             1024.75                1500                0.25
                 167                6880               17175             1383.23                1500                0.25
                 168                6880               43840             208.273                1500                0.25
                 169                6880               27150             1191.39                1500                0.25
                 170                6880               20965             1303.62                1500                0.25
                 171                6880               28725             883.923                1500                0.25
                 172                6880               20335             1302.06                1500                0.25
                 173                6880               22705             1030.48                1500                0.25
                 174                6880               17255             1287.85                1500                0.25
                 175                6880               35595             839.118                1500                0.25
                 176                6880               19200             1341.43                1500                0.25
                 177                6880               38360             697.627                1500                0.25
                 178                6880               24075             1350.33                1500                0.25
                 179                6880               31620             1053.15                1500                0.25
                 180                6880               17930             1375.33                1500                0.25
                 181                6880               40715             665.052                1500                0.25
                 182                6880               17585             1289.06                1500                0.25
                 183                6880               14005             1452.32                1500                0.25
                 184                6880               39270             146.318                1500                0.25
                 185                6880               24935             1088.03                1500                0.25
                 186                6880               21935             1287.42                1500                0.25
                 187                6880               30060             946.862                1500                0.25
                 188                6880               17695             1427.61                1500                0.25
                 189                6880               39900             186.007                1500                0.25
                 190                6880               26480              1186.1                1500                0.25
                 191                6880               23305             1312.91                1500                0.25
                 192                6880               31145             1045.39                1500                0.25
                 193                6880               16515             1455.81                1500                0.25
                 194                6880               44285             445.332                1500                0.25
                 195                6880               23165             1219.33                1500                0.25
                 196                6880               28115             1155.28                1500                0.25
                 197                6880               24040             1323.92                1500                0.25
                 198                6880               15715              1524.1              1524.1                0.25
                 199                6880               41200             6.89983              1524.1                0.25
                 200                6880               33785             641.587              1524.1                0.25
                 201                6880               17915             1365.37              1524.1                0.25
                 202                6880               35720              610.45              1524.1                0.25
                 203                6880               17415             1352.31              1524.1                0.25
                 204                6880               30265             722.411              1524.1                0.25
                 205                6880               23115             1147.28              1524.1                0.25
                 206                6880               23130             1234.55              1524.1                0.25
                 207                6880               24985             1262.57              1524.1                0.25
                 208                6880               26340             1225.99              1524.1                0.25
                 209                6880               27735             1234.93              1524.1                0.25
                 210                6880               21025             1364.01              1524.1                0.25
                 211                6880               29780             1001.37              1524.1                0.25
                 212                6880               19140             1402.41              1524.1                0.25
                 213                6880               27280              781.74              1524.1                0.25
                 214                6880               20805             1185.83              1524.1                0.25
                 215                6880               28710             1102.66              1524.1                0.25
                 216                6880               19315             1483.93              1524.1                0.25
                 217                6880               36110             661.119              1524.1                0.25
                 218                6880               17835             1446.16              1524.1                0.25
                 219                6880               38815             638.488              1524.1                0.25
                 220                6880               19725             1342.93              1524.1                0.25
                 221                6880               27955             1064.69              1524.1                0.25
                 222                6880               21765             1405.23              1524.1                0.25
                 223                6880               30890             854.841              1524.1                0.25
                 224                6880               18430             1308.67              1524.1                0.25
                 225                6880               29515             1010.38              1524.1                0.25
                 226                6880               20745             1380.69              1524.1                0.25
                 227                6880               14335             1552.89             1552.89                0.25
                 228                6880               46690            -437.457             1552.89                0.25
                 229                6880               32545             679.485             1552.89                0.25
                 230                6880               21875             1296.35             1552.89                0.25
                 231                6880               31630             1048.38             1552.89                0.25
                 232                6880               20385             1403.28             1552.89                0.25
                 233                6880               34995             801.912             1552.89                0.25
                 234                6880               18620              1487.3             1552.89                0.25
                 235                6880               39160              486.79             1552.89                0.25
                 236                6880               28945             1061.16             1552.89                0.25
                 237                6880               19580             1372.84             1552.89                0.25
                 238                6880               34535             717.947             1552.89                0.25
                 239                6880               26430             1204.23             1552.89                0.25
                 240                6880               21750             1330.51             1552.89                0.25
                 241                6880               26240              1140.4             1552.89                0.25
                 242                6880               24075             1388.21             1552.89                0.25
                 243                6880               26415             1209.02             1552.89                0.25
                 244                6880               24625             1273.04             1552.89                0.25
                 245                6880               18200             1510.32             1552.89                0.25
                 246                6880               35370             590.539             1552.89                0.25
                 247                6880               23555              1123.5             1552.89                0.25
                 248                6880               21450             1380.26             1552.89                0.25
                 249                6880               30675             978.036             1552.89                0.25
                 250                6880               16420             1437.72             1552.89                0.25
                 251                6880               38940             543.956             1552.89                0.25
                 252                6880               20605             1310.82             1552.89                0.25
                 253                6880               32950             1014.92             1552.89                0.25
                 254                6880               19295             1432.08             1552.89                0.25
                 255                6880               40965             671.869             1552.89                0.25
                 256                6880               16235             1388.85             1552.89                0.25
                 257                6880               12055             1502.57             1552.89                0.25
                 258                6880               38025            -264.758             1552.89                0.25
                 259                6880               34570             354.289             1552.89                0.25
                 260                6880               22395             1119.87             1552.89                0.25
                 261                6880               29165             1146.32             1552.89                0.25
                 262                6880               20445             1370.02             1552.89                0.25
                 263                6880               39140             666.669             1552.89                0.25
                 264                6880               28000              1200.4             1552.89                0.25
                 265                6880               17820              1398.3             1552.89                0.25
                 266                6880               41230              436.34             1552.89                0.25
                 267                6880               23950             1350.24             1552.89                0.25
                 268                6880               20475             1192.26             1552.89                0.25
                 269                6880               24910             1202.02             1552.89                0.25
                 270                6880               17425             1401.47             1552.89                0.25
                 271                6880               42600              472.46             1552.89                0.25
                 272                6880               29670             1047.68             1552.89                0.25
                 273                6880               19170             1424.87             1552.89                0.25
                 274                6880               36430             561.161             1552.89                0.25
                 275                6880               18245             1373.78             1552.89                0.25
                 276                6880               32055             782.864             1552.89                0.25
                 277                6880               18905             1473.15             1552.89                0.25
                 278                6880               31145             980.239             1552.89               0.125
                 279                6880               17115             1387.22             1552.89               0.125
                 280                6880               20855              1432.2             1552.89               0.125
                 281                6880               14145             1515.61             1552.89               0.125
                 282                6880               29905             1239.14             1552.89               0.125
                 283                6880               18575             1468.23             1552.89               0.125
                 284                6880               17790              1511.3             1552.89               0.125
                 285                6880               27485              1365.8             1552.89               0.125
                 286                6880               15290             1605.63             1605.63               0.125
                 287                6880               10120             1662.55             1662.55               0.125
                 288                6880               25740             958.525             1662.55               0.125
                 289                6880               20130             1379.42             1662.55               0.125
                 290                6880               17995             1439.98             1662.55               0.125
                 291                6880               19645             1487.23             1662.55               0.125
                 292                6880               20745             1504.18             1662.55               0.125
                 293                6880               16390              1518.2             1662.55               0.125
                 294                6880               24830             1435.44             1662.55               0.125
                 295                6880               14130              1621.1             1662.55               0.125
                 296                6880               24560              1130.4             1662.55               0.125
                 297                6880               23100             1289.21             1662.55               0.125
                 298                6880               16625             1630.09             1662.55               0.125
                 299                6880               27375             1308.24             1662.55               0.125
                 300                6880               15105             1581.35             1662.55               0.125
                 301                6880               32530             1132.02             1662.55               0.125
                 302                6880               17900             1541.68             1662.55               0.125
                 303                6880               12055             1633.03             1662.55               0.125
                 304                6880               27515             1091.17             1662.55               0.125
                 305                6880               14850             1488.82             1662.55               0.125
                 306                6880               14900             1563.73             1662.55               0.125
                 307                6880               28745             1260.03             1662.55               0.125
                 308                6880               17695             1601.36             1662.55               0.125
                 309                6880               27595             1308.82             1662.55               0.125
                 310                6880               17555             1620.55             1662.55               0.125
                 311                6880               20680              1393.8             1662.55               0.125
                 312                6880               17745             1592.74             1662.55               0.125
                 313                6880               20460             1416.78             1662.55               0.125
                 314                6880               17050              1531.3             1662.55               0.125
                 315                6880               25570             1398.85             1662.55               0.125
                 316                6880               14820             1611.05             1662.55               0.125
                 317                6880               31510             1089.88             1662.55               0.125
                 318                6880               17665             1588.85             1662.55               0.125
                 319                6880               18325             1492.13             1662.55               0.125
                 320                6880               22065              1486.1             1662.55               0.125
                 321                6880               17085             1574.63             1662.55               0.125
                 322                6880               25380             1354.64             1662.55               0.125
                 323                6880               12275             1601.29             1662.55               0.125
                 324                6880               31555             1035.69             1662.55               0.125
                 325                6880               24625             1314.48             1662.55               0.125
                 326                6880               16000             1499.16             1662.55               0.125
                 327                6880               26165              1309.3             1662.55               0.125
                 328                6880               13720             1650.23             1662.55               0.125
                 329                6880               30155             1180.98             1662.55               0.125
                 330                6880               17160             1539.17             1662.55               0.125
                 331                6880               18405             1426.63             1662.55               0.125
                 332                6880               12245             1596.19             1662.55               0.125
                 333                6880               12260             1632.79             1662.55               0.125
                 334                6880               28835             1020.35             1662.55               0.125
                 335                6880               22440             1287.86             1662.55               0.125
                 336                6880               18010             1421.65             1662.55               0.125
                 337                6880               23510             1487.42             1662.55               0.125
                 338                6880               15355             1598.81             1662.55              0.0625
Lagrangian Relaxation Time: 2.13658 s.
Tried aggregator 1 time.
MIP Presolve eliminated 315 rows and 730 columns.
MIP Presolve modified 63 coefficients.
Reduced MIP has 745 rows, 3197 columns, and 31083 nonzeros.
Reduced MIP has 1907 binaries, 0 generals, 0 SOSs, and 0 indicators.
Presolve time = 0.01 sec. (9.12 ticks)
Probing time = 0.00 sec. (2.84 ticks)
Tried aggregator 1 time.
MIP Presolve eliminated 46 rows and 92 columns.
Reduced MIP has 699 rows, 3105 columns, and 30364 nonzeros.
Reduced MIP has 1907 binaries, 0 generals, 0 SOSs, and 0 indicators.
Presolve time = 0.02 sec. (11.01 ticks)
Probing time = 0.00 sec. (2.81 ticks)
Clique table members: 100.
MIP emphasis: integer feasibility.
MIP search method: dynamic search.
Parallel mode: none, using 1 thread.
Root relaxation solution time = 0.47 sec. (434.57 ticks)

        Nodes                                         Cuts/
   Node  Left     Objective  IInf  Best Integer    Best Bound    ItCnt     Gap

      0     0     1824.2500   109                   1824.2500     3413         
*     0+    0                         5030.0000     1824.2500            63.73%
      0     0     1835.8886   189     5030.0000       Cuts: 8     3789   63.50%
      0     0     1839.2647   153     5030.0000      Fract: 1     3911   63.43%
*     0+    0                         4685.0000     1839.2647            60.74%
*     0+    0                         3035.0000     1839.2647            39.40%
      0     2     1839.2647   153     3035.0000     1839.2647     3911   39.40%
Elapsed time = 1.17 sec. (955.58 ticks, tree = 0.01 MB, solutions = 3)
      4     6     1897.4330   155     3035.0000     1845.4146     6453   39.20%
      5     7     1861.7520   190     3035.0000     1846.0523     6768   39.17%
      6     8     1921.2619   150     3035.0000     1861.7520     8139   38.66%
      7     9     1929.6875   149     3035.0000     1861.7520     9105   38.66%
      8    10     1929.6875   149     3035.0000     1861.7520     9571   38.66%
      9    11     1929.6875   149     3035.0000     1861.7520     9865   38.66%
     10    12     1941.3095   142     3035.0000     1861.7520    10252   38.66%
     11    13     1947.7778   154     3035.0000     1861.7520    10453   38.66%
     12    14     1956.0000    57     3035.0000     1861.7520    10783   38.66%
     13    15     1965.0000    32     3035.0000     1861.7520    10962   38.66%
Elapsed time = 2.13 sec. (1916.41 ticks, tree = 0.04 MB, solutions = 3)
*    15    14      integral     0     1965.0000     1861.7520    10985    5.25%
*    46     1      integral     0     1890.0000     1877.6282    17071    0.65%

Gomory fractional cuts applied:  2

Root node processing (before b&c):
  Real time             =    1.14 sec. (929.50 ticks)
Sequential b&c:
  Real time             =    3.18 sec. (1803.63 ticks)
                          ------------
Total (root+branch&cut) =    4.32 sec. (2733.13 ticks)

Root node processing (before b&c):
  Real time             =    0.00 sec. (0.78 ticks)
Sequential b&c:
  Real time             =    0.00 sec. (0.00 ticks)
                          ------------
Total (root+branch&cut) =    0.00 sec. (0.78 ticks)
Best Solution Found: 1890
Optimality Gap: 0.136809
Solution is feasible
Total Time: 6.45493 s.
Best Solution: 1890
SubProblem Destroyed
...done!
