4
Instancias/Problem_0_342.txt
                   1               68500               68820                1500                1500                   2
                   2               29245               65020        -1.13447e+06                1500                   2
                   3               28145               64030        -1.07899e+06                1500                   2
                   4               27925               63920         -1.0257e+06                1500                   2
                   5               27925               64470             -972856                1500                   2
                   6               27925               64250             -920009                1500                   2
                   7               27925               63700             -867163                1500                   2
                   8               27250               62805             -814316                1500                   2
                   9               27250               63025             -762818                1500                   2
                  10               27250               62915             -711783                1500                   2
                  11               27250               63025             -668246                1500                   2
                  12               27250               62805             -616754                1500                   2
                  13               27250               62820             -565261                1500                   2
                  14               27250               62380             -513765                1500                   2
                  15               27250               62710             -462267                1500                   2
                  16               27030               61170             -410797                1500                   2
                  17               27030               61830             -370530                1500                   2
                  18               26480               59615             -319490                1500                   2
                  19               26480               59725             -269543                1500                   2
                  20               26260               59285             -219609                1500                   2
                  21               26260               59190             -184939                1500                   2
                  22               25945               57855             -135605                1500                   2
                  23               25710               58265            -98328.1                1500                   2
                  24               24925               57420            -59823.7                1500                   2
                  25               24925               58535            -35421.1                1500                   2
                  26               22990               49840            -24201.3                1500                   2
                  27               21230               52900            -17479.5                1500                   2
                  28               19910               46600            -14228.5                1500                   2
                  29               18540               44760            -8831.74                1500                   2
                  30               15650               65010            -65398.5                1500                   2
                  31               15460               64460            -44516.6                1500                   2
                  32               15460               62215            -25942.6                1500                   2
                  33               14800               59920              -12661                1500                   2
                  34               14565               48680            -6245.74                1500                   2
                  35               13025               60385            -19665.1                1500                   2
                  36               12585               56850            -11107.6                1500                   2
                  37               12255               41135            -5124.09                1500                   2
                  38               12145               40485            -3024.26                1500                   2
                  39               12035               63445            -29448.1                1500                   2
                  40               12035               62660            -16226.8                1500                   2
                  41               11610               52120            -9203.86                1500                   2
                  42               10920               48735            -7169.46                1500                   2
                  43               10825               41520            -3359.52                1500                   2
                  44               10715               42685            -2622.46                1500                   2
                  45               10620               43095            -1842.32                1500                   2
                  46               10495               57445              -18885                1500                   2
                  47               10385               51365            -10087.6                1500                   2
                  48               10385               42125            -3744.06                1500                   2
                  49               10385               61120            -12463.5                1500                   2
                  50               10385               54475            -7030.04                1500                   2
                  51                9615               57280            -5165.65                1500                   2
                  52                9615               47455             -5217.2                1500                   1
                  53                9615               42095            -3224.38                1500                   1
                  54                9615               37160            -1708.92                1500                   1
                  55                9615               28470             -62.687                1500                   1
                  56                9600               37035            -611.351                1500                   1
                  57                9600               51995            -3986.81                1500                   1
                  58                9490               33545             -567.71                1500                   1
                  59                9490               49535            -5847.69                1500                   1
                  60                9490               42150            -2547.58                1500                   1
                  61                9490               39975            -1362.65                1500                   1
                  62                9490               27950              222.43                1500                   1
                  63                9490               53775            -7460.27                1500                   1
                  64                9490               47305            -4685.41                1500                   1
                  65                9490               44075             -871.67                1500                   1
                  66                9490               46775            -2365.85                1500                   1
                  67                9490               46085            -1504.94                1500                   1
                  68                9490               32100             260.066                1500                   1
                  69                9490               55635            -6543.12                1500                   1
                  70                9490               49100            -4044.78                1500                   1
                  71                9490               35495            -614.253                1500                   1
                  72                9490               32385            -205.484                1500                   1
                  73                9490               50970            -5054.31                1500                   1
                  74                9490               40445            -2094.49                1500                   1
                  75                9490               32055            -186.259                1500                   1
                  76                9490               35560            -173.289                1500                   1
                  77                9490               45445            -3340.14                1500                   1
                  78                9490               32120            -1290.04                1500                   1
                  79                9490               48050            -3764.02                1500                   1
                  80                9490               37900            -269.785                1500                   1
                  81                9490               54335            -5042.03                1500                   1
                  82                9490               45110            -1682.75                1500                   1
                  83                9490               44655            -1663.44                1500                   1
                  84                9490               44060            -1485.29                1500                   1
                  85                9490               34015            -137.182                1500                   1
                  86                9490               48645            -5541.76                1500                   1
                  87                9490               41810            -1483.49                1500                   1
                  88                9490               45030            -2041.82                1500                   1
                  89                9490               30090             98.5987                1500                   1
                  90                9490               54820            -6057.76                1500                   1
                  91                9490               41100            -1899.06                1500                   1
                  92                9490               34940            -185.037                1500                   1
                  93                9490               48720            -3975.58                1500                   1
                  94                9490               38150            -492.086                1500                   1
                  95                9395               49950            -3790.35                1500                   1
                  96                9395               34580            -635.116                1500                   1
                  97                9395               48970            -3008.55                1500                   1
                  98                9395               43190            -399.959                1500                   1
                  99                9395               53335            -2863.77                1500                   1
                 100                9395               34960            -606.682                1500                   1
                 101                9395               50485            -3265.68                1500                   1
                 102                9395               37915            -330.415                1500                   1
                 103                9395               52670            -3858.22                1500                 0.5
                 104                9395               43920            -1714.94                1500                 0.5
                 105                9395               29415              235.36                1500                 0.5
                 106                9395               40915            -1011.79                1500                 0.5
                 107                9395               29885             684.861                1500                 0.5
                 108                9285               45535            -1142.06                1500                 0.5
                 109                9285               27970             675.662                1500                 0.5
                 110                9270               45710            -1892.79                1500                 0.5
                 111                9270               39000            -595.216                1500                 0.5
                 112                9160               29105             673.512                1500                 0.5
                 113                9160               48450            -1413.66                1500                 0.5
                 114                9160               28660             832.847                1500                 0.5
                 115                8955               24590             1210.65                1500                 0.5
                 116                8500               52730            -3168.09                1500                 0.5
                 117                8500               46085            -1985.57                1500                 0.5
                 118                8500               32950             315.207                1500                 0.5
                 119                8500               34415             42.2621                1500                 0.5
                 120                8500               35025             414.191                1500                 0.5
                 121                8500               37805              84.204                1500                 0.5
                 122                8390               33550             585.971                1500                 0.5
                 123                8390               42615            -156.055                1500                 0.5
                 124                8390               26825             785.748                1500                 0.5
                 125                8390               39975              -416.6                1500                 0.5
                 126                8390               32840             720.873                1500                 0.5
                 127                8390               47345            -307.149                1500                 0.5
                 128                8390               29765             955.395                1500                 0.5
                 129                8390               41705            -695.136                1500                 0.5
                 130                8390               30060             466.758                1500                 0.5
                 131                8390               39220            -243.984                1500                 0.5
                 132                8390               24750             963.727                1500                 0.5
                 133                8390               39895             -1270.5                1500                 0.5
                 134                8390               29840             223.982                1500                 0.5
                 135                8390               35105             102.457                1500                 0.5
                 136                8390               34600             562.649                1500                 0.5
                 137                8390               35500              231.36                1500                 0.5
                 138                8390               35495             444.804                1500                 0.5
                 139                8390               27830             631.914                1500                 0.5
                 140                8390               44625            -776.067                1500                 0.5
                 141                8390               26985             932.601                1500                 0.5
                 142                8390               44875            -807.687                1500                 0.5
                 143                8390               33120             510.177                1500                 0.5
                 144                8390               33285             246.515                1500                 0.5
                 145                8390               32625             458.863                1500                 0.5
                 146                8390               37540             73.6196                1500                 0.5
                 147                8390               27815             699.118                1500                 0.5
                 148                8390               18150             1335.51                1500                 0.5
                 149                8390               54960            -4097.23                1500                 0.5
                 150                8390               48485            -2375.82                1500                 0.5
                 151                8390               32445            -146.197                1500                 0.5
                 152                8390               24860             632.576                1500                 0.5
                 153                8390               44655            -1378.92                1500                 0.5
                 154                8390               34035            -60.6868                1500                0.25
                 155                8390               26965             490.557                1500                0.25
                 156                8390               31085             880.749                1500                0.25
                 157                8390               24230             1066.19                1500                0.25
                 158                8390               30565             594.966                1500                0.25
                 159                8390               21025             1314.69                1500                0.25
                 160                8390               33865              189.66                1500                0.25
                 161                8390               27470             1242.75                1500                0.25
                 162                8390               31965             721.258                1500                0.25
                 163                8390               26495             1193.32                1500                0.25
                 164                8390               29090             670.975                1500                0.25
                 165                8390               27565             1238.83                1500                0.25
                 166                8390               31825               762.8                1500                0.25
                 167                8390               23430             1270.42                1500                0.25
                 168                8390               36645             417.628                1500                0.25
                 169                8390               24995             1350.23                1500                0.25
                 170                8390               18795              1463.6                1500                0.25
                 171                8390               34965            -64.6218                1500                0.25
                 172                8390               22785             1071.83                1500                0.25
                 173                8390               33995             521.549                1500                0.25
                 174                8295               24325             1327.48                1500                0.25
                 175                8295               28635             781.433                1500                0.25
                 176                8295               25095             1166.07                1500                0.25
                 177                8295               31965             899.742                1500                0.25
                 178                8295               25380             1238.88                1500                0.25
                 179                8185               32625             797.845                1500                0.25
                 180                8185               27675             1205.82                1500                0.25
                 181                8185               29295             985.963                1500                0.25
                 182                8185               27375             1177.52                1500                0.25
                 183                8185               27300             912.444                1500                0.25
                 184                8185               26745             1217.25                1500                0.25
                 185                8185               28040             896.668                1500                0.25
                 186                8185               25915             1198.61                1500                0.25
                 187                8185               30600             866.291                1500                0.25
                 188                8185               26305             1137.43                1500                0.25
                 189                8185               17980             1481.95                1500                0.25
                 190                8185               33440             -115.19                1500                0.25
                 191                8185               24000             994.854                1500                0.25
                 192                8185               29165             778.436                1500                0.25
                 193                8185               25960             1222.61                1500                0.25
                 194                8185               32560             762.309                1500                0.25
                 195                8185               28225             1283.81                1500                0.25
                 196                8185               18060             1567.69             1567.69                0.25
                 197                8185               38150            -302.452             1567.69                0.25
                 198                8185               31225              425.63             1567.69                0.25
                 199                8185               25175             1122.95             1567.69                0.25
                 200                8185               18405             1425.51             1567.69                0.25
                 201                8185               40085            -12.5253             1567.69                0.25
                 202                8185               26285              983.45             1567.69                0.25
                 203                8185               29750             992.112             1567.69                0.25
                 204                8185               26385             1141.85             1567.69                0.25
                 205                8185               26610             984.589             1567.69                0.25
                 206                8185               23810             1389.74             1567.69                0.25
                 207                8185               32985             609.875             1567.69                0.25
                 208                8185               23625             1301.55             1567.69                0.25
                 209                8185               32010             605.746             1567.69                0.25
                 210                8185               22710             1360.79             1567.69                0.25
                 211                8185               35400             487.998             1567.69                0.25
                 212                8185               23870              1292.4             1567.69                0.25
                 213                8185               29985             753.907             1567.69                0.25
                 214                8185               25050             1198.95             1567.69                0.25
                 215                8185               19475             1485.19             1567.69                0.25
                 216                8185               38870            -61.5822             1567.69                0.25
                 217                8185               28315             1026.73             1567.69                0.25
                 218                8185               28395             1144.51             1567.69                0.25
                 219                8185               27975             1115.75             1567.69                0.25
                 220                8185               25960             1087.17             1567.69                0.25
                 221                8185               27110             1034.89             1567.69                0.25
                 222                8185               26780             1143.56             1567.69                0.25
                 223                8185               18345             1431.78             1567.69                0.25
                 224                8185               38750             46.5543             1567.69                0.25
                 225                8185               20695             1105.06             1567.69                0.25
                 226                8185               31525             644.107             1567.69                0.25
                 227                8185               22270             1466.59             1567.69                0.25
                 228                8185               35970             212.422             1567.69                0.25
                 229                8185               23400             1252.84             1567.69                0.25
                 230                8185               31240             664.594             1567.69                0.25
                 231                8185               21940             1191.54             1567.69                0.25
                 232                8185               30455             759.151             1567.69                0.25
                 233                8185               23575             1316.42             1567.69                0.25
                 234                8185               35090             509.912             1567.69                0.25
                 235                8185               21640              1419.2             1567.69                0.25
                 236                8185               31820             548.722             1567.69                0.25
                 237                8185               20995             1358.47             1567.69                0.25
                 238                8185               34855             516.543             1567.69                0.25
                 239                8185               24675             1465.24             1567.69                0.25
                 240                8185               37995             315.389             1567.69                0.25
                 241                8185               32260             840.867             1567.69                0.25
                 242                8185               22775             1334.21             1567.69                0.25
                 243                8185               35310             457.976             1567.69                0.25
                 244                8185               23150             1398.28             1567.69                0.25
                 245                8185               35670             491.886             1567.69                0.25
                 246                8185               22630             1424.89             1567.69                0.25
                 247                8185               34695             509.238             1567.69               0.125
                 248                8185               24560              1148.1             1567.69               0.125
                 249                8185               19725             1481.01             1567.69               0.125
                 250                8185               29260             1146.94             1567.69               0.125
                 251                8185               25790             1423.39             1567.69               0.125
                 252                8185               19095             1444.71             1567.69               0.125
                 253                8185               26500             1217.09             1567.69               0.125
                 254                8185               21720             1555.12             1567.69               0.125
                 255                8185               29605             1157.46             1567.69               0.125
                 256                8185               22065             1534.89             1567.69               0.125
                 257                8185               14840             1647.47             1647.47               0.125
                 258                8185               31605             772.592             1647.47               0.125
                 259                8185               23350             1365.23             1647.47               0.125
                 260                8185               26435             1322.71             1647.47               0.125
                 261                8185               19440             1564.16             1647.47               0.125
                 262                8185               28020             1073.61             1647.47               0.125
                 263                8185               25145             1301.66             1647.47               0.125
                 264                8185               23795             1480.29             1647.47               0.125
                 265                8185               25035             1370.19             1647.47               0.125
                 266                8185               22225             1526.01             1647.47               0.125
                 267                8185               28680             1275.11             1647.47               0.125
                 268                8185               19080             1582.19             1647.47               0.125
                 269                8185               32260             1158.61             1647.47               0.125
                 270                8185               21045             1531.15             1647.47               0.125
                 271                8185               13330              1653.2              1653.2               0.125
                 272                8185               36395             563.301              1653.2               0.125
                 273                8185               31335              919.09              1653.2               0.125
                 274                8185               20495             1403.51              1653.2               0.125
                 275                8185               17370             1529.29              1653.2               0.125
                 276                8185               32010             1054.62              1653.2               0.125
                 277                8185               23150             1502.79              1653.2               0.125
                 278                8185               23070             1362.94              1653.2               0.125
                 279                8185               20870              1523.6              1653.2               0.125
                 280                8185               32970             1236.34              1653.2               0.125
                 281                8185               16205             1593.15              1653.2               0.125
                 282                8185               30030              1148.7              1653.2               0.125
                 283                8185               21045             1485.98              1653.2               0.125
                 284                8185               25600             1315.35              1653.2               0.125
                 285                8185               22475             1552.33              1653.2               0.125
                 286                8185               13880             1682.45             1682.45               0.125
                 287                8185               32025             761.434             1682.45               0.125
                 288                8185               22240             1305.47             1682.45               0.125
                 289                8185               20120             1491.01             1682.45               0.125
                 290                8185               30755             1200.42             1682.45               0.125
                 291                8185               19000             1556.35             1682.45               0.125
                 292                8185               29700             1093.38             1682.45               0.125
                 293                8185               17400             1548.45             1682.45               0.125
                 294                8185               33045             1047.59             1682.45               0.125
                 295                8185               26525             1338.92             1682.45               0.125
                 296                8185               23355             1533.39             1682.45               0.125
                 297                8185               24170             1385.55             1682.45               0.125
                 298                8185               24220             1511.74             1682.45               0.125
                 299                8185               26430             1373.25             1682.45               0.125
                 300                8185               22835             1581.07             1682.45               0.125
                 301                8185               27460             1177.79             1682.45               0.125
                 302                8185               18940             1613.29             1682.45               0.125
                 303                8185               30410              1096.4             1682.45               0.125
                 304                8185               22725             1563.17             1682.45               0.125
                 305                8185               27045             1280.03             1682.45               0.125
                 306                8185               23465             1549.69             1682.45               0.125
                 307                8185               28430             1311.61             1682.45               0.125
                 308                8185               21815             1590.48             1682.45               0.125
                 309                8185               28005             1291.61             1682.45               0.125
                 310                8185               21470             1545.47             1682.45               0.125
                 311                8185               29465             1310.78             1682.45               0.125
                 312                8185               22065             1615.67             1682.45               0.125
                 313                8185               29575             1208.98             1682.45               0.125
                 314                8185               23400             1510.64             1682.45               0.125
                 315                8185               26955             1421.39             1682.45               0.125
                 316                8185               21655             1471.86             1682.45               0.125
                 317                8185               24485              1478.3             1682.45               0.125
                 318                8185               27740             1414.04             1682.45               0.125
                 319                8185               22835             1514.42             1682.45               0.125
                 320                8185               23200             1371.17             1682.45               0.125
                 321                8185               18295             1581.62             1682.45               0.125
                 322                8185               28415             1165.41             1682.45               0.125
                 323                8185               17605             1633.37             1682.45               0.125
                 324                8185               35120             927.391             1682.45               0.125
                 325                8185               30330             1130.52             1682.45               0.125
                 326                8185               19205             1556.28             1682.45               0.125
                 327                8185               31385             1088.24             1682.45               0.125
                 328                8185               21955             1570.74             1682.45               0.125
                 329                8185               30315             1205.48             1682.45               0.125
                 330                8185               22805             1478.25             1682.45               0.125
                 331                8185               27765             1409.32             1682.45               0.125
                 332                8185               23215             1531.65             1682.45               0.125
                 333                8185               26415             1347.32             1682.45               0.125
                 334                8185               19175             1555.19             1682.45               0.125
                 335                8185               18845             1616.66             1682.45               0.125
                 336                8185               15750             1685.39             1685.39               0.125
                 337                8185               35355              739.04             1685.39               0.125
                 338                8185               23810             1288.89             1685.39               0.125
                 339                8185               25740             1397.98             1685.39               0.125
                 340                8185               22620             1534.62             1685.39               0.125
                 341                8185               30705             1240.99             1685.39               0.125
                 342                8185               17965             1644.46             1685.39               0.125
                 343                8185               29605             1135.03             1685.39               0.125
                 344                8185               21830             1541.01             1685.39               0.125
                 345                8185               23810             1374.32             1685.39               0.125
                 346                8185               23620             1508.62             1685.39               0.125
                 347                8185               23810             1415.85             1685.39               0.125
                 348                8185               16440             1616.07             1685.39               0.125
                 349                8185               31835             1060.26             1685.39               0.125
                 350                8185               20840              1517.3             1685.39               0.125
                 351                8185               27425             1286.02             1685.39               0.125
                 352                8185               19145              1620.4             1685.39               0.125
                 353                8185               15280             1697.68             1697.68               0.125
                 354                8185               30770             570.827             1697.68               0.125
                 355                8185               27800             958.963             1697.68               0.125
                 356                8185               18765             1545.09             1697.68               0.125
                 357                8185               27075             1223.46             1697.68               0.125
                 358                8185               19475             1576.43             1697.68               0.125
                 359                8185               27675             1220.15             1697.68               0.125
                 360                8185               21765             1570.51             1697.68               0.125
                 361                8185               13220             1695.33             1697.68               0.125
                 362                8185               33630             673.853             1697.68               0.125
                 363                8185               25225              1213.3             1697.68               0.125
                 364                8185               21685             1465.73             1697.68               0.125
                 365                8185               25305             1299.98             1697.68               0.125
                 366                8185               21715             1554.81             1697.68               0.125
                 367                8185               29610             1311.35             1697.68               0.125
                 368                8185               24185             1598.16             1697.68               0.125
                 369                8185               29625             1299.78             1697.68               0.125
                 370                8185               19960             1584.08             1697.68               0.125
                 371                8185               29675             1195.03             1697.68               0.125
                 372                8185               20510             1594.02             1697.68               0.125
                 373                8185               28145             1226.78             1697.68               0.125
                 374                8185               21535             1594.55             1697.68               0.125
                 375                8185               14320             1693.53             1697.68               0.125
                 376                8185               35010             636.594             1697.68               0.125
                 377                8185               25270             1248.77             1697.68               0.125
                 378                8185               25650             1337.72             1697.68               0.125
                 379                8185               20355             1601.85             1697.68               0.125
                 380                8185               27345             1167.44             1697.68               0.125
                 381                8185               23055              1642.7             1697.68               0.125
                 382                8185               24970             1292.43             1697.68               0.125
                 383                8185               19995             1583.97             1697.68               0.125
                 384                8185               26920             1333.51             1697.68               0.125
                 385                8185               21735              1528.8             1697.68               0.125
                 386                8185               29215             1292.47             1697.68               0.125
                 387                8185               22980             1598.96             1697.68               0.125
                 388                8185               33490             1143.45             1697.68               0.125
                 389                8185               26905             1440.11             1697.68               0.125
                 390                8185               24690             1526.82             1697.68               0.125
                 391                8185               15875             1663.69             1697.68               0.125
                 392                8185               14825             1694.77             1697.68               0.125
                 393                8185               35295             559.705             1697.68               0.125
                 394                8185               25900             1218.65             1697.68               0.125
                 395                8185               21955             1465.04             1697.68               0.125
                 396                8185               27675             1351.67             1697.68               0.125
                 397                8185               23170             1579.99             1697.68               0.125
                 398                8185               30215             1371.94             1697.68               0.125
                 399                8185               24690             1587.82             1697.68               0.125
                 400                8185               28020              1379.6             1697.68               0.125
                 401                8185               22255             1601.03             1697.68               0.125
                 402                8185               29010             1259.18             1697.68               0.125
                 403                8185               20210             1631.61             1697.68               0.125
                 404                8185               29905             1241.77             1697.68              0.0625
Lagrangian Relaxation Time: 4.86992 s.
Tried aggregator 1 time.
MIP Presolve eliminated 320 rows and 742 columns.
MIP Presolve modified 30 coefficients.
Reduced MIP has 740 rows, 3236 columns, and 32265 nonzeros.
Reduced MIP has 1956 binaries, 0 generals, 0 SOSs, and 0 indicators.
Presolve time = 0.01 sec. (9.12 ticks)
Probing time = 0.00 sec. (2.86 ticks)
Tried aggregator 1 time.
MIP Presolve eliminated 57 rows and 114 columns.
Reduced MIP has 683 rows, 3122 columns, and 31526 nonzeros.
Reduced MIP has 1956 binaries, 0 generals, 0 SOSs, and 0 indicators.
Presolve time = 0.02 sec. (11.38 ticks)
Probing time = 0.00 sec. (2.82 ticks)
Clique table members: 100.
MIP emphasis: integer feasibility.
MIP search method: dynamic search.
Parallel mode: none, using 1 thread.
Root relaxation solution time = 0.40 sec. (373.69 ticks)

        Nodes                                         Cuts/
   Node  Left     Objective  IInf  Best Integer    Best Bound    ItCnt     Gap

      0     0     1851.2500    95                   1851.2500     3153         
*     0+    0                         5945.0000     1851.2500            68.86%
      0     0     1858.4783   142     5945.0000       Cuts: 6     3436   68.74%
*     0+    0                         4390.0000     1858.4783            57.67%
*     0+    0                         4295.0000     1858.4783            56.73%
*     0+    0                         3510.0000     1858.4783            47.05%
*     0+    0                         3070.0000     1858.4783            39.46%
      0     2     1858.4783   129     3070.0000     1858.4783     3436   39.46%
Elapsed time = 1.29 sec. (1159.65 ticks, tree = 0.01 MB, solutions = 5)
      3     5     1882.5000    87     3070.0000     1860.5556     5315   39.40%
      4     6     1871.5625   129     3070.0000     1861.6667     5841   39.36%
      5     7     1909.0000   107     3070.0000     1861.6667     7212   39.36%
      6     8     1884.5455   124     3070.0000     1861.6667     8522   39.36%
      7     9     1917.8125   106     3070.0000     1861.6667     9483   39.36%
      8    10     1911.6667    68     3070.0000     1861.6667    10252   39.36%
      9    11     1911.6667    63     3070.0000     1861.6667    10374   39.36%
     10    12     1911.6667    62     3070.0000     1861.6667    10381   39.36%
     11    13     1911.6667    58     3070.0000     1861.6667    10388   39.36%
     12    14     1911.6667    65     3070.0000     1861.6667    10450   39.36%
Elapsed time = 2.27 sec. (2113.86 ticks, tree = 0.04 MB, solutions = 5)
*    20+   20                         2975.0000     1861.6667            37.42%
*    24    24      integral     0     2000.0000     1861.6667    13546    6.92%
     32    28     1916.2500    71     2000.0000     1861.7143    17929    6.91%
     33    29     1932.5000    91     2000.0000     1861.7143    18282    6.91%
     34    30     1956.6667    73     2000.0000     1861.7143    19203    6.91%
     35    31     1958.8235   104     2000.0000     1861.7143    19492    6.91%
     36    32     1975.0000    36     2000.0000     1861.7143    20004    6.91%
     37    33     1975.0000    30     2000.0000     1861.7143    20123    6.91%
     38    34     1982.0000    94     2000.0000     1861.7143    20465    6.91%
     39    33        cutoff           2000.0000     1861.7143    20739    6.91%
     40    34     1993.7500    95     2000.0000     1861.7143    20875    6.91%
Elapsed time = 3.63 sec. (3446.29 ticks, tree = 0.12 MB, solutions = 7)
*    57     9      integral     0     1890.0000     1871.5625    24617    0.98%

Lift and project cuts applied:  1
Gomory fractional cuts applied:  2

Root node processing (before b&c):
  Real time             =    1.26 sec. (1138.64 ticks)
Sequential b&c:
  Real time             =    2.91 sec. (2818.54 ticks)
                          ------------
Total (root+branch&cut) =    4.17 sec. (3957.17 ticks)

Root node processing (before b&c):
  Real time             =    0.00 sec. (1.14 ticks)
Sequential b&c:
  Real time             =    0.00 sec. (0.00 ticks)
                          ------------
Total (root+branch&cut) =    0.00 sec. (1.14 ticks)
Best Solution Found: 1890
Optimality Gap: 0.113286
Solution is feasible
Total Time: 9.04175 s.
Best Solution: 1890
SubProblem Destroyed
...done!
