4
Instancias/Problem_0_737.txt
                   1               65380               66510                1500                1500                   2
                   2               31020               62820        -1.21751e+06                1500                   2
                   3               30690               62270        -1.15848e+06                1500                   2
                   4               30690               62270         -1.1001e+06                1500                   2
                   5               30690               62050        -1.04172e+06                1500                   2
                   6               30690               61955             -983344                1500                   2
                   7               30485               62080             -924969                1500                   2
                   8               30485               61860             -867000                1500                   2
                   9               30155               60650             -809034                1500                   2
                  10               30155               60980             -751724                1500                   2
                  11               30155               60650             -694424                1500                   2
                  12               29935               59315             -661709                1500                   2
                  13               29605               59425             -605144                1500                   2
                  14               29605               59645             -548948                1500                   2
                  15               29495               58985             -493045                1500                   2
                  16               29495               58765             -437059                1500                   2
                  17               29495               58875             -381084                1500                   2
                  18               29040               58075             -329328                1500                   2
                  19               29040               58185             -278725                1500                   2
                  20               28695               57620             -224326                1500                   2
                  21               28240               55735             -171277                1500                   2
                  22               28130               55295             -136806                1500                   2
                  23               28020               55185            -83597.2                1500                   2
                  24               27510               52545            -57724.4                1500                   2
                  25               26960               52605            -34237.7                1500                   2
                  26               26055               52335            -25120.5                1500                   2
                  27               25490               53120            -20785.4                1500                   1
                  28               23855               47245            -15778.1                1500                   1
                  29               22330               45590            -12346.9                1500                   1
                  30               21780               45495            -10506.8                1500                   1
                  31               19500               53750            -23180.1                1500                   1
                  32               19500               51190            -13555.8                1500                   1
                  33               19310               44700             -6444.3                1500                   1
                  34               18070               38160            -4008.93                1500                   1
                  35               16970               41065            -3661.76                1500                   1
                  36               16010               46880               -4907                1500                   1
                  37               14925               38770            -2621.19                1500                   1
                  38               13745               47635             -3417.8                1500                   1
                  39               12945               29365            -1155.25                1500                   1
                  40               12630               61505            -13345.8                1500                   1
                  41               12630               56885            -9014.01                1500                   1
                  42               11655               48045             -3157.3                1500                   1
                  43               11655               48645            -3320.32                1500                   1
                  44               11530               34000            -657.816                1500                   1
                  45               11515               64140            -9488.45                1500                   1
                  46               10950               57355            -5149.27                1500                   1
                  47               10950               45890            -1606.06                1500                   1
                  48               10510               38650             -455.71                1500                   1
                  49               10495               37665            -379.855                1500                   1
                  50               10070               40610             -175.23                1500                   1
                  51                8750               40890            -113.639                1500                   1
                  52                8640               55290            -3365.03                1500                   1
                  53                8530               40395             -1379.1                1500                 0.5
                  54                8530               28895             496.476                1500                 0.5
                  55                8530               42815            -649.816                1500                 0.5
                  56                8530               34790             535.157                1500                 0.5
                  57                8420               24450             1169.05                1500                 0.5
                  58                8420               52215            -2557.07                1500                 0.5
                  59                8310               43700            -767.022                1500                 0.5
                  60                8090               32570             674.433                1500                 0.5
                  61                8090               46480             19.4742                1500                 0.5
                  62                8090               30485             770.938                1500                 0.5
                  63                7870               46340            -347.109                1500                 0.5
                  64                7870               29365             803.978                1500                 0.5
                  65                7870               34915            -215.936                1500                 0.5
                  66                7870               27690             899.654                1500                 0.5
                  67                7760               47910            -778.512                1500                 0.5
                  68                7760               33220             1008.91                1500                 0.5
                  69                7760               41960             78.7696                1500                 0.5
                  70                7760               30250             942.696                1500                 0.5
                  71                7760               42570            -200.011                1500                 0.5
                  72                7760               27780             1101.48                1500                 0.5
                  73                7760               22360             1409.37                1500                 0.5
                  74                7760               52530            -1456.74                1500                 0.5
                  75                7760               32075             399.204                1500                 0.5
                  76                7760               36640             88.9791                1500                 0.5
                  77                7760               27110             1112.62                1500                 0.5
                  78                7760               41015            -452.339                1500                 0.5
                  79                7760               28175              672.34                1500                0.25
                  80                7760               29150             1160.65                1500                0.25
                  81                7760               20475             1532.31             1532.31                0.25
                  82                7760               36190             360.181             1532.31                0.25
                  83                7760               29890             1080.62             1532.31                0.25
                  84                7760               28995             1163.22             1532.31                0.25
                  85                7760               27955             1222.67             1532.31                0.25
                  86                7650               22410             1311.92             1532.31                0.25
                  87                7650               32090             1013.93             1532.31                0.25
                  88                7650               25880             1476.83             1532.31                0.25
                  89                7650               34665             922.026             1532.31                0.25
                  90                7650               20650             1525.19             1532.31                0.25
                  91                7650               38465             697.662             1532.31                0.25
                  92                7650               24075             1242.03             1532.31                0.25
                  93                7650               20180             1514.99             1532.31                0.25
                  94                7650               38610             787.248             1532.31                0.25
                  95                7650               25080             1380.89             1532.31                0.25
                  96                7540               27735              1157.5             1532.31                0.25
                  97                7540               21640             1499.99             1532.31                0.25
                  98                7430               40735             635.029             1532.31                0.25
                  99                7430               29940             1068.16             1532.31                0.25
                 100                7430               22940             1470.85             1532.31                0.25
                 101                7430               36915             850.842             1532.31                0.25
                 102                7430               22205             1545.54             1545.54                0.25
                 103                7430               17020             1726.93             1726.93                0.25
                 104                7430               40890             135.989             1726.93                0.25
                 105                7430               28160             1096.24             1726.93                0.25
                 106                7430               35470             1374.39             1726.93                0.25
                 107                7320               19945             1488.78             1726.93                0.25
                 108                7320               37055             811.335             1726.93                0.25
                 109                7210               26950              1333.1             1726.93                0.25
                 110                7210               25585             1452.64             1726.93                0.25
                 111                7210               32325             1085.88             1726.93                0.25
                 112                7210               27705             1412.52             1726.93                0.25
                 113                7210               27125             1341.45             1726.93                0.25
                 114                7210               27190             1328.89             1726.93                0.25
                 115                7210               25650             1425.73             1726.93                0.25
                 116                7210               29150             1294.35             1726.93                0.25
                 117                7210               22680             1535.48             1726.93                0.25
                 118                7210               25190                1198             1726.93                0.25
                 119                7210               25285             1558.49             1726.93                0.25
                 120                7210               32105             1093.15             1726.93                0.25
                 121                7210               24925             1460.15             1726.93                0.25
                 122                7210               27330             1235.61             1726.93                0.25
                 123                7210               22160             1473.09             1726.93                0.25
                 124                7210               18545             1725.42             1726.93                0.25
                 125                7210               39085             414.544             1726.93                0.25
                 126                7210               32185             906.756             1726.93                0.25
                 127                7210               27800             1449.03             1726.93                0.25
                 128                7210               26840             1358.44             1726.93                0.25
                 129                7210               21625             1500.88             1726.93               0.125
                 130                7210               17100             1647.19             1726.93               0.125
                 131                7210               28540             1481.05             1726.93               0.125
                 132                7210               21390             1651.08             1726.93               0.125
                 133                7210               21140             1628.54             1726.93               0.125
                 134                7210               25835             1577.38             1726.93               0.125
                 135                7210               17620             1725.07             1726.93               0.125
                 136                7210               26970             1394.71             1726.93               0.125
                 137                7210               15435             1801.95             1801.95               0.125
                 138                7210               11005             1841.32             1841.32               0.125
                 139                7210               37340             982.628             1841.32               0.125
                 140                7210               21735             1447.08             1841.32               0.125
                 141                7210               17870             1568.71             1841.32               0.125
                 142                7210               22820             1547.34             1841.32               0.125
                 143                7210               18860             1689.41             1841.32               0.125
                 144                7210               25385             1592.13             1841.32               0.125
                 145                7210               16080             1717.28             1841.32               0.125
                 146                7210               32060             1426.72             1841.32               0.125
                 147                7210               21200              1735.1             1841.32               0.125
                 148                7210               27485                1575             1841.32               0.125
                 149                7210               20700             1731.68             1841.32               0.125
                 150                7210               12750             1815.86             1841.32               0.125
                 151                7210               13315             1849.97             1849.97               0.125
                 152                7210               36145             938.646             1849.97               0.125
                 153                7210               31620             1245.25             1849.97               0.125
                 154                7210               19065             1617.78             1849.97               0.125
                 155                7210               14980             1708.34             1849.97               0.125
                 156                7210               24955             1496.33             1849.97               0.125
                 157                7210               15905             1681.61             1849.97               0.125
                 158                7210               26670             1361.92             1849.97               0.125
                 159                7210               22490             1578.39             1849.97               0.125
                 160                7210               18485             1775.48             1849.97               0.125
                 161                7210               27110              1503.1             1849.97               0.125
                 162                7210               15735             1782.24             1849.97               0.125
                 163                7210               30460             1332.19             1849.97               0.125
                 164                7210               23890              1561.8             1849.97               0.125
                 165                7210               21455             1717.95             1849.97               0.125
                 166                7210               24580             1549.41             1849.97               0.125
                 167                7210               20385             1746.42             1849.97               0.125
                 168                7210               22285             1632.66             1849.97               0.125
                 169                7210               14775             1764.14             1849.97               0.125
                 170                7210               27470             1319.79             1849.97               0.125
                 171                7210               15515             1788.33             1849.97               0.125
                 172                7210               26640             1405.38             1849.97               0.125
                 173                7210               18280             1787.86             1849.97               0.125
                 174                7210               32045             1374.45             1849.97               0.125
                 175                7210               25430             1626.72             1849.97               0.125
                 176                7210               18720             1698.09             1849.97               0.125
                 177                7210               14130             1824.82             1849.97              0.0625
Lagrangian Relaxation Time: 1.19202 s.
Tried aggregator 1 time.
MIP Presolve eliminated 267 rows and 635 columns.
MIP Presolve modified 75 coefficients.
Reduced MIP has 793 rows, 2837 columns, and 24064 nonzeros.
Reduced MIP has 1451 binaries, 0 generals, 0 SOSs, and 0 indicators.
Presolve time = 0.01 sec. (7.29 ticks)
Probing time = 0.00 sec. (2.73 ticks)
Tried aggregator 1 time.
MIP Presolve eliminated 56 rows and 112 columns.
Reduced MIP has 737 rows, 2725 columns, and 23412 nonzeros.
Reduced MIP has 1451 binaries, 0 generals, 0 SOSs, and 0 indicators.
Presolve time = 0.02 sec. (8.87 ticks)
Probing time = 0.00 sec. (2.69 ticks)
Clique table members: 100.
MIP emphasis: integer feasibility.
MIP search method: dynamic search.
Parallel mode: none, using 1 thread.
Root relaxation solution time = 0.36 sec. (306.05 ticks)

        Nodes                                         Cuts/
   Node  Left     Objective  IInf  Best Integer    Best Bound    ItCnt     Gap

      0     0     2046.2603   168                   2046.2603     2877         
*     0+    0                         6385.0000     2046.2603            67.95%
      0     0     2052.2315   170     6385.0000      Fract: 1     3054   67.86%
      0     0     2054.4976   177     6385.0000      Fract: 1     3214   67.82%
*     0+    0                         6385.0000     2054.4976            67.82%
*     0+    0                         4610.0000     2054.4976            55.43%
      0     2     2054.4976   177     4610.0000     2054.5756     3214   55.43%
Elapsed time = 0.93 sec. (707.31 ticks, tree = 0.01 MB, solutions = 3)
      4     6     2083.2915   157     4610.0000     2055.7194     5332   55.41%
      5     7     2058.8261   174     4610.0000     2056.0826     5424   55.40%
      6     8     2218.0580   191     4610.0000     2058.8465     6462   55.34%
      7     9     2066.4919   170     4610.0000     2059.0371     6645   55.34%
      8    10     2128.1132   149     4610.0000     2066.4961     7171   55.17%
      9    11     2088.2812   138     4610.0000     2066.4961     8022   55.17%
     10    12     2116.5789   175     4610.0000     2066.4961     8981   55.17%
     11    13     2100.5882   148     4610.0000     2066.4961     9609   55.17%
     12    14     2115.3125   164     4610.0000     2066.4961    10020   55.17%
     16    18     2300.0000    78     4610.0000     2066.4961    11162   55.17%
Elapsed time = 1.95 sec. (1700.41 ticks, tree = 0.11 MB, solutions = 3)
*    23    19      integral     0     2315.0000     2066.4961    12254   10.73%
     57    37     2161.9855   168     2315.0000     2087.6997    19304    9.82%
     58    38     2187.0312   167     2315.0000     2087.6997    19486    9.82%
     59    39     2203.4542   159     2315.0000     2087.6997    19781    9.82%
     60    40     2215.3677   176     2315.0000     2087.6997    19958    9.82%
     61    41     2239.3429   181     2315.0000     2087.6997    20135    9.82%
     62    42     2256.5479   166     2315.0000     2087.6997    20271    9.82%
     63    43     2284.8655   156     2315.0000     2087.6997    20424    9.82%
     64    44     2292.3016   170     2315.0000     2087.6997    20583    9.82%
     65    43        cutoff           2315.0000     2087.6997    20695    9.82%
     66    42        cutoff           2315.0000     2087.6997    20704    9.82%
Elapsed time = 3.16 sec. (2820.12 ticks, tree = 0.31 MB, solutions = 4)
*    89    52      integral     0     2250.0000     2087.6997    25559    7.21%
    118    71     2101.6667   120     2250.0000     2101.6667    28947    6.59%
    119    72     2117.5000   124     2250.0000     2101.6667    29078    6.59%
    120    73     2130.3125   100     2250.0000     2101.6667    29296    6.59%
    121    74     2130.3125    97     2250.0000     2101.6667    29297    6.59%
    122    75     2158.5714    90     2250.0000     2101.6667    29472    6.59%
    123    76     2199.6296    95     2250.0000     2101.6667    29692    6.59%
    124    77     2205.0000   102     2250.0000     2101.6667    29790    6.59%
    125    78     2214.7887   113     2250.0000     2101.6667    29906    6.59%
    126    79     2244.4444   101     2250.0000     2101.6667    30144    6.59%
Elapsed time = 4.40 sec. (3937.02 ticks, tree = 0.56 MB, solutions = 5)
    189   110     2173.9286    78     2250.0000     2112.8472    38289    6.10%
    190   111     2186.0000    59     2250.0000     2112.8472    38395    6.10%
    191   112     2225.0000    32     2250.0000     2112.8472    38497    6.10%
    192   113     2206.6667    34     2250.0000     2112.8472    38579    6.10%
    193   114     2217.5000    22     2250.0000     2112.8472    38607    6.10%
    194   115     2223.1250    48     2250.0000     2112.8472    38697    6.10%
    195   114        cutoff           2250.0000     2112.8472    38799    6.10%
    196   113        cutoff           2250.0000     2112.8472    38842    6.10%
    197   112        cutoff           2250.0000     2112.8472    38950    6.10%
    198   113     2233.0435   177     2250.0000     2112.8472    39411    6.10%
Elapsed time = 5.62 sec. (5030.21 ticks, tree = 0.80 MB, solutions = 5)
    273   154     2215.4000    94     2250.0000     2117.5000    47810    5.89%
    274   155     2217.5000    44     2250.0000     2117.5000    47850    5.89%
    275   156     2224.0625   108     2250.0000     2117.5000    47938    5.89%
    276   157     2224.0625   108     2250.0000     2117.5000    47939    5.89%
    277   158     2226.0000   116     2250.0000     2117.5000    47993    5.89%
    278   159     2226.0000   116     2250.0000     2117.5000    47998    5.89%
    279   160     2238.1250    85     2250.0000     2117.5000    48057    5.89%
    280   159        cutoff           2250.0000     2117.5000    48128    5.89%
    281   158        cutoff           2250.0000     2117.5000    48167    5.89%
    282   159     2221.2360   175     2250.0000     2117.5000    48745    5.89%
Elapsed time = 8.75 sec. (6097.76 ticks, tree = 1.24 MB, solutions = 5)
*   323    52      integral     0     2185.0000     2130.3125    53436    2.50%
    355    54     2159.4444   137     2185.0000     2149.0952    57104    1.64%
    356    55     2162.0588   148     2185.0000     2149.0952    57179    1.64%
    357    56     2167.7778   140     2185.0000     2149.0952    57226    1.64%
    358    57     2183.3333    45     2185.0000     2149.0952    57443    1.64%
    359    58     2183.3333    36     2185.0000     2149.0952    57448    1.64%
    360    57        cutoff           2185.0000     2149.0952    57464    1.64%
    361    56        cutoff           2185.0000     2149.0952    57482    1.64%
    362    57     2160.2083   164     2185.0000     2152.5000    57704    1.49%
    363    58     2167.5000   175     2185.0000     2152.5000    57869    1.49%
Elapsed time = 10.70 sec. (7152.10 ticks, tree = 0.45 MB, solutions = 6)

Gomory fractional cuts applied:  2

Root node processing (before b&c):
  Real time             =    0.90 sec. (689.22 ticks)
Sequential b&c:
  Real time             =   10.15 sec. (6748.55 ticks)
                          ------------
Total (root+branch&cut) =   11.05 sec. (7437.77 ticks)

Root node processing (before b&c):
  Real time             =    0.00 sec. (0.80 ticks)
Sequential b&c:
  Real time             =    0.00 sec. (0.00 ticks)
                          ------------
Total (root+branch&cut) =    0.00 sec. (0.80 ticks)
Best Solution Found: 2185
Optimality Gap: 0.181097
Solution is feasible
Total Time: 12.2393 s.
Best Solution: 2185
SubProblem Destroyed
...done!
