4
Instancias/Problem_0_369.txt
                   1               64880               65300                1500                1500                   2
                   2               29715               66105        -1.11047e+06                1500                   2
                   3               29385               65665        -1.05405e+06                1500                   2
                   4               29385               65335             -998283                1500                   2
                   5               29385               65350             -942521                1500                   2
                   6               29370               65980             -886769                1500                   2
                   7               29370               65635             -831033                1500                   2
                   8               29370               65745             -775293                1500                   2
                   9               29040               66420             -719564                1500                   2
                  10               29040               66420             -667816                1500                   2
                  11               29040               66200             -616408                1500                   2
                  12               29040               66530             -561655                1500                   2
                  13               28835               65555             -507223                1500                   2
                  14               28630               64470             -452577                1500                   2
                  15               28630               64250             -399586                1500                   2
                  16               28630               64250             -345331                1500                   2
                  17               28630               64030             -313521                1500                   2
                  18               28630               63605             -259277                1500                   2
                  19               28410               62300             -205029                1500                   2
                  20               28190               61515             -161406                1500                   2
                  21               27970               61185             -108178                1500                   2
                  22               27970               60760            -78210.1                1500                   2
                  23               26540               59345            -42492.7                1500                   2
                  24               24890               57415            -29201.9                1500                   2
                  25               23035               54420            -19918.9                1500                   2
                  26               21540               51920            -15879.3                1500                   2
                  27               18630               48005            -12844.9                1500                   1
                  28               18285               45680            -9217.39                1500                   1
                  29               17750               42400            -7104.25                1500                   1
                  30               16950               38910            -5734.11                1500                   1
                  31               16635               41515            -6087.89                1500                   1
                  32               15110               47975            -5139.24                1500                   1
                  33               13775               57490            -7295.87                1500                   1
                  34               13335               45480            -3188.81                1500                   1
                  35               13085               54315            -5762.32                1500                   1
                  36               12080               41235            -1624.07                1500                   1
                  37               11985               36575            -644.974                1500                   1
                  38               11625               43295            -1608.62                1500                   1
                  39               10415               63715            -6160.36                1500                   1
                  40               10100               56530            -3638.95                1500                   1
                  41                9550               43770            -1014.06                1500                   1
                  42                9000               55495            -3838.63                1500                   1
                  43                8890               36855            -625.637                1500                   1
                  44                8560               37600              192.79                1500                   1
                  45                8560               28310             743.738                1500                   1
                  46                8355               64200             -8307.3                1500                   1
                  47                8355               62895            -6219.96                1500                   1
                  48                8355               51050             -2855.8                1500                   1
                  49                8355               42815            -884.286                1500                   1
                  50                8245               33920             355.155                1500                   1
                  51                8245               62175            -5622.05                1500                   1
                  52                8245               46195            -1676.66                1500                   1
                  53                8245               42480            -452.285                1500                 0.5
                  54                8245               37835             356.111                1500                 0.5
                  55                8245               45185             229.555                1500                 0.5
                  56                8040               28610             1194.63                1500                 0.5
                  57                8040               58755            -1569.56                1500                 0.5
                  58                8040               42820             58.7869                1500                 0.5
                  59                8040               30230             810.512                1500                 0.5
                  60                8040               29635             1294.32                1500                 0.5
                  61                8040               47690            -1404.17                1500                 0.5
                  62                8040               36750             367.868                1500                 0.5
                  63                8040               42030             678.028                1500                 0.5
                  64                8040               38620             846.415                1500                 0.5
                  65                8040               36875             608.343                1500                 0.5
                  66                8040               26005             1267.82                1500                 0.5
                  67                8040               53265            -1254.61                1500                 0.5
                  68                8040               38825             385.388                1500                 0.5
                  69                8040               39045              864.06                1500                 0.5
                  70                8040               26130             1457.95                1500                 0.5
                  71                8040               51940            -1431.28                1500                 0.5
                  72                8040               35805             896.712                1500                 0.5
                  73                8040               26785             1519.53             1519.53                 0.5
                  74                8040               51570            -1528.26             1519.53                 0.5
                  75                8040               44265            -107.505             1519.53                 0.5
                  76                8040               30905             1160.27             1519.53                 0.5
                  77                8040               48665            -260.263             1519.53                 0.5
                  78                7930               35995             1164.64             1519.53                 0.5
                  79                7915               23020             1636.39             1636.39                 0.5
                  80                7820               49715             -2241.4             1636.39                 0.5
                  81                7820               42550            -424.656             1636.39                 0.5
                  82                7820               37345             1021.97             1636.39                 0.5
                  83                7820               38075             606.476             1636.39                 0.5
                  84                7790               38595             1019.63             1636.39                 0.5
                  85                7790               41985             889.742             1636.39                 0.5
                  86                7680               39015              1044.9             1636.39                 0.5
                  87                7680               45645              672.54             1636.39                 0.5
                  88                7680               24135             1553.33             1636.39                 0.5
                  89                7555               43820            -564.584             1636.39                 0.5
                  90                7555               31600              711.33             1636.39                 0.5
                  91                7555               41370             274.094             1636.39                 0.5
                  92                7555               26335             1434.69             1636.39                 0.5
                  93                7460               47845            -467.909             1636.39                 0.5
                  94                7460               37240             738.242             1636.39                 0.5
                  95                7460               36675             910.991             1636.39                 0.5
                  96                7460               23980             1550.46             1636.39                 0.5
                  97                7460               50250            -673.567             1636.39                 0.5
                  98                7460               35320             454.873             1636.39                 0.5
                  99                7460               41655              1153.1             1636.39                 0.5
                 100                7460               30450              1137.3             1636.39                 0.5
                 101                7460               45690             387.614             1636.39                 0.5
                 102                7460               36190             1334.39             1636.39                 0.5
                 103                7460               22155             1664.53             1664.53                 0.5
                 104                7460               60530            -2197.25             1664.53                 0.5
                 105                7460               44975             76.7638             1664.53                 0.5
                 106                7460               29525             1118.65             1664.53                 0.5
                 107                7460               43085             250.957             1664.53                 0.5
                 108                7460               29225             1292.19             1664.53                 0.5
                 109                7460               51695            -515.771             1664.53                 0.5
                 110                7460               37035             1265.21             1664.53                 0.5
                 111                7460               45940             588.912             1664.53                 0.5
                 112                7460               29290             1524.06             1664.53                 0.5
                 113                7460               52420            -685.699             1664.53                 0.5
                 114                7460               33325             1126.44             1664.53                 0.5
                 115                7460               41355             809.131             1664.53                 0.5
                 116                7460               33610             1319.53             1664.53                 0.5
                 117                7460               26585             1760.41             1760.41                 0.5
                 118                7460               49640            -1487.12             1760.41                 0.5
                 119                7460               47570            -260.788             1760.41                 0.5
                 120                7460               35130             1187.13             1760.41                 0.5
                 121                7460               42645             602.359             1760.41                 0.5
                 122                7460               28630             1445.09             1760.41                 0.5
                 123                7460               26760             1610.91             1760.41                 0.5
                 124                7460               26370             1590.56             1760.41                 0.5
                 125                7460               40650             -474.27             1760.41                 0.5
                 126                7460               34615             880.503             1760.41                 0.5
                 127                7460               41010             757.625             1760.41                 0.5
                 128                7460               37050              1269.7             1760.41                 0.5
                 129                7460               45220             462.359             1760.41                 0.5
                 130                7460               29680             1478.23             1760.41                 0.5
                 131                7460               47280            -266.004             1760.41                 0.5
                 132                7460               30845             1355.39             1760.41                 0.5
                 133                7460               17915             1819.98             1819.98                 0.5
                 134                7460               17225             1873.67             1873.67                 0.5
                 135                7460               57325            -4279.45             1873.67                 0.5
                 136                7460               52655            -2690.45             1873.67                 0.5
                 137                7460               43790            -248.488             1873.67                 0.5
                 138                7460               33640             930.932             1873.67                 0.5
                 139                7460               35995             957.555             1873.67                 0.5
                 140                7460               34830             1077.21             1873.67                 0.5
                 141                7460               25440             1595.15             1873.67                 0.5
                 142                7460               22235             1741.25             1873.67                 0.5
                 143                7350               48980            -1684.76             1873.67                 0.5
                 144                7350               44690            -537.806             1873.67                 0.5
                 145                7350               30815             1003.09             1873.67                 0.5
                 146                7350               50420             477.711             1873.67                 0.5
                 147                7350               28895             1579.95             1873.67                 0.5
                 148                7350               52200            -435.379             1873.67                 0.5
                 149                7350               38715             1058.87             1873.67                 0.5
                 150                7350               31035             1357.51             1873.67                 0.5
                 151                7350               48855            -53.5012             1873.67                 0.5
                 152                7350               34455             1305.73             1873.67                 0.5
                 153                7350               24980             1781.81             1873.67                 0.5
                 154                7350               25865             1676.28             1873.67                 0.5
                 155                7350               52810             -1103.9             1873.67                 0.5
                 156                7350               41385             320.388             1873.67                 0.5
                 157                7350               31360             1187.11             1873.67                 0.5
                 158                7350               43055             442.679             1873.67                 0.5
                 159                7350               30905              1428.2             1873.67                 0.5
                 160                7350               42505             102.327             1873.67                0.25
                 161                7350               34745             944.251             1873.67                0.25
                 162                7350               30475             1523.17             1873.67                0.25
                 163                7350               30395              1431.8             1873.67                0.25
                 164                7350               25030             1610.26             1873.67                0.25
                 165                7350               35170             1251.77             1873.67                0.25
                 166                7350               26255                1710             1873.67                0.25
                 167                7350               37430             1199.94             1873.67                0.25
                 168                7350               19505             1832.53             1873.67                0.25
                 169                7350               48050             458.919             1873.67                0.25
                 170                7350               29710             1579.16             1873.67                0.25
                 171                7350               30425              1669.3             1873.67                0.25
                 172                7350               34600             1611.34             1873.67                0.25
                 173                7350               20210             1872.07             1873.67                0.25
                 174                7350               13830             1939.77             1939.77                0.25
                 175                7350               48020            -563.483             1939.77                0.25
                 176                7350               39265             623.272             1939.77                0.25
                 177                7350               27165             1469.22             1939.77                0.25
                 178                7350               31950             1653.44             1939.77                0.25
                 179                7350               32725             1641.72             1939.77                0.25
                 180                7350               33630             1588.86             1939.77                0.25
                 181                7350               16205             1921.85             1939.77                0.25
                 182                7350               46840             72.3847             1939.77                0.25
                 183                7350               38510             844.679             1939.77                0.25
                 184                7350               23020             1722.27             1939.77                0.25
                 185                7350               32845             1247.04             1939.77                0.25
                 186                7350               27110             1744.92             1939.77                0.25
                 187                7350               33990             1496.49             1939.77                0.25
                 188                7350               23945             1831.92             1939.77                0.25
                 189                7350               38075              1087.2             1939.77                0.25
                 190                7350               30030             1691.09             1939.77                0.25
                 191                7350               36095             1606.43             1939.77                0.25
                 192                7350               22865             1803.01             1939.77                0.25
                 193                7225               47315             974.788             1939.77                0.25
                 194                7225               39835             1443.34             1939.77                0.25
                 195                7225               23635              1877.8             1939.77                0.25
                 196                7225               42680             1120.02             1939.77                0.25
                 197                7225               29435             1633.96             1939.77                0.25
                 198                7225               28975             1682.64             1939.77                0.25
                 199                7225               29970             1638.53             1939.77                0.25
                 200                7225               33845             1625.55             1939.77               0.125
                 201                7225               14255             1998.12             1998.12               0.125
                 202                7225               36460             1400.97             1998.12               0.125
                 203                7225               30455             1623.16             1998.12               0.125
                 204                7225               17915             1987.88             1998.12               0.125
                 205                7225               13315             2032.63             2032.63               0.125
                 206                7225               37885             1182.31             2032.63               0.125
                 207                7225               32590             1542.68             2032.63               0.125
                 208                7225               22110              1910.5             2032.63               0.125
                 209                7225               15920             1996.17             2032.63               0.125
                 210                7225               39475             1403.06             2032.63               0.125
                 211                7225               30550             1745.14             2032.63               0.125
                 212                7225               19440             1987.56             2032.63               0.125
                 213                7225               12340             2049.38             2049.38               0.125
                 214                7225               45335             998.218             2049.38               0.125
                 215                7225               39035              1372.9             2049.38               0.125
                 216                7225               25110             1779.41             2049.38               0.125
                 217                7225               20320             1994.03             2049.38               0.125
                 218                7225               33990             1773.25             2049.38               0.125
                 219                7225               23665             1969.24             2049.38               0.125
                 220                7225               23560             1878.39             2049.38               0.125
                 221                7225               16300             2037.55             2049.38               0.125
                 222                7225               44610             1484.65             2049.38               0.125
                 223                7225               26165             1880.28             2049.38               0.125
                 224                7225               19410             1996.98             2049.38               0.125
                 225                7225               11050              2091.2              2091.2               0.125
                 226                7225               43215              670.03              2091.2               0.125
                 227                7225               40120             1171.16              2091.2               0.125
                 228                7225               29055             1633.08              2091.2               0.125
                 229                7225               25805             1881.33              2091.2               0.125
                 230                7225               20085             1967.13              2091.2               0.125
                 231                7225               34475             1697.58              2091.2               0.125
                 232                7225               23885             1953.15              2091.2               0.125
                 233                7225               26605             1945.96              2091.2               0.125
                 234                7225               19945             1959.61              2091.2               0.125
                 235                7225               13360             2074.31              2091.2               0.125
                 236                7225               39045             1255.58              2091.2               0.125
                 237                7225               35510              1439.5              2091.2               0.125
                 238                7225               28220             1877.02              2091.2               0.125
                 239                7225               24580             1959.86              2091.2               0.125
                 240                7225               14065             2080.16              2091.2               0.125
                 241                7225               38170             1304.58              2091.2               0.125
                 242                7225               31255             1653.43              2091.2               0.125
                 243                7225               21515             2004.88              2091.2               0.125
                 244                7225               30170             1771.67              2091.2               0.125
                 245                7225               25850             1924.89              2091.2               0.125
                 246                7225               26385             1990.26              2091.2               0.125
                 247                7225               29685             1887.06              2091.2               0.125
                 248                7225               17915             2050.07              2091.2               0.125
                 249                7225               33830             1625.41              2091.2               0.125
                 250                7225               28930              1832.8              2091.2               0.125
                 251                7225               26320                1932              2091.2              0.0625
Lagrangian Relaxation Time: 1.85357 s.
Tried aggregator 1 time.
MIP Presolve eliminated 333 rows and 770 columns.
MIP Presolve modified 6 coefficients.
Reduced MIP has 727 rows, 3011 columns, and 28767 nonzeros.
Reduced MIP has 1757 binaries, 0 generals, 0 SOSs, and 0 indicators.
Presolve time = 0.01 sec. (7.75 ticks)
Probing time = 0.00 sec. (2.80 ticks)
Tried aggregator 1 time.
MIP Presolve eliminated 46 rows and 92 columns.
Reduced MIP has 681 rows, 2919 columns, and 28195 nonzeros.
Reduced MIP has 1757 binaries, 0 generals, 0 SOSs, and 0 indicators.
Presolve time = 0.02 sec. (10.25 ticks)
Probing time = 0.00 sec. (2.77 ticks)
Clique table members: 100.
MIP emphasis: integer feasibility.
MIP search method: dynamic search.
Parallel mode: none, using 1 thread.
Root relaxation solution time = 0.27 sec. (236.84 ticks)

        Nodes                                         Cuts/
   Node  Left     Objective  IInf  Best Integer    Best Bound    ItCnt     Gap

      0     0     2309.6316   160                   2309.6316     1996         
*     0+    0                         4815.0000     2309.6316            52.03%
      0     0     2312.8307   151     4815.0000      Fract: 1     2214   51.97%
*     0+    0                         4720.0000     2312.8307            51.00%
*     0+    0                         4610.0000     2312.8307            49.83%
*     0+    0                         2740.0000     2312.8307            15.59%
      0     2     2312.8307   149     2740.0000     2312.8483     2214   15.59%
Elapsed time = 1.02 sec. (777.26 ticks, tree = 0.01 MB, solutions = 4)
      4     6     2316.3424   154     2740.0000     2316.3424     4524   15.46%
      5     7     2316.3424   154     2740.0000     2316.3461     5200   15.46%
      6     8     2323.6991   154     2740.0000     2316.3461     5929   15.46%
      7     9     2317.7907   142     2740.0000     2316.3461     6313   15.46%
      8    10     2323.3762   148     2740.0000     2316.3461     6546   15.46%
      9    11     2322.8082   128     2740.0000     2316.3461     6851   15.46%
     10    12     2327.0199   155     2740.0000     2316.3461     7115   15.46%
     11    13     2335.7143   128     2740.0000     2316.3461     7613   15.46%
     12    14     2347.5000    86     2740.0000     2316.3461     7877   15.46%
     15    17     2378.5935   144     2740.0000     2316.3461     9152   15.46%
Elapsed time = 4.33 sec. (1817.70 ticks, tree = 0.02 MB, solutions = 4)
*    43    41      integral     0     2690.0000     2316.3461    15256   13.89%
     52    46     2352.7104   141     2690.0000     2317.7907    16671   13.84%
     53    47     2329.8110   175     2690.0000     2317.7907    16886   13.84%
     54    48     2330.7895   104     2690.0000     2317.7907    17005   13.84%
     55    49     2342.0000   103     2690.0000     2317.7907    17629   13.84%
     56    50     2335.4545    95     2690.0000     2317.7907    17905   13.84%
     57    51     2338.5714    97     2690.0000     2317.7907    18021   13.84%
     58    52     2343.7500    97     2690.0000     2317.7907    18311   13.84%
     59    53     2342.0000   102     2690.0000     2317.7907    18442   13.84%
     60    54     2383.8889   117     2690.0000     2317.7907    19057   13.84%
Elapsed time = 5.87 sec. (3174.62 ticks, tree = 0.32 MB, solutions = 5)
     84    78     2579.8333    79     2690.0000     2317.7907    26520   13.84%
     85    79     2592.4444   112     2690.0000     2317.7907    26650   13.84%
     86    80     2673.2849   165     2690.0000     2317.7907    27152   13.84%
     87    81     2649.2231   166     2690.0000     2317.7907    27932   13.84%
     88    82     2611.2745   157     2690.0000     2317.7907    28184   13.84%
     89    83     2620.4438   164     2690.0000     2317.7907    28357   13.84%
     90    84     2625.2519   167     2690.0000     2317.7907    28528   13.84%
     91    85     2646.2037   140     2690.0000     2317.7907    28703   13.84%
     92    86     2680.9116   144     2690.0000     2317.7907    28818   13.84%
     93    85        cutoff           2690.0000     2317.7907    28971   13.84%
Elapsed time = 7.25 sec. (4410.34 ticks, tree = 0.46 MB, solutions = 5)
    144   128     2409.0574   153     2690.0000     2317.7907    35551   13.84%
    145   129     2413.8491   159     2690.0000     2317.7907    35681   13.84%
    146   130     2419.5895   168     2690.0000     2317.7907    35786   13.84%
    147   131     2426.1957   157     2690.0000     2317.7907    35891   13.84%
    148   132     2428.6234   160     2690.0000     2317.7907    35993   13.84%
    149   133     2433.4595   157     2690.0000     2317.7907    36096   13.84%
    150   134     2438.2563   155     2690.0000     2317.7907    36201   13.84%
    151   135     2453.1475   150     2690.0000     2317.7907    36365   13.84%
    152   136     2461.3643   150     2690.0000     2317.7907    36527   13.84%
    153   137     2472.2260   142     2690.0000     2317.7907    36668   13.84%
Elapsed time = 10.70 sec. (5540.28 ticks, tree = 0.94 MB, solutions = 5)
*   199    56      integral     0     2375.0000     2317.7907    41901    2.41%
    205    62     2365.7228   213     2375.0000     2317.7907    43035    2.41%
    206    63     2355.3479   230     2375.0000     2317.7907    43169    2.41%
    207    64     2362.7480   238     2375.0000     2317.7907    43237    2.41%
    208    65     2374.0853   216     2375.0000     2317.7907    43652    2.41%
    209    66     2367.9538   232     2375.0000     2317.7907    43776    2.41%
    210    65        cutoff           2375.0000     2317.7907    43825    2.41%
    211    64        cutoff           2375.0000     2317.7907    43832    2.41%
    212    63        cutoff           2375.0000     2317.7907    43865    2.41%
    213    62        cutoff           2375.0000     2317.7907    44045    2.41%
Elapsed time = 11.89 sec. (6637.79 ticks, tree = 0.30 MB, solutions = 6)
    260    95     2349.6508   180     2375.0000     2323.3762    50610    2.17%
    261    96     2349.9827   159     2375.0000     2323.3762    50645    2.17%
    262    97     2349.9827   159     2375.0000     2323.3762    50646    2.17%
    263    98     2351.5831   168     2375.0000     2323.3762    50706    2.17%
    264    99     2351.6016   167     2375.0000     2323.3762    50729    2.17%
    265   100     2351.6259   168     2375.0000     2323.3762    50741    2.17%
    266   101     2352.9580   169     2375.0000     2323.3762    50814    2.17%
    267   102     2359.5455   136     2375.0000     2323.3762    51021    2.17%
    268   103     2361.2313   144     2375.0000     2323.3762    51145    2.17%
    269   104     2364.6815   153     2375.0000     2323.3762    51334    2.17%
Elapsed time = 13.04 sec. (7694.78 ticks, tree = 0.68 MB, solutions = 6)
    321   138     2333.6000   156     2375.0000     2323.7073    57801    2.16%
    322   139     2348.9214   167     2375.0000     2323.7073    58394    2.16%
    323   140     2336.7175   157     2375.0000     2323.7073    58510    2.16%
    324   141     2353.3158   144     2375.0000     2323.7073    58929    2.16%
    325   142     2353.3158   143     2375.0000     2323.7073    58931    2.16%
    326   143     2355.7812   150     2375.0000     2323.7073    59054    2.16%
    327   142        cutoff           2375.0000     2323.7073    59452    2.16%
    328   143     2359.2308   146     2375.0000     2323.7073    59568    2.16%
    329   144     2368.2967   170     2375.0000     2323.7073    59838    2.16%
    330   143        cutoff           2375.0000     2323.7073    59906    2.16%
Elapsed time = 14.39 sec. (8986.01 ticks, tree = 0.99 MB, solutions = 6)
    384   167     2339.4262   167     2375.0000     2327.0199    67024    2.02%
    385   168     2345.0000   119     2375.0000     2327.0199    67132    2.02%
    386   169     2345.0000    46     2375.0000     2327.0199    67142    2.02%
    387   170     2354.1848   175     2375.0000     2327.0199    67347    2.02%
    388   171     2360.8065   135     2375.0000     2327.0199    67440    2.02%
    389   172     2362.6250   144     2375.0000     2327.0199    67492    2.02%
    390   171        cutoff           2375.0000     2327.0199    67529    2.02%
    391   170        cutoff           2375.0000     2327.0199    67699    2.02%
    392   171     2327.0199   155     2375.0000     2327.0199    67703    2.02%
    393   172     2330.2586   129     2375.0000     2327.0199    67853    2.02%
Elapsed time = 15.54 sec. (10062.15 ticks, tree = 1.27 MB, solutions = 6)
    440   193        cutoff           2375.0000     2327.9167    75053    1.98%
    441   194     2350.7039   201     2375.0000     2328.2019    75655    1.97%
    442   195     2361.3295   157     2375.0000     2328.2019    75838    1.97%
    443   196     2371.7378   123     2375.0000     2328.2019    76012    1.97%
    444   195        cutoff           2375.0000     2328.2019    76034    1.97%
    445   194        cutoff           2375.0000     2328.2019    76041    1.97%
    446   195     2349.8701   140     2375.0000     2328.8000    76452    1.95%
    447   196     2362.5832   180     2375.0000     2328.8000    76839    1.95%
    448   197     2368.0000   184     2375.0000     2328.8000    77214    1.95%
    449   196        cutoff           2375.0000     2328.8000    77347    1.95%
Elapsed time = 16.88 sec. (11335.11 ticks, tree = 1.50 MB, solutions = 6)
    500   213     2345.0000   100     2375.0000     2331.0714    84199    1.85%
    501   214     2348.8921   174     2375.0000     2331.0714    84313    1.85%
    502   215     2352.5000    54     2375.0000     2331.0714    84406    1.85%
    503   216     2355.0000   148     2375.0000     2331.0714    84478    1.85%
    504   217     2357.5919   184     2375.0000     2331.0714    84606    1.85%
    505   218     2361.8750   137     2375.0000     2331.0714    84660    1.85%
    506   219     2361.8750   135     2375.0000     2331.0714    84662    1.85%
    507   220     2365.7534   144     2375.0000     2331.0714    84778    1.85%
    508   219        cutoff           2375.0000     2331.0714    84855    1.85%
*   584    78      integral     0     2345.0000     2332.1429    95378    0.55%

Gomory fractional cuts applied:  1

Root node processing (before b&c):
  Real time             =    1.00 sec. (762.98 ticks)
Sequential b&c:
  Real time             =   18.55 sec. (13060.84 ticks)
                          ------------
Total (root+branch&cut) =   19.55 sec. (13823.82 ticks)

Root node processing (before b&c):
  Real time             =    0.00 sec. (0.98 ticks)
Sequential b&c:
  Real time             =    0.00 sec. (0.00 ticks)
                          ------------
Total (root+branch&cut) =    0.00 sec. (0.98 ticks)
Best Solution Found: 2345
Optimality Gap: 0.121366
Solution is feasible
Total Time: 21.3787 s.
Best Solution: 2345
SubProblem Destroyed
...done!
