4
Instancias/Problem_0_896.txt
                   1               64760               66070                1500                1500                   2
                   2               31030               55155             -976504                1500                   2
                   3               29600               52735             -917464                1500                   2
                   4               29600               52735             -861265                1500                   2
                   5               29285               52625             -805071                1500                   2
                   6               29175               52405             -749503                1500                   2
                   7               29175               52595             -694169                1500                   2
                   8               29080               52610             -638821                1500                   2
                   9               29080               52610             -603526                1500                   2
                  10               29080               52720             -548368                1500                   2
                  11               29080               52515             -493210                1500                   2
                  12               29080               51525             -438084                1500                   2
                  13               29080               51430             -386826                1500                   2
                  14               29080               51210             -331715                1500                   2
                  15               28750               51680             -276613                1500                   2
                  16               28750               52090             -229859                1500                   2
                  17               28545               51460             -175475                1500                   2
                  18               28090               50125             -132271                1500                   2
                  19               26745               48975            -83901.4                1500                   2
                  20               25865               48475              -50589                1500                   2
                  21               24970               47040            -23145.6                1500                   2
                  22               23680               46285              -14750                1500                   2
                  23               23145               45140            -12686.2                1500                   2
                  24               19215               64400             -110922                1500                   2
                  25               18885               63395            -78430.3                1500                   2
                  26               18775               63065            -53071.1                1500                   2
                  27               18555               62030            -28486.2                1500                   1
                  28               18445               61135            -19405.4                1500                   1
                  29               18445               59825            -13609.3                1500                   1
                  30               17345               49635             -7630.3                1500                   1
                  31               14565               42260            -6146.33                1500                   1
                  32               14125               36385            -3745.05                1500                   1
                  33               13575               55260            -8721.54                1500                   1
                  34               13575               49495            -4423.33                1500                   1
                  35               12805               47670            -3901.13                1500                   1
                  36               12790               36435            -1329.68                1500                   1
                  37               12145               63055            -11367.3                1500                   1
                  38               12145               62160            -6719.58                1500                   1
                  39               12035               44635            -2271.06                1500                   1
                  40               11690               38650            -685.317                1500                   1
                  41               11580               53910            -9031.28                1500                   1
                  42               11580               48740            -4223.76                1500                   1
                  43               11015               30800            -713.941                1500                   1
                  44               10890               63345            -9569.48                1500                   1
                  45               10890               55500            -4967.98                1500                   1
                  46               10105               35430            -1978.63                1500                   1
                  47                9790               56265            -5047.89                1500                   1
                  48                9790               48170            -2359.17                1500                   1
                  49                9350               31595            -626.655                1500                   1
                  50                9240               33520             -505.24                1500                   1
                  51                9240               25190             357.699                1500                   1
                  52                9240               53745            -7613.82                1500                   1
                  53                9240               44480             -3776.5                1500                 0.5
                  54                9240               36940            -1140.68                1500                 0.5
                  55                9240               36815            -505.251                1500                 0.5
                  56                9240               37145            -358.683                1500                 0.5
                  57                9130               25690             610.331                1500                 0.5
                  58                9130               46685            -1714.78                1500                 0.5
                  59                9020               37320            -91.2611                1500                 0.5
                  60                9020               39315            -77.9127                1500                 0.5
                  61                9020               38250             319.205                1500                 0.5
                  62                9020               23430             268.362                1500                 0.5
                  63                9020               48395            -1261.04                1500                 0.5
                  64                9020               27185             513.094                1500                 0.5
                  65                9020               43980            -886.508                1500                 0.5
                  66                9020               27310             747.038                1500                 0.5
                  67                9020               48180            -1406.74                1500                 0.5
                  68                9020               27435             754.227                1500                 0.5
                  69                9020               41735            -1333.95                1500                 0.5
                  70                9020               29225             15.6984                1500                 0.5
                  71                9020               39300            -181.699                1500                 0.5
                  72                8910               30690             575.493                1500                 0.5
                  73                8690               36580            -190.106                1500                 0.5
                  74                8690               25585             711.614                1500                 0.5
                  75                8690               49695            -1527.17                1500                 0.5
                  76                8565               38560            -97.3805                1500                 0.5
                  77                8565               29555             587.426                1500                 0.5
                  78                8565               19030             1083.06                1500                 0.5
                  79                8345               53375            -3379.58                1500                0.25
                  80                8345               45360            -1839.87                1500                0.25
                  81                8345               39375             -468.85                1500                0.25
                  82                8345               31940             168.508                1500                0.25
                  83                8345               26725             874.554                1500                0.25
                  84                8345               33940             575.508                1500                0.25
                  85                8345               21825             1109.06                1500                0.25
                  86                8345               34885             458.368                1500                0.25
                  87                8345               20020             1249.73                1500                0.25
                  88                8345               43085              140.58                1500                0.25
                  89                8345               21655             1113.35                1500                0.25
                  90                8345               39270             366.153                1500                0.25
                  91                8345               22770             1157.82                1500                0.25
                  92                8345               37855             540.763                1500                0.25
                  93                8345               19970             1183.03                1500                0.25
                  94                8345               43400             219.179                1500                0.25
                  95                8345               23965             1191.37                1500                0.25
                  96                8345               38040             543.409                1500                0.25
                  97                8345               14945             1331.36                1500                0.25
                  98                8345               46780            -764.085                1500                0.25
                  99                8345               34900             207.038                1500                0.25
                 100                8345               22645             1076.51                1500                0.25
                 101                8345               36375             522.705                1500                0.25
                 102                8345               21590             1308.37                1500                0.25
                 103                8345               32750             402.507                1500                0.25
                 104                8345               18510             1217.03                1500                0.25
                 105                8345               39740             82.5823                1500               0.125
                 106                8345               36705             532.443                1500               0.125
                 107                8345               22645             1135.57                1500               0.125
                 108                8345               21810             1360.58                1500               0.125
                 109                8345               22835             1242.67                1500               0.125
                 110                8345               15840             1449.35                1500               0.125
                 111                8345               31270             983.873                1500               0.125
                 112                8345               17510             1409.93                1500               0.125
                 113                8345               31745             1109.53                1500               0.125
                 114                8345               17680             1486.69                1500               0.125
                 115                8345               12480              1551.3              1551.3               0.125
                 116                8345               37840             422.174              1551.3               0.125
                 117                8345               24125             1073.04              1551.3               0.125
                 118                8345               19615              1441.2              1551.3               0.125
                 119                8345               35120             1096.21              1551.3               0.125
                 120                8345               17490             1545.97              1551.3               0.125
                 121                8345               30835             1043.26              1551.3               0.125
                 122                8345               20635             1299.69              1551.3               0.125
                 123                8345               20680             1334.41              1551.3               0.125
                 124                8345               14790             1516.29              1551.3               0.125
                 125                8345               40715             615.812              1551.3               0.125
                 126                8345               27485             1213.44              1551.3               0.125
                 127                8345               19660             1480.16              1551.3               0.125
                 128                8345               12700             1560.92             1560.92               0.125
                 129                8345               33315             392.432             1560.92               0.125
                 130                8345               25240             849.131             1560.92               0.125
                 131                8345               19565             1343.19             1560.92               0.125
                 132                8345               21940             1376.19             1560.92               0.125
                 133                8345               22520             1419.24             1560.92               0.125
                 134                8345               30080             1287.64             1560.92               0.125
                 135                8345               14775             1536.45             1560.92               0.125
                 136                8345               40530              596.86             1560.92               0.125
                 137                8345               30175             1280.03             1560.92               0.125
                 138                8345               18750             1500.75             1560.92               0.125
                 139                8345               37135             1060.82             1560.92               0.125
                 140                8345               17505              1540.5             1560.92               0.125
                 141                8345               32905             1040.01             1560.92               0.125
                 142                8345               22710             1331.33             1560.92               0.125
                 143                8345               19095              1449.4             1560.92               0.125
                 144                8345               31225             1270.31             1560.92               0.125
                 145                8345               16595             1545.68             1560.92               0.125
                 146                8345               26685             1179.29             1560.92               0.125
                 147                8345               18325             1464.24             1560.92               0.125
                 148                8345               20085             1336.41             1560.92               0.125
                 149                8345               19375             1471.26             1560.92               0.125
                 150                8345               33080             1061.57             1560.92               0.125
                 151                8345               24925             1312.95             1560.92               0.125
                 152                8345               15780             1485.73             1560.92               0.125
                 153                8345               32120             1034.58             1560.92               0.125
                 154                8345               22835             1356.89             1560.92              0.0625
Lagrangian Relaxation Time: 1.05768 s.
Tried aggregator 1 time.
MIP Presolve eliminated 314 rows and 728 columns.
MIP Presolve modified 63 coefficients.
Reduced MIP has 746 rows, 2808 columns, and 24938 nonzeros.
Reduced MIP has 1516 binaries, 0 generals, 0 SOSs, and 0 indicators.
Presolve time = 0.01 sec. (7.48 ticks)
Probing time = 0.00 sec. (2.72 ticks)
Tried aggregator 1 time.
MIP Presolve eliminated 55 rows and 110 columns.
Reduced MIP has 691 rows, 2698 columns, and 24221 nonzeros.
Reduced MIP has 1516 binaries, 0 generals, 0 SOSs, and 0 indicators.
Presolve time = 0.01 sec. (9.05 ticks)
Probing time = 0.00 sec. (2.69 ticks)
Clique table members: 100.
MIP emphasis: integer feasibility.
MIP search method: dynamic search.
Parallel mode: none, using 1 thread.
Root relaxation solution time = 0.19 sec. (174.50 ticks)

        Nodes                                         Cuts/
   Node  Left     Objective  IInf  Best Integer    Best Bound    ItCnt     Gap

      0     0     1825.0000    64                   1825.0000     1815         
*     0+    0                         6320.0000     1825.0000            71.12%
      0     0     1834.1667    77     6320.0000       Cuts: 2     2010   70.98%
*     0+    0                         4370.0000     1834.1667            58.03%
      0     0     1845.1841   180     4370.0000       Cuts: 4     2313   57.78%
      0     0     1846.8090   191     4370.0000      Fract: 1     2414   57.74%
*     0+    0                         2860.0000     1846.8090            35.43%
      0     2     1846.8090   191     2860.0000     1846.8090     2414   35.43%
Elapsed time = 0.88 sec. (737.13 ticks, tree = 0.01 MB, solutions = 3)
      3     5     1882.5000   171     2860.0000     1847.1030     4656   35.42%
      4     6     1867.1667   171     2860.0000     1867.1667     5206   34.71%
      5     7     1878.6607   175     2860.0000     1867.1667     5375   34.71%
      6     8     1902.5000    20     2860.0000     1878.6838     5709   34.31%
      7     9     1908.3333    79     2860.0000     1878.6838     6241   34.31%
*     8     6      integral     0     1905.0000     1878.6838     6913    1.38%
      8     4     1905.0000     0     1905.0000     1878.6838     6913    1.38%
*     9     3      integral     0     1890.0000     1878.6838     7497    0.60%
      9     3     1890.0000     0     1890.0000     1878.7421     7497    0.60%

Gomory fractional cuts applied:  3

Root node processing (before b&c):
  Real time             =    0.86 sec. (723.05 ticks)
Sequential b&c:
  Real time             =    0.67 sec. (704.43 ticks)
                          ------------
Total (root+branch&cut) =    1.53 sec. (1427.48 ticks)

Root node processing (before b&c):
  Real time             =    0.00 sec. (0.70 ticks)
Sequential b&c:
  Real time             =    0.00 sec. (0.00 ticks)
                          ------------
Total (root+branch&cut) =    0.00 sec. (0.70 ticks)
Best Solution Found: 1890
Optimality Gap: 0.210826
Solution is feasible
Total Time: 2.58763 s.
Best Solution: 1890
SubProblem Destroyed
...done!
