4
Instancias/Problem_0_342.txt
                   1               68500               68820                1500                1500                   2
                   2               29245               65020        -1.13447e+06                1500                   2
                   3               28145               64030        -1.07899e+06                1500                   2
                   4               27925               63920         -1.0257e+06                1500                   2
                   5               27925               64470             -972856                1500                   2
                   6               27925               64250             -920009                1500                   2
                   7               27925               63700             -867163                1500                   2
                   8               27250               62805             -814316                1500                   2
                   9               27250               63025             -762818                1500                   2
                  10               27250               62915             -711783                1500                   2
                  11               27250               63025             -668246                1500                   2
                  12               27250               62805             -616754                1500                   2
                  13               27250               62820             -565261                1500                   2
                  14               27250               62380             -513765                1500                   2
                  15               27250               62710             -462267                1500                   2
                  16               27030               61170             -410797                1500                   2
                  17               27030               61830             -370530                1500                   2
                  18               26480               59615             -319490                1500                   2
                  19               26480               59725             -269543                1500                   2
                  20               26260               59285             -219609                1500                   2
                  21               26260               59190             -184939                1500                   2
                  22               25945               57855             -135605                1500                   2
                  23               25710               58265            -98328.1                1500                   2
                  24               24925               57420            -59823.7                1500                   2
                  25               24925               58535            -35421.1                1500                   2
                  26               22990               49840            -24201.3                1500                   2
                  27               21230               52900            -17479.5                1500                   1
                  28               20805               51425            -13662.7                1500                   1
                  29               20805               50120            -11145.4                1500                   1
                  30               17125               45225            -13992.4                1500                   1
                  31               16670               45025            -6343.94                1500                   1
                  32               15445               41065            -4112.55                1500                   1
                  33               13890               38675            -2384.66                1500                   1
                  34               13545               46460             -2987.9                1500                   1
                  35               13105               49760            -9251.76                1500                   1
                  36               13105               48175             -5309.2                1500                   1
                  37               12005               49380            -3130.74                1500                   1
                  38               11785               40755            -1239.63                1500                   1
                  39               11235               53420            -7120.43                1500                   1
                  40               11235               46130            -3666.69                1500                   1
                  41                9680               46145             -3134.3                1500                   1
                  42                9460               40820            -1364.39                1500                   1
                  43                9130               50360            -3864.43                1500                   1
                  44                9130               35815            -485.082                1500                   1
                  45                8785               55105            -4583.97                1500                   1
                  46                8785               38995            -1394.68                1500                   1
                  47                8345               56140            -2879.08                1500                   1
                  48                8345               36190            -166.724                1500                   1
                  49                8345               52445            -3211.78                1500                   1
                  50                8345               34725            -522.684                1500                   1
                  51                8345               45300            -2915.73                1500                   1
                  52                8125               33530            -314.947                1500                   1
                  53                8125               35745             428.412                1500                 0.5
                  54                8125               39360            -519.398                1500                 0.5
                  55                8125               26635               540.3                1500                 0.5
                  56                8125               48725            -1746.12                1500                 0.5
                  57                8125               34115             521.617                1500                 0.5
                  58                8125               38875            -266.582                1500                 0.5
                  59                8125               34650             508.102                1500                 0.5
                  60                8125               25255              1062.4                1500                 0.5
                  61                8125               48835            -1765.95                1500                 0.5
                  62                8125               31405             299.726                1500                 0.5
                  63                8125               40635            -456.781                1500                 0.5
                  64                8125               28430              796.42                1500                 0.5
                  65                8125               43905            -873.174                1500                 0.5
                  66                8125               34080             727.282                1500                 0.5
                  67                8030               44470            -355.861                1500                 0.5
                  68                8030               26745             965.871                1500                 0.5
                  69                7685               46275            -1258.06                1500                 0.5
                  70                7685               31650             534.648                1500                 0.5
                  71                7685               46765            -513.121                1500                 0.5
                  72                7685               28490              908.19                1500                 0.5
                  73                7685               38205            -463.131                1500                 0.5
                  74                7685               33160             664.667                1500                 0.5
                  75                7685               41055            -48.6161                1500                 0.5
                  76                7685               29970             894.959                1500                 0.5
                  77                7685               38405            -351.983                1500                 0.5
                  78                7685               31445              794.68                1500                 0.5
                  79                7685               43670            -152.186                1500                0.25
                  80                7685               26920             867.377                1500                0.25
                  81                7685               34715             832.598                1500                0.25
                  82                7685               22960             1254.97                1500                0.25
                  83                7685               44815             91.2411                1500                0.25
                  84                7685               31680             853.755                1500                0.25
                  85                7685               27710             1144.32                1500                0.25
                  86                7685               34810             684.882                1500                0.25
                  87                7685               23985             1289.98                1500                0.25
                  88                7685               35895             483.382                1500                0.25
                  89                7685               27250             1040.91                1500                0.25
                  90                7685               30410             781.735                1500                0.25
                  91                7685               22710             1210.59                1500                0.25
                  92                7685               34745             546.279                1500                0.25
                  93                7685               27610             1078.98                1500                0.25
                  94                7685               33255              918.56                1500                0.25
                  95                7685               23135              1238.3                1500                0.25
                  96                7685               34635             649.732                1500                0.25
                  97                7685               28445             1159.94                1500                0.25
                  98                7685               34460             896.375                1500                0.25
                  99                7685               23825             1275.65                1500                0.25
                 100                7685               35595             703.971                1500                0.25
                 101                7685               27095             1357.94                1500                0.25
                 102                7685               33425             646.629                1500                0.25
                 103                7685               22740              1338.4                1500                0.25
                 104                7685               38560             335.302                1500                0.25
                 105                7685               24280             1219.43                1500               0.125
                 106                7685               22585             1368.47                1500               0.125
                 107                7685               32610             1201.02                1500               0.125
                 108                7685               22255             1464.55                1500               0.125
                 109                7685               31100             1054.28                1500               0.125
                 110                7685               16630             1515.06             1515.06               0.125
                 111                7575               35295             915.314             1515.06               0.125
                 112                7575               25365              1214.5             1515.06               0.125
                 113                7575               25760             1378.27             1515.06               0.125
                 114                7575               25775             1390.55             1515.06               0.125
                 115                7575               27080             1347.59             1515.06               0.125
                 116                7575               25035             1424.63             1515.06               0.125
                 117                7575               29435             1260.89             1515.06               0.125
                 118                7575               18780             1468.73             1515.06               0.125
                 119                7575               31775             1058.43             1515.06               0.125
                 120                7575               21550             1481.93             1515.06               0.125
                 121                7575               30910             1271.73             1515.06               0.125
                 122                7575               26090             1423.98             1515.06               0.125
                 123                7575               24060             1355.93             1515.06               0.125
                 124                7575               21360              1442.5             1515.06               0.125
                 125                7575               31070             1202.91             1515.06               0.125
                 126                7575               20605             1466.59             1515.06               0.125
                 127                7575               27630             1137.64             1515.06               0.125
                 128                7575               22130             1545.78             1545.78               0.125
                 129                7575               28915             1195.21             1545.78               0.125
                 130                7575               24785             1492.75             1545.78               0.125
                 131                7575               32705              1229.8             1545.78               0.125
                 132                7575               25100             1530.73             1545.78               0.125
                 133                7575               32280             1155.96             1545.78               0.125
                 134                7575               17950             1524.72             1545.78               0.125
                 135                7575               32595             1058.22             1545.78               0.125
                 136                7575               21245             1483.95             1545.78               0.125
                 137                7575               29545             1245.63             1545.78               0.125
                 138                7575               27130             1522.32             1545.78               0.125
                 139                7575               32925             1244.36             1545.78               0.125
                 140                7575               20495             1566.99             1566.99               0.125
                 141                7575               33160             990.842             1566.99               0.125
                 142                7575               26575             1286.28             1566.99               0.125
                 143                7575               23795             1460.66             1566.99               0.125
                 144                7575               27820             1353.05             1566.99               0.125
                 145                7575               24845             1485.18             1566.99               0.125
                 146                7575               28275             1346.75             1566.99               0.125
                 147                7575               25505             1478.89             1566.99               0.125
                 148                7575               26955             1274.93             1566.99               0.125
                 149                7575               20840             1542.57             1566.99               0.125
                 150                7575               31795             1168.45             1566.99               0.125
                 151                7575               21910             1503.41             1566.99               0.125
                 152                7575               33600             1279.87             1566.99               0.125
                 153                7575               24770             1554.59             1566.99               0.125
                 154                7575               32125             1241.56             1566.99               0.125
                 155                7575               20480             1548.84             1566.99               0.125
                 156                7575               15655             1632.09             1632.09               0.125
                 157                7575               36315             798.263             1632.09               0.125
                 158                7575               23320             1305.49             1632.09               0.125
                 159                7575               26325             1436.51             1632.09               0.125
                 160                7575               22350             1475.87             1632.09               0.125
                 161                7575               29875             1308.24             1632.09               0.125
                 162                7575               19445             1554.02             1632.09               0.125
                 163                7575               30580             1156.28             1632.09               0.125
                 164                7575               23495             1507.75             1632.09               0.125
                 165                7575               33225             1298.42             1632.09               0.125
                 166                7575               20495             1557.83             1632.09               0.125
                 167                7575               31085             1170.73             1632.09               0.125
                 168                7575               20040             1557.96             1632.09               0.125
                 169                7575               30880              1181.1             1632.09               0.125
                 170                7575               21015             1576.78             1632.09               0.125
                 171                7575               35735             1048.14             1632.09               0.125
                 172                7575               22570             1519.15             1632.09               0.125
                 173                7575               27325             1304.09             1632.09               0.125
                 174                7575               20335             1500.17             1632.09               0.125
                 175                7575               30035             1235.85             1632.09               0.125
                 176                7575               20700             1537.23             1632.09               0.125
                 177                7575               28290             1151.28             1632.09               0.125
                 178                7575               21235             1547.57             1632.09               0.125
                 179                7575               32750             1150.06             1632.09               0.125
                 180                7575               21140             1514.65             1632.09               0.125
                 181                7575               32090             1206.32             1632.09               0.125
                 182                7575               22440             1553.72             1632.09              0.0625
Lagrangian Relaxation Time: 1.2893 s.
Tried aggregator 1 time.
MIP Presolve eliminated 322 rows and 745 columns.
MIP Presolve modified 28 coefficients.
Reduced MIP has 738 rows, 2677 columns, and 23421 nonzeros.
Reduced MIP has 1401 binaries, 0 generals, 0 SOSs, and 0 indicators.
Presolve time = 0.01 sec. (6.63 ticks)
Probing time = 0.00 sec. (2.69 ticks)
Tried aggregator 1 time.
MIP Presolve eliminated 77 rows and 154 columns.
Reduced MIP has 661 rows, 2523 columns, and 22499 nonzeros.
Reduced MIP has 1401 binaries, 0 generals, 0 SOSs, and 0 indicators.
Presolve time = 0.02 sec. (8.55 ticks)
Probing time = 0.00 sec. (2.65 ticks)
Clique table members: 100.
MIP emphasis: integer feasibility.
MIP search method: dynamic search.
Parallel mode: none, using 1 thread.
Root relaxation solution time = 0.33 sec. (299.27 ticks)

        Nodes                                         Cuts/
   Node  Left     Objective  IInf  Best Integer    Best Bound    ItCnt     Gap

      0     0     1856.1765   138                   1856.1765     3074         
*     0+    0                         7030.0000     1856.1765            73.60%
      0     0     1860.6845   166     7030.0000      Fract: 1     3253   73.53%
*     0+    0                         6920.0000     1860.6845            73.11%
*     0+    0                         5600.0000     1860.6845            66.77%
*     0+    0                         4955.0000     1860.6845            62.45%
      0     2     1860.6845   166     4955.0000     1860.6845     3253   62.45%
Elapsed time = 0.80 sec. (619.51 ticks, tree = 0.01 MB, solutions = 4)
*     4     4      integral     0     1890.0000     1877.0904     5446    0.68%

Gomory fractional cuts applied:  1

Root node processing (before b&c):
  Real time             =    0.77 sec. (603.27 ticks)
Sequential b&c:
  Real time             =    0.25 sec. (240.97 ticks)
                          ------------
Total (root+branch&cut) =    1.02 sec. (844.24 ticks)

Root node processing (before b&c):
  Real time             =    0.00 sec. (0.67 ticks)
Sequential b&c:
  Real time             =    0.00 sec. (0.00 ticks)
                          ------------
Total (root+branch&cut) =    0.00 sec. (0.67 ticks)
Best Solution Found: 1890
Optimality Gap: 0.158027
Solution is feasible
Total Time: 2.31538 s.
Best Solution: 1890
SubProblem Destroyed
...done!
