4
Instancias/Problem_0_369.txt
                   1               64880               65300                1500                1500                   2
                   2               29715               66105        -1.11047e+06                1500                   2
                   3               29385               65665        -1.05405e+06                1500                   2
                   4               29385               65335             -998283                1500                   2
                   5               29385               65350             -942521                1500                   2
                   6               29370               65980             -886769                1500                   2
                   7               29370               65635             -831033                1500                   2
                   8               29370               65745             -775293                1500                   2
                   9               29040               66420             -719564                1500                   2
                  10               29040               66420             -667816                1500                   2
                  11               29040               66200             -616408                1500                   2
                  12               29040               66530             -561655                1500                   2
                  13               28835               65555             -507223                1500                   2
                  14               28630               64470             -452577                1500                   2
                  15               28630               64250             -399586                1500                   2
                  16               28630               64250             -345331                1500                   2
                  17               28630               64030             -313521                1500                   2
                  18               28630               63605             -259277                1500                   2
                  19               28410               62300             -205029                1500                   2
                  20               28190               61515             -161406                1500                   2
                  21               27970               61185             -108178                1500                   2
                  22               27970               60760            -78210.1                1500                   2
                  23               26540               59345            -42492.7                1500                   2
                  24               24890               57415            -29201.9                1500                   2
                  25               23035               54420            -19918.9                1500                   2
                  26               21540               51920            -15879.3                1500                   2
                  27               18630               48005            -12844.9                1500                   1
                  28               18285               45680            -9217.39                1500                   1
                  29               17750               42400            -7104.25                1500                   1
                  30               16950               38910            -5734.11                1500                   1
                  31               16635               41515            -6087.89                1500                   1
                  32               15110               47975            -5139.24                1500                   1
                  33               13775               57490            -7295.87                1500                   1
                  34               13335               45480            -3188.81                1500                   1
                  35               13085               54315            -5762.32                1500                   1
                  36               12080               41235            -1624.07                1500                   1
                  37               11985               36575            -644.974                1500                   1
                  38               11625               43295            -1608.62                1500                   1
                  39               10415               63715            -6160.36                1500                   1
                  40               10100               56530            -3638.95                1500                   1
                  41                9550               43770            -1014.06                1500                   1
                  42                9000               55495            -3838.63                1500                   1
                  43                8890               36855            -625.637                1500                   1
                  44                8560               37600              192.79                1500                   1
                  45                8560               28310             743.738                1500                   1
                  46                8355               64200             -8307.3                1500                   1
                  47                8355               62895            -6219.96                1500                   1
                  48                8355               51050             -2855.8                1500                   1
                  49                8355               42815            -884.286                1500                   1
                  50                8245               33920             355.155                1500                   1
                  51                8245               62175            -5622.05                1500                   1
                  52                8245               46195            -1676.66                1500                   1
                  53                8245               42480            -452.285                1500                 0.5
                  54                8245               37835             356.111                1500                 0.5
                  55                8245               45185             229.555                1500                 0.5
                  56                8040               28610             1194.63                1500                 0.5
                  57                8040               58755            -1569.56                1500                 0.5
                  58                8040               42820             58.7869                1500                 0.5
                  59                8040               30230             810.512                1500                 0.5
                  60                8040               29635             1294.32                1500                 0.5
                  61                8040               47690            -1404.17                1500                 0.5
                  62                8040               36750             367.868                1500                 0.5
                  63                8040               42030             678.028                1500                 0.5
                  64                8040               38620             846.415                1500                 0.5
                  65                8040               36875             608.343                1500                 0.5
                  66                8040               26005             1267.82                1500                 0.5
                  67                8040               53265            -1254.61                1500                 0.5
                  68                8040               38825             385.388                1500                 0.5
                  69                8040               39045              864.06                1500                 0.5
                  70                8040               26130             1457.95                1500                 0.5
                  71                8040               51940            -1431.28                1500                 0.5
                  72                8040               35805             896.712                1500                 0.5
                  73                8040               26785             1519.53             1519.53                 0.5
                  74                8040               51570            -1528.26             1519.53                 0.5
                  75                8040               44265            -107.505             1519.53                 0.5
                  76                8040               30905             1160.27             1519.53                 0.5
                  77                8040               48665            -260.263             1519.53                 0.5
                  78                7930               35995             1164.64             1519.53                 0.5
                  79                7915               23020             1636.39             1636.39                 0.5
                  80                7820               49715             -2241.4             1636.39                 0.5
                  81                7820               42550            -424.656             1636.39                 0.5
                  82                7820               37345             1021.97             1636.39                 0.5
                  83                7820               38075             606.476             1636.39                 0.5
                  84                7790               38595             1019.63             1636.39                 0.5
                  85                7790               41985             889.742             1636.39                 0.5
                  86                7680               39015              1044.9             1636.39                 0.5
                  87                7680               45645              672.54             1636.39                 0.5
                  88                7680               24135             1553.33             1636.39                 0.5
                  89                7555               43820            -564.584             1636.39                 0.5
                  90                7555               31600              711.33             1636.39                 0.5
                  91                7555               41370             274.094             1636.39                 0.5
                  92                7555               26335             1434.69             1636.39                 0.5
                  93                7460               47845            -467.909             1636.39                 0.5
                  94                7460               37240             738.242             1636.39                 0.5
                  95                7460               36675             910.991             1636.39                 0.5
                  96                7460               23980             1550.46             1636.39                 0.5
                  97                7460               50250            -673.567             1636.39                 0.5
                  98                7460               35320             454.873             1636.39                 0.5
                  99                7460               41655              1153.1             1636.39                 0.5
                 100                7460               30450              1137.3             1636.39                 0.5
                 101                7460               45690             387.614             1636.39                 0.5
                 102                7460               36190             1334.39             1636.39                 0.5
                 103                7460               22155             1664.53             1664.53                 0.5
                 104                7460               60530            -2197.25             1664.53                 0.5
                 105                7460               44975             76.7638             1664.53                 0.5
                 106                7460               29525             1118.65             1664.53                 0.5
                 107                7460               43085             250.957             1664.53                 0.5
                 108                7460               29225             1292.19             1664.53                 0.5
                 109                7460               51695            -515.771             1664.53                 0.5
                 110                7460               37035             1265.21             1664.53                 0.5
                 111                7460               45940             588.912             1664.53                 0.5
                 112                7460               29290             1524.06             1664.53                 0.5
                 113                7460               52420            -685.699             1664.53                 0.5
                 114                7460               33325             1126.44             1664.53                 0.5
                 115                7460               41355             809.131             1664.53                 0.5
                 116                7460               33610             1319.53             1664.53                 0.5
                 117                7460               26585             1760.41             1760.41                 0.5
                 118                7460               49640            -1487.12             1760.41                 0.5
                 119                7460               47570            -260.788             1760.41                 0.5
                 120                7460               35130             1187.13             1760.41                 0.5
                 121                7460               42645             602.359             1760.41                 0.5
                 122                7460               28630             1445.09             1760.41                 0.5
                 123                7460               26760             1610.91             1760.41                 0.5
                 124                7460               26370             1590.56             1760.41                 0.5
                 125                7460               40650             -474.27             1760.41                 0.5
                 126                7460               34615             880.503             1760.41                 0.5
                 127                7460               41010             757.625             1760.41                 0.5
                 128                7460               37050              1269.7             1760.41                 0.5
                 129                7460               45220             462.359             1760.41                 0.5
                 130                7460               29680             1478.23             1760.41                 0.5
                 131                7460               47280            -266.004             1760.41                 0.5
                 132                7460               30845             1355.39             1760.41                 0.5
                 133                7460               17915             1819.98             1819.98                 0.5
                 134                7460               17225             1873.67             1873.67                 0.5
                 135                7460               57325            -4279.45             1873.67                 0.5
                 136                7460               52655            -2690.45             1873.67                 0.5
                 137                7460               43790            -248.488             1873.67                 0.5
                 138                7460               33640             930.932             1873.67                 0.5
                 139                7460               35995             957.555             1873.67                 0.5
                 140                7460               34830             1077.21             1873.67                 0.5
                 141                7460               25440             1595.15             1873.67                 0.5
                 142                7460               22235             1741.25             1873.67                 0.5
                 143                7350               48980            -1684.76             1873.67                 0.5
                 144                7350               44690            -537.806             1873.67                 0.5
                 145                7350               30815             1003.09             1873.67                 0.5
                 146                7350               50420             477.711             1873.67                 0.5
                 147                7350               28895             1579.95             1873.67                 0.5
                 148                7350               52200            -435.379             1873.67                 0.5
                 149                7350               38715             1058.87             1873.67                 0.5
                 150                7350               31035             1357.51             1873.67                 0.5
                 151                7350               48855            -53.5012             1873.67                 0.5
                 152                7350               34455             1305.73             1873.67                 0.5
                 153                7350               24980             1781.81             1873.67                 0.5
                 154                7350               25865             1676.28             1873.67                 0.5
                 155                7350               52810             -1103.9             1873.67                 0.5
                 156                7350               41385             320.388             1873.67                 0.5
                 157                7350               31360             1187.11             1873.67                 0.5
                 158                7350               43055             442.679             1873.67                 0.5
                 159                7350               30905              1428.2             1873.67                 0.5
                 160                7350               42505             102.327             1873.67                0.25
                 161                7350               34745             944.251             1873.67                0.25
                 162                7350               30475             1523.17             1873.67                0.25
                 163                7350               30395              1431.8             1873.67                0.25
                 164                7350               25030             1610.26             1873.67                0.25
                 165                7350               35170             1251.77             1873.67                0.25
                 166                7350               26255                1710             1873.67                0.25
                 167                7350               37430             1199.94             1873.67                0.25
                 168                7350               19505             1832.53             1873.67                0.25
                 169                7350               48050             458.919             1873.67                0.25
                 170                7350               29710             1579.16             1873.67                0.25
                 171                7350               30425              1669.3             1873.67                0.25
                 172                7350               34600             1611.34             1873.67                0.25
                 173                7350               20210             1872.07             1873.67                0.25
                 174                7350               13830             1939.77             1939.77                0.25
                 175                7350               48020            -563.483             1939.77                0.25
                 176                7350               39265             623.272             1939.77                0.25
                 177                7350               27165             1469.22             1939.77                0.25
                 178                7350               31950             1653.44             1939.77                0.25
                 179                7350               32725             1641.72             1939.77                0.25
                 180                7350               33630             1588.86             1939.77                0.25
                 181                7350               16205             1921.85             1939.77                0.25
                 182                7350               46840             72.3847             1939.77                0.25
                 183                7350               38510             844.679             1939.77                0.25
                 184                7350               23020             1722.27             1939.77                0.25
                 185                7350               32845             1247.04             1939.77                0.25
                 186                7350               27110             1744.92             1939.77                0.25
                 187                7350               33990             1496.49             1939.77                0.25
                 188                7350               23945             1831.92             1939.77                0.25
                 189                7350               38075              1087.2             1939.77                0.25
                 190                7350               30030             1691.09             1939.77                0.25
                 191                7350               36095             1606.43             1939.77                0.25
                 192                7350               22865             1803.01             1939.77                0.25
                 193                7225               47315             974.788             1939.77                0.25
                 194                7225               39835             1443.34             1939.77                0.25
                 195                7225               23635              1877.8             1939.77                0.25
                 196                7225               42680             1120.02             1939.77                0.25
                 197                7225               29435             1633.96             1939.77                0.25
                 198                7225               28975             1682.64             1939.77                0.25
                 199                7225               29970             1638.53             1939.77                0.25
                 200                7225               33845             1625.55             1939.77               0.125
                 201                7225               14255             1998.12             1998.12               0.125
                 202                7225               36460             1400.97             1998.12               0.125
                 203                7225               30455             1623.16             1998.12               0.125
                 204                7225               17915             1987.88             1998.12               0.125
                 205                7225               13315             2032.63             2032.63               0.125
                 206                7225               37885             1182.31             2032.63               0.125
                 207                7225               32590             1542.68             2032.63               0.125
                 208                7225               22110              1910.5             2032.63               0.125
                 209                7225               15920             1996.17             2032.63               0.125
                 210                7225               39475             1403.06             2032.63               0.125
                 211                7225               30550             1745.14             2032.63               0.125
                 212                7225               19440             1987.56             2032.63               0.125
                 213                7225               12340             2049.38             2049.38               0.125
                 214                7225               45335             998.218             2049.38               0.125
                 215                7225               39035              1372.9             2049.38               0.125
                 216                7225               25110             1779.41             2049.38               0.125
                 217                7225               20320             1994.03             2049.38               0.125
                 218                7225               33990             1773.25             2049.38               0.125
                 219                7225               23665             1969.24             2049.38               0.125
                 220                7225               23560             1878.39             2049.38               0.125
                 221                7225               16300             2037.55             2049.38               0.125
                 222                7225               44610             1484.65             2049.38               0.125
                 223                7225               26165             1880.28             2049.38               0.125
                 224                7225               19410             1996.98             2049.38               0.125
                 225                7225               11050              2091.2              2091.2               0.125
                 226                7225               43215              670.03              2091.2               0.125
                 227                7225               40120             1171.16              2091.2               0.125
                 228                7225               29055             1633.08              2091.2               0.125
                 229                7225               25805             1881.33              2091.2               0.125
                 230                7225               20085             1967.13              2091.2               0.125
                 231                7225               34475             1697.58              2091.2               0.125
                 232                7225               23885             1953.15              2091.2               0.125
                 233                7225               26605             1945.96              2091.2               0.125
                 234                7225               19945             1959.61              2091.2               0.125
                 235                7225               13360             2074.31              2091.2               0.125
                 236                7225               39045             1255.58              2091.2               0.125
                 237                7225               35510              1439.5              2091.2               0.125
                 238                7225               28220             1877.02              2091.2               0.125
                 239                7225               24580             1959.86              2091.2               0.125
                 240                7225               14065             2080.16              2091.2               0.125
                 241                7225               38170             1304.58              2091.2               0.125
                 242                7225               31255             1653.43              2091.2               0.125
                 243                7225               21515             2004.88              2091.2               0.125
                 244                7225               30170             1771.67              2091.2               0.125
                 245                7225               25850             1924.89              2091.2               0.125
                 246                7225               26385             1990.26              2091.2               0.125
                 247                7225               29685             1887.06              2091.2               0.125
                 248                7225               17915             2050.07              2091.2               0.125
                 249                7225               33830             1625.41              2091.2               0.125
                 250                7225               28930              1832.8              2091.2               0.125
                 251                7225               26320                1932              2091.2              0.0625
                 252                7225               15985             2078.24              2091.2              0.0625
                 253                7225               30630             1931.06              2091.2              0.0625
                 254                7225               15295             2101.66             2101.66              0.0625
                 255                7225               27505             1921.39             2101.66              0.0625
                 256                7225               19805             2035.46             2101.66              0.0625
                 257                7225               18155             2073.91             2101.66              0.0625
                 258                7225               10235             2125.21             2125.21              0.0625
                 259                7225               30380             1709.14             2125.21              0.0625
                 260                7225               26875             1846.11             2125.21              0.0625
                 261                7225               18230             2055.81             2125.21              0.0625
                 262                7225               21595             2075.79             2125.21              0.0625
                 263                7225               14335             2124.87             2125.21              0.0625
                 264                7225               11790             2140.64             2140.64              0.0625
                 265                7225               12765             2144.85             2144.85              0.0625
                 266                7225               35455              1737.1             2144.85              0.0625
                 267                7225               22790             1992.36             2144.85              0.0625
                 268                7225               12795             2111.72             2144.85              0.0625
                 269                7225               27470             1839.67             2144.85              0.0625
                 270                7225               22835              1973.7             2144.85              0.0625
                 271                7225               19065             2050.17             2144.85              0.0625
                 272                7225               20620             2073.49             2144.85              0.0625
                 273                7225               22475             2080.16             2144.85              0.0625
                 274                7225               18700             2118.17             2144.85              0.0625
                 275                7225               24455             1987.22             2144.85              0.0625
                 276                7225               17510             2092.33             2144.85              0.0625
                 277                7225               26135              2009.3             2144.85              0.0625
                 278                7225               18765             2075.02             2144.85              0.0625
                 279                7225               19145             2052.11             2144.85              0.0625
                 280                7225               14525             2110.88             2144.85              0.0625
                 281                7225               24670             1850.64             2144.85              0.0625
                 282                7225               22660             1989.02             2144.85              0.0625
                 283                7225               16425             2130.71             2144.85              0.0625
                 284                7225               24385             1976.88             2144.85              0.0625
                 285                7225               20050             2095.58             2144.85              0.0625
                 286                7225               19695             2088.31             2144.85              0.0625
                 287                7225               25095             2079.08             2144.85              0.0625
                 288                7225               15890             2128.91             2144.85              0.0625
                 289                7225               29075             1921.27             2144.85              0.0625
                 290                7225               25665             2011.75             2144.85              0.0625
                 291                7225               12670             2143.73             2144.85             0.03125
                 292                7225               20275             2082.97             2144.85             0.03125
                 293                7225               16535             2129.75             2144.85             0.03125
                 294                7225               12700             2166.05             2166.05             0.03125
                 295                7225               18720             2058.88             2166.05             0.03125
                 296                7225               16725             2115.86             2166.05             0.03125
                 297                7225               16250             2140.44             2166.05             0.03125
                 298                7225               11365             2165.43             2166.05             0.03125
                 299                7225               17415             2058.25             2166.05             0.03125
                 300                7225               13895              2132.4             2166.05             0.03125
                 301                7225               16330             2136.66             2166.05             0.03125
                 302                7225               10485             2170.93             2170.93             0.03125
                 303                7225               20825             2042.73             2170.93             0.03125
                 304                7225               18075             2117.77             2170.93             0.03125
                 305                7225               13235             2168.22             2170.93             0.03125
                 306                7225               10940             2180.36             2180.36             0.03125
                 307                7225               23685             1999.97             2180.36             0.03125
                 308                7225               22350             2073.62             2180.36             0.03125
                 309                7225               13015              2153.5             2180.36             0.03125
                 310                7225               20040             2128.82             2180.36             0.03125
                 311                7225               18815              2154.6             2180.36             0.03125
                 312                7225               16630             2153.03             2180.36             0.03125
                 313                7225               12340              2172.5             2180.36             0.03125
                 314                7225               26655             2011.88             2180.36             0.03125
                 315                7225               22820              2096.8             2180.36             0.03125
                 316                7225               14445             2167.29             2180.36             0.03125
                 317                7225               21910             2079.01             2180.36             0.03125
                 318                7225               17825             2141.42             2180.36             0.03125
                 319                7225               15750             2164.36             2180.36             0.03125
                 320                7225               10800             2184.86             2184.86             0.03125
                 321                7225               26415             1964.18             2184.86             0.03125
                 322                7225               22865             2053.83             2184.86             0.03125
                 323                7225               19300             2109.85             2184.86             0.03125
                 324                7225               14225             2162.71             2184.86             0.03125
                 325                7225               13550             2183.82             2184.86             0.03125
                 326                7225               27000             2078.89             2184.86             0.03125
                 327                7225               16175             2164.26             2184.86             0.03125
                 328                7225               12120             2181.48             2184.86             0.03125
                 329                7225               25050             2017.82             2184.86             0.03125
                 330                7225               20950             2123.16             2184.86             0.03125
                 331                7225               12260             2176.15             2184.86             0.03125
                 332                7225                9480             2185.32             2185.32             0.03125
                 333                7225               25965             1962.17             2185.32             0.03125
                 334                7225               21770             2084.09             2185.32             0.03125
                 335                7225               16440             2145.44             2185.32             0.03125
                 336                7225               13770             2170.47             2185.32             0.03125
                 337                7225               18390             2091.75             2185.32             0.03125
                 338                7225               17305             2145.33             2185.32             0.03125
                 339                7225               19395             2156.99             2185.32             0.03125
                 340                7225               16285             2150.72             2185.32             0.03125
                 341                7225               12435              2185.6              2185.6             0.03125
                 342                7225               25380             2094.28              2185.6             0.03125
                 343                7225               13690             2178.19              2185.6             0.03125
                 344                7225               21985             2057.26              2185.6             0.03125
                 345                7225               20555             2140.69              2185.6             0.03125
                 346                7225               14320             2167.97              2185.6             0.03125
                 347                7225               13755             2185.28              2185.6             0.03125
                 348                7225               28145              2029.3              2185.6             0.03125
                 349                7225               21735             2123.67              2185.6             0.03125
                 350                7225               15420             2179.48              2185.6             0.03125
                 351                7225                7390             2196.93             2196.93             0.03125
                 352                7225               24155             2000.65             2196.93             0.03125
                 353                7225               20605             2077.65             2196.93             0.03125
                 354                7225               16250             2173.88             2196.93             0.03125
                 355                7225               16065             2096.85             2196.93             0.03125
                 356                7225               15420             2152.99             2196.93             0.03125
                 357                7225               13645             2165.84             2196.93             0.03125
                 358                7225               20790             2123.64             2196.93             0.03125
                 359                7225               14130                2177             2196.93             0.03125
                 360                7225               11270             2193.87             2196.93             0.03125
                 361                7225               25760             2026.77             2196.93             0.03125
                 362                7225               22915             2095.57             2196.93             0.03125
                 363                7225               17510             2170.72             2196.93             0.03125
                 364                7225               19975             2143.05             2196.93             0.03125
                 365                7225               17070             2140.12             2196.93             0.03125
                 366                7225               13330             2194.07             2196.93             0.03125
                 367                7225               28175                2026             2196.93             0.03125
                 368                7225               23635             2095.49             2196.93             0.03125
                 369                7225               21780             2133.12             2196.93             0.03125
                 370                7225               12105             2180.02             2196.93             0.03125
                 371                7225               10800             2194.38             2196.93             0.03125
                 372                7225                8490             2199.57             2199.57             0.03125
                 373                7225               30410             1939.04             2199.57             0.03125
                 374                7225               25005             2009.14             2199.57             0.03125
                 375                7225               19315             2111.46             2199.57             0.03125
                 376                7225               17195             2150.78             2199.57             0.03125
                 377                7225               18985             2136.72             2199.57             0.03125
                 378                7225               12215              2184.4             2199.57             0.03125
                 379                7225               26670             2105.76             2199.57             0.03125
                 380                7225               18090              2159.3             2199.57             0.03125
                 381                7225               16440             2182.28             2199.57             0.03125
                 382                7225               22145             2100.99             2199.57             0.03125
                 383                7225               19160             2150.05             2199.57             0.03125
                 384                7225               13785             2194.79             2199.57             0.03125
                 385                7225               27125             2060.44             2199.57             0.03125
                 386                7225               21860             2141.22             2199.57             0.03125
                 387                7225               17005             2190.45             2199.57             0.03125
                 388                7225               10785             2207.79             2207.79             0.03125
                 389                7225               31870             1947.04             2207.79             0.03125
                 390                7225               27375             2054.28             2207.79             0.03125
                 391                7225               21545             2106.54             2207.79             0.03125
                 392                7225               13045             2185.32             2207.79             0.03125
                 393                7225               11475             2196.57             2207.79             0.03125
                 394                7225               21800             2052.18             2207.79             0.03125
                 395                7225               20810             2132.28             2207.79             0.03125
                 396                7225               19690             2170.48             2207.79             0.03125
                 397                7225               14540             2191.96             2207.79             0.03125
                 398                7225               23540             2067.58             2207.79             0.03125
                 399                7225               18435             2137.01             2207.79             0.03125
                 400                7225               16880              2179.9             2207.79             0.03125
                 401                7225                8710             2203.12             2207.79             0.03125
                 402                7225               29735             1887.07             2207.79             0.03125
                 403                7225               26765             2029.64             2207.79             0.03125
                 404                7225               23135             2081.79             2207.79             0.03125
                 405                7225               15310             2168.31             2207.79             0.03125
                 406                7225               19615             2143.59             2207.79             0.03125
                 407                7225               16565             2178.16             2207.79             0.03125
                 408                7225               20120             2127.22             2207.79             0.03125
                 409                7225               18690             2157.61             2207.79             0.03125
                 410                7225               17540             2182.04             2207.79             0.03125
                 411                7225                9825             2207.36             2207.79             0.03125
                 412                7225               25820             1954.64             2207.79             0.03125
                 413                7225               25065             2068.68             2207.79             0.03125
                 414                7225               22425             2116.17             2207.79            0.015625
                 415                7225               15670             2161.11             2207.79            0.015625
                 416                7225               13125             2171.95             2207.79            0.015625
                 417                7225               16315             2191.69             2207.79            0.015625
                 418                7225               16410             2193.58             2207.79            0.015625
                 419                7225               13785             2203.75             2207.79            0.015625
                 420                7225               18215             2182.65             2207.79            0.015625
                 421                7225               14680              2197.4             2207.79            0.015625
                 422                7225               16080             2211.83             2211.83            0.015625
                 423                7225               16300             2185.19             2211.83            0.015625
                 424                7225               14760             2208.72             2211.83            0.015625
                 425                7225               16205             2203.28             2211.83            0.015625
                 426                7225               13675             2212.05             2212.05            0.015625
                 427                7225               17165             2195.97             2212.05            0.015625
                 428                7225               14760             2199.04             2212.05            0.015625
                 429                7225               11130             2218.93             2218.93            0.015625
                 430                7225                8695             2222.03             2222.03            0.015625
                 431                7225               25710             2118.54             2222.03            0.015625
                 432                7225               24830             2148.99             2222.03            0.015625
                 433                7225               15765             2203.38             2222.03            0.015625
                 434                7225               18280             2207.39             2222.03            0.015625
                 435                7225               16395             2200.78             2222.03            0.015625
                 436                7225               13880             2215.75             2222.03            0.015625
                 437                7225               20070             2187.09             2222.03            0.015625
                 438                7225               13895             2209.66             2222.03            0.015625
                 439                7225               16740              2192.9             2222.03            0.015625
                 440                7225               12640             2216.73             2222.03            0.015625
                 441                7225               20415             2179.22             2222.03            0.015625
                 442                7225               18655              2199.4             2222.03            0.015625
                 443                7225               10705             2222.83             2222.83            0.015625
                 444                7225               24345             2134.88             2222.83            0.015625
                 445                7225               23245             2168.33             2222.83            0.015625
                 446                7225               20920             2192.01             2222.83            0.015625
                 447                7225               12825             2218.91             2222.83            0.015625
                 448                7225                9920             2222.17             2222.83            0.015625
                 449                7225               25100             2124.89             2222.83            0.015625
                 450                7225               24000             2148.93             2222.83            0.015625
                 451                7225               16975             2211.11             2222.83            0.015625
                 452                7225               18340             2219.76             2222.83            0.015625
                 453                7225               15295             2200.92             2222.83            0.015625
                 454                7225               11885             2218.93             2222.83            0.015625
                 455                7225               14070             2188.98             2222.83            0.015625
                 456                7225               14415             2201.98             2222.83            0.015625
                 457                7225               16000             2212.91             2222.83            0.015625
                 458                7225               13220             2206.85             2222.83            0.015625
                 459                7225               12890             2216.16             2222.83            0.015625
                 460                7225               19175             2195.67             2222.83            0.015625
                 461                7225               14745             2213.66             2222.83            0.015625
                 462                7225               22440             2191.08             2222.83            0.015625
                 463                7225               16220             2214.89             2222.83            0.015625
                 464                7225               18265             2213.52             2222.83            0.015625
                 465                7225               16645             2209.18             2222.83            0.015625
                 466                7225               14430              2219.3             2222.83            0.015625
                 467                7225               16645             2197.99             2222.83            0.015625
                 468                7225               14555             2214.09             2222.83            0.015625
                 469                7225               18500             2198.75             2222.83           0.0078125
Lagrangian Relaxation Time: 7.54898 s.
Tried aggregator 1 time.
MIP Presolve eliminated 333 rows and 770 columns.
MIP Presolve modified 6 coefficients.
Reduced MIP has 727 rows, 3023 columns, and 28960 nonzeros.
Reduced MIP has 1769 binaries, 0 generals, 0 SOSs, and 0 indicators.
Presolve time = 0.04 sec. (7.80 ticks)
Probing time = 0.01 sec. (2.80 ticks)
Tried aggregator 1 time.
MIP Presolve eliminated 46 rows and 92 columns.
Reduced MIP has 681 rows, 2931 columns, and 28387 nonzeros.
Reduced MIP has 1769 binaries, 0 generals, 0 SOSs, and 0 indicators.
Presolve time = 0.05 sec. (10.31 ticks)
Probing time = 0.01 sec. (2.78 ticks)
Clique table members: 100.
MIP emphasis: integer feasibility.
MIP search method: dynamic search.
Parallel mode: none, using 1 thread.
Root relaxation solution time = 0.88 sec. (207.91 ticks)

        Nodes                                         Cuts/
   Node  Left     Objective  IInf  Best Integer    Best Bound    ItCnt     Gap

      0     0     2304.3719   167                   2304.3719     1862         
*     0+    0                         6135.0000     2304.3719            62.44%
      0     0     2307.4637   161     6135.0000      Fract: 1     2030   62.39%
*     0+    0                         4155.0000     2307.4637            44.47%
*     0+    0                         3935.0000     2307.4637            41.36%
*     0+    0                         3605.0000     2307.4637            35.99%
      0     2     2307.4637   161     3605.0000     2307.4905     2030   35.99%
Elapsed time = 3.29 sec. (804.39 ticks, tree = 0.01 MB, solutions = 4)
      6     8     2319.9501   161     3605.0000     2314.9243     3857   35.79%
      7     9     2321.4797   154     3605.0000     2314.9243     4032   35.79%
      8    10     2321.4797   155     3605.0000     2314.9243     4033   35.79%
      9    11     2332.7273   156     3605.0000     2314.9243     4690   35.79%
     10    12     2323.7857   159     3605.0000     2314.9243     4910   35.79%
     11    13     2336.4286   138     3605.0000     2314.9243     5293   35.79%
     12    14     2346.8592   161     3605.0000     2314.9243     6025   35.79%
     13    15     2341.8182   139     3605.0000     2314.9243     6871   35.79%
     14    16     2349.0909   135     3605.0000     2314.9243     7412   35.79%
     18    20     2390.9649   140     3605.0000     2314.9243     8844   35.79%
Elapsed time = 6.31 sec. (1819.64 ticks, tree = 0.09 MB, solutions = 4)
*    29    27      integral     0     2405.0000     2314.9243    11898    3.75%
     40    36     2368.9683   203     2405.0000     2315.4616    15167    3.72%
     41    37     2377.7459   237     2405.0000     2315.4616    15509    3.72%
     42    38     2372.6415   217     2405.0000     2315.4616    15747    3.72%
     43    39     2372.6415   217     2405.0000     2315.4616    15748    3.72%
     44    40     2389.0767   231     2405.0000     2315.4616    16431    3.72%
     45    41     2387.1136   205     2405.0000     2315.4616    16632    3.72%
     46    42     2397.4281   196     2405.0000     2315.4616    16831    3.72%
     47    43     2397.7547   222     2405.0000     2315.4616    16979    3.72%
     48    42        cutoff           2405.0000     2315.4616    17025    3.72%
     49    41        cutoff           2405.0000     2315.4616    17127    3.72%
Elapsed time = 10.26 sec. (3054.55 ticks, tree = 0.15 MB, solutions = 5)
     90    54     2333.8496   126     2405.0000     2316.9428    23568    3.66%
     91    55     2333.8496   126     2405.0000     2316.9428    23569    3.66%
     92    56     2335.0000    99     2405.0000     2316.9428    23739    3.66%
     93    57     2335.0000    99     2405.0000     2316.9428    23751    3.66%
     94    58     2335.0000    98     2405.0000     2316.9428    23790    3.66%
     95    59     2336.5217   125     2405.0000     2316.9428    23886    3.66%
     96    60     2338.5667   194     2405.0000     2316.9428    23996    3.66%
     97    61     2340.4051   178     2405.0000     2316.9428    24090    3.66%
     98    62     2341.9536   180     2405.0000     2316.9428    24178    3.66%
     99    63     2351.2277   194     2405.0000     2316.9428    24418    3.66%
Elapsed time = 14.05 sec. (4159.18 ticks, tree = 0.22 MB, solutions = 5)
*   133    77      integral     0     2390.0000     2316.9428    28941    3.06%
    149    89     2360.9615   122     2390.0000     2316.9428    31058    3.06%
    150    90     2370.2778   109     2390.0000     2316.9428    31217    3.06%
    151    91     2370.2778   107     2390.0000     2316.9428    31218    3.06%
    152    92     2386.8750    90     2390.0000     2316.9428    31365    3.06%
    153    91        cutoff           2390.0000     2316.9428    31370    3.06%
    154    90        cutoff           2390.0000     2316.9428    31400    3.06%
    155    91     2372.5000   172     2390.0000     2316.9428    31706    3.06%
    156    92     2380.0000   150     2390.0000     2316.9428    31903    3.06%
    157    93     2389.3750   151     2390.0000     2316.9428    32129    3.06%
Elapsed time = 17.82 sec. (5261.36 ticks, tree = 0.50 MB, solutions = 6)
    198   120     2344.7590   199     2390.0000     2316.9776    38940    3.06%
    199   121     2344.7590   199     2390.0000     2316.9776    38941    3.06%
    200   122     2357.7110   192     2390.0000     2316.9776    39341    3.06%
    201   123     2367.3121   191     2390.0000     2316.9776    39486    3.06%
    202   124     2370.1562   158     2390.0000     2316.9776    39545    3.06%
    203   125     2379.0000   182     2390.0000     2316.9776    39719    3.06%
    204   124        cutoff           2390.0000     2316.9776    39832    3.06%
    205   123        cutoff           2390.0000     2316.9776    40031    3.06%
    206   124     2359.7277   167     2390.0000     2316.9776    40442    3.06%
    207   125     2371.4682   169     2390.0000     2316.9776    40699    3.06%
Elapsed time = 21.86 sec. (6467.50 ticks, tree = 0.53 MB, solutions = 6)
    245   143     2357.1233   155     2390.0000     2319.2626    47613    2.96%
    246   144     2372.5000    87     2390.0000     2319.2626    47850    2.96%
    247   145     2376.2069   147     2390.0000     2319.2626    48035    2.96%
    248   144        cutoff           2390.0000     2319.2626    48192    2.96%
    249   143        cutoff           2390.0000     2319.2626    48537    2.96%
    250   144     2335.3049   123     2390.0000     2319.9501    49204    2.93%
    251   145     2336.8519   124     2390.0000     2319.9501    49297    2.93%
    252   146     2336.8519   124     2390.0000     2319.9501    49299    2.93%
    253   147     2359.5135   216     2390.0000     2319.9501    49878    2.93%
    254   148     2366.6667   209     2390.0000     2319.9501    49979    2.93%
Elapsed time = 26.65 sec. (7752.34 ticks, tree = 0.66 MB, solutions = 6)
    299   169     2365.0000   204     2390.0000     2320.0705    57771    2.93%
    300   170     2365.7692   210     2390.0000     2320.0705    57852    2.93%
    301   171     2380.3994   226     2390.0000     2320.0705    58065    2.93%
    302   170        cutoff           2390.0000     2320.0705    58136    2.93%
    303   169        cutoff           2390.0000     2320.0705    58156    2.93%
    304   170     2329.5742   171     2390.0000     2320.7185    58570    2.90%
    305   171     2329.5742   171     2390.0000     2320.7185    58572    2.90%
    306   172     2333.7664   182     2390.0000     2320.7185    58791    2.90%
    307   173     2345.7143   166     2390.0000     2320.7185    59087    2.90%
    308   174     2346.6399   175     2390.0000     2320.7185    59149    2.90%
Elapsed time = 30.73 sec. (8982.47 ticks, tree = 0.87 MB, solutions = 6)
    355   205     2332.7273   154     2390.0000     2321.4797    66360    2.87%
    356   206     2337.5000   137     2390.0000     2321.4797    66490    2.87%
    357   207     2341.1111   134     2390.0000     2321.4797    66710    2.87%
    358   208     2341.7391   132     2390.0000     2321.4797    66779    2.87%
    359   209     2343.6146   156     2390.0000     2321.4797    66855    2.87%
    360   210     2345.4412   153     2390.0000     2321.4797    66921    2.87%
    361   211     2357.2727   129     2390.0000     2321.4797    67269    2.87%
    362   212     2360.8000   165     2390.0000     2321.4797    67489    2.87%
    363   213     2360.8000   163     2390.0000     2321.4797    67491    2.87%
    364   214     2360.8718   159     2390.0000     2321.4797    67522    2.87%
Elapsed time = 34.85 sec. (10138.77 ticks, tree = 1.25 MB, solutions = 6)
    413   251     2352.2816   198     2390.0000     2322.8750    74227    2.81%
    414   252     2357.0000   111     2390.0000     2322.8750    74417    2.81%
    415   253     2357.0000   111     2390.0000     2322.8750    74419    2.81%
    416   254     2357.0000   111     2390.0000     2322.8750    74420    2.81%
    417   255     2357.0000   110     2390.0000     2322.8750    74427    2.81%
    418   256     2369.9278   174     2390.0000     2322.8750    74776    2.81%
    419   257     2370.0000   147     2390.0000     2322.8750    75068    2.81%
    420   258     2375.6446   177     2390.0000     2322.8750    75248    2.81%
    421   259     2389.4417   151     2390.0000     2322.8750    75759    2.81%
    422   258        cutoff           2390.0000     2322.8750    75762    2.81%
Elapsed time = 38.83 sec. (11328.00 ticks, tree = 1.66 MB, solutions = 6)
    479   297     2335.3884   184     2390.0000     2324.3817    82455    2.75%
    480   298     2338.1936   183     2390.0000     2324.3817    82584    2.75%
    481   299     2342.2227   179     2390.0000     2324.3817    82807    2.75%
    482   300     2346.3035   175     2390.0000     2324.3817    82941    2.75%
    483   301     2347.7929   178     2390.0000     2324.3817    83026    2.75%
    484   302     2358.5745   169     2390.0000     2324.3817    83382    2.75%
    485   303     2360.5874   171     2390.0000     2324.3817    83490    2.75%
    486   304     2373.7943   177     2390.0000     2324.3817    83811    2.75%
    487   305     2374.1026   179     2390.0000     2324.3817    83862    2.75%
    602   364     2376.4387   164     2390.0000     2326.6535   103912    2.65%
Elapsed time = 46.37 sec. (15155.24 ticks, tree = 2.36 MB, solutions = 6)
*   642   218      integral     0     2360.0000     2328.0357   110604    1.35%
*   719   128      integral     0     2345.0000     2330.0000   120302    0.64%

Gomory fractional cuts applied:  1

Root node processing (before b&c):
  Real time             =    3.24 sec. (792.17 ticks)
Sequential b&c:
  Real time             =   48.88 sec. (16557.12 ticks)
                          ------------
Total (root+branch&cut) =   52.12 sec. (17349.29 ticks)

Root node processing (before b&c):
  Real time             =    0.00 sec. (1.09 ticks)
Sequential b&c:
  Real time             =    0.00 sec. (0.00 ticks)
                          ------------
Total (root+branch&cut) =    0.00 sec. (1.09 ticks)
Best Solution Found: 2345
Optimality Gap: 0.054961
Solution is feasible
Total Time: 59.4889 s.
Best Solution: 2345
SubProblem Destroyed
...done!
