%% Instance for three sat
cnf 50
0 20
37 22 5 0
15 29 0
26 0
1 35 48 16 0
15 21 11 27 0
45 8 16 13 10 0
25 35 0
33 16 4 0
38 3 2 20 42 0
38 0
41 0
30 11 45 0
45 40 21 47 0
26 0
20 15 0
40 0
40 25 19 0
36 34 50 43 0
11 35 27 0
26 40 14 30 41 0
1 16
36 23 30 26 3 0
41 22 49 0
32 0
42 45 7 13 0
11 48 3 0
35 16 38 19 0
4 38 13 14 24 0
40 41 13 5 0
20 5 0
42 0
45 34 19 47 0
24 41 0
47 5 34 43 0
13 47 4 49 0
40 30 38 10 33 0
27 23 0
2 16
48 50 0
14 38 0
14 20 0
10 0
18 12 4 0
2 30 50 27 20 0
48 32 4 40 46 0
2 0
43 10 2 33 40 0
39 42 22 0
18 16 22 0
19 29 0
9 33 49 18 50 0
10 23 3 0
41 24 0
30 0
