4
Instancias/Problem_0_896.txt
                   1               64760               66070                1500                1500                   2
                   2               31030               55155             -976504                1500                   2
                   3               29600               52735             -917464                1500                   2
                   4               29600               52735             -861265                1500                   2
                   5               29285               52625             -805071                1500                   2
                   6               29175               52405             -749503                1500                   2
                   7               29175               52595             -694169                1500                   2
                   8               29080               52610             -638821                1500                   2
                   9               29080               52610             -603526                1500                   2
                  10               29080               52720             -548368                1500                   2
                  11               29080               52515             -493210                1500                   2
                  12               29080               51525             -438084                1500                   2
                  13               29080               51430             -386826                1500                   2
                  14               29080               51210             -331715                1500                   2
                  15               28750               51680             -276613                1500                   2
                  16               28750               52090             -229859                1500                   2
                  17               28545               51460             -175475                1500                   2
                  18               28090               50125             -132271                1500                   2
                  19               26745               48975            -83901.4                1500                   2
                  20               25865               48475              -50589                1500                   2
                  21               24970               47040            -23145.6                1500                   2
                  22               23680               46285              -14750                1500                   2
                  23               23145               45140            -12686.2                1500                   2
                  24               19215               64400             -110922                1500                   2
                  25               18885               63395            -78430.3                1500                   2
                  26               18775               63065            -53071.1                1500                   2
                  27               18555               62030            -28486.2                1500                   1
                  28               18445               61135            -19405.4                1500                   1
                  29               18445               59825            -13609.3                1500                   1
                  30               17345               49635             -7630.3                1500                   1
                  31               14565               42260            -6146.33                1500                   1
                  32               14125               36385            -3745.05                1500                   1
                  33               13575               55260            -8721.54                1500                   1
                  34               13575               49495            -4423.33                1500                   1
                  35               12805               47670            -3901.13                1500                   1
                  36               12790               36435            -1329.68                1500                   1
                  37               12145               63055            -11367.3                1500                   1
                  38               12145               62160            -6719.58                1500                   1
                  39               12035               44635            -2271.06                1500                   1
                  40               11690               38650            -685.317                1500                   1
                  41               11580               53910            -9031.28                1500                   1
                  42               11580               48740            -4223.76                1500                   1
                  43               11015               30800            -713.941                1500                   1
                  44               10890               63345            -9569.48                1500                   1
                  45               10890               55500            -4967.98                1500                   1
                  46               10105               35430            -1978.63                1500                   1
                  47                9790               56265            -5047.89                1500                   1
                  48                9790               48170            -2359.17                1500                   1
                  49                9350               31595            -626.655                1500                   1
                  50                9240               33520             -505.24                1500                   1
                  51                9240               25190             357.699                1500                   1
                  52                9240               53745            -7613.82                1500                   1
                  53                9240               44480             -3776.5                1500                 0.5
                  54                9240               36940            -1140.68                1500                 0.5
                  55                9240               36815            -505.251                1500                 0.5
                  56                9240               37145            -358.683                1500                 0.5
                  57                9130               25690             610.331                1500                 0.5
                  58                9130               46685            -1714.78                1500                 0.5
                  59                9020               37320            -91.2611                1500                 0.5
                  60                9020               39315            -77.9127                1500                 0.5
                  61                9020               38250             319.205                1500                 0.5
                  62                9020               23430             268.362                1500                 0.5
                  63                9020               48395            -1261.04                1500                 0.5
                  64                9020               27185             513.094                1500                 0.5
                  65                9020               43980            -886.508                1500                 0.5
                  66                9020               27310             747.038                1500                 0.5
                  67                9020               48180            -1406.74                1500                 0.5
                  68                9020               27435             754.227                1500                 0.5
                  69                9020               41735            -1333.95                1500                 0.5
                  70                9020               29225             15.6984                1500                 0.5
                  71                9020               39300            -181.699                1500                 0.5
                  72                8910               30690             575.493                1500                 0.5
                  73                8690               36580            -190.106                1500                 0.5
                  74                8690               25585             711.614                1500                 0.5
                  75                8690               49695            -1527.17                1500                 0.5
                  76                8565               38560            -97.3805                1500                 0.5
                  77                8565               29555             587.426                1500                 0.5
                  78                8565               19030             1083.06                1500                 0.5
                  79                8345               53375            -3379.58                1500                0.25
                  80                8345               45360            -1839.87                1500                0.25
                  81                8345               39375             -468.85                1500                0.25
                  82                8345               31940             168.508                1500                0.25
                  83                8345               26725             874.554                1500                0.25
                  84                8345               33940             575.508                1500                0.25
                  85                8345               21825             1109.06                1500                0.25
                  86                8345               34885             458.368                1500                0.25
                  87                8345               20020             1249.73                1500                0.25
                  88                8345               43085              140.58                1500                0.25
                  89                8345               21655             1113.35                1500                0.25
                  90                8345               39270             366.153                1500                0.25
                  91                8345               22770             1157.82                1500                0.25
                  92                8345               37855             540.763                1500                0.25
                  93                8345               19970             1183.03                1500                0.25
                  94                8345               43400             219.179                1500                0.25
                  95                8345               23965             1191.37                1500                0.25
                  96                8345               38040             543.409                1500                0.25
                  97                8345               14945             1331.36                1500                0.25
                  98                8345               46780            -764.085                1500                0.25
                  99                8345               34900             207.038                1500                0.25
                 100                8345               22645             1076.51                1500                0.25
                 101                8345               36375             522.705                1500                0.25
                 102                8345               21590             1308.37                1500                0.25
                 103                8345               32750             402.507                1500                0.25
                 104                8345               18510             1217.03                1500                0.25
                 105                8345               39740             82.5823                1500               0.125
                 106                8345               36705             532.443                1500               0.125
                 107                8345               22645             1135.57                1500               0.125
                 108                8345               21810             1360.58                1500               0.125
                 109                8345               22835             1242.67                1500               0.125
                 110                8345               15840             1449.35                1500               0.125
                 111                8345               31270             983.873                1500               0.125
                 112                8345               17510             1409.93                1500               0.125
                 113                8345               31745             1109.53                1500               0.125
                 114                8345               17680             1486.69                1500               0.125
                 115                8345               12480              1551.3              1551.3               0.125
                 116                8345               37840             422.174              1551.3               0.125
                 117                8345               24125             1073.04              1551.3               0.125
                 118                8345               19615              1441.2              1551.3               0.125
                 119                8345               35120             1096.21              1551.3               0.125
                 120                8345               17490             1545.97              1551.3               0.125
                 121                8345               30835             1043.26              1551.3               0.125
                 122                8345               20635             1299.69              1551.3               0.125
                 123                8345               20680             1334.41              1551.3               0.125
                 124                8345               14790             1516.29              1551.3               0.125
                 125                8345               40715             615.812              1551.3               0.125
                 126                8345               27485             1213.44              1551.3               0.125
                 127                8345               19660             1480.16              1551.3               0.125
                 128                8345               12700             1560.92             1560.92               0.125
                 129                8345               33315             392.432             1560.92               0.125
                 130                8345               25240             849.131             1560.92               0.125
                 131                8345               19565             1343.19             1560.92               0.125
                 132                8345               21940             1376.19             1560.92               0.125
                 133                8345               22520             1419.24             1560.92               0.125
                 134                8345               30080             1287.64             1560.92               0.125
                 135                8345               14775             1536.45             1560.92               0.125
                 136                8345               40530              596.86             1560.92               0.125
                 137                8345               30175             1280.03             1560.92               0.125
                 138                8345               18750             1500.75             1560.92               0.125
                 139                8345               37135             1060.82             1560.92               0.125
                 140                8345               17505              1540.5             1560.92               0.125
                 141                8345               32905             1040.01             1560.92               0.125
                 142                8345               22710             1331.33             1560.92               0.125
                 143                8345               19095              1449.4             1560.92               0.125
                 144                8345               31225             1270.31             1560.92               0.125
                 145                8345               16595             1545.68             1560.92               0.125
                 146                8345               26685             1179.29             1560.92               0.125
                 147                8345               18325             1464.24             1560.92               0.125
                 148                8345               20085             1336.41             1560.92               0.125
                 149                8345               19375             1471.26             1560.92               0.125
                 150                8345               33080             1061.57             1560.92               0.125
                 151                8345               24925             1312.95             1560.92               0.125
                 152                8345               15780             1485.73             1560.92               0.125
                 153                8345               32120             1034.58             1560.92               0.125
                 154                8345               22835             1356.89             1560.92              0.0625
                 155                8345               14745             1563.11             1563.11              0.0625
                 156                8345               19000             1507.61             1563.11              0.0625
                 157                8345               16735             1554.16             1563.11              0.0625
                 158                8345               21280             1474.64             1563.11              0.0625
                 159                8345               16330             1583.71             1583.71              0.0625
                 160                8345               17695              1509.3             1583.71              0.0625
                 161                8345               18500             1537.28             1583.71              0.0625
                 162                8345               15605             1588.77             1588.77              0.0625
                 163                8345               27125             1442.68             1588.77              0.0625
                 164                8345               13250             1633.83             1633.83              0.0625
                 165                8345               27550             1340.81             1633.83              0.0625
                 166                8345               15560              1585.9             1633.83              0.0625
                 167                8345               17775             1498.86             1633.83              0.0625
                 168                8345               15465             1576.72             1633.83              0.0625
                 169                8345               20950             1503.24             1633.83              0.0625
                 170                8345               12605             1627.28             1633.83              0.0625
                 171                8345               27645             1283.78             1633.83              0.0625
                 172                8345               16345             1580.83             1633.83              0.0625
                 173                8345               17400             1543.46             1633.83              0.0625
                 174                8345               19740             1555.82             1633.83              0.0625
                 175                8345               15620             1571.14             1633.83              0.0625
                 176                8345               21170             1560.08             1633.83              0.0625
                 177                8345               15765             1625.43             1633.83              0.0625
                 178                8345               17930             1510.99             1633.83              0.0625
                 179                8345               16455             1601.27             1633.83              0.0625
                 180                8345               19250             1524.53             1633.83              0.0625
                 181                8345               16250             1631.43             1633.83              0.0625
                 182                8345               18055             1542.13             1633.83              0.0625
                 183                8345               18735             1604.85             1633.83              0.0625
                 184                8345               20855             1572.58             1633.83              0.0625
                 185                8345               18560             1602.03             1633.83              0.0625
                 186                8345               11805             1653.52             1653.52              0.0625
                 187                8345               29385             1241.24             1653.52              0.0625
                 188                8345               19190             1553.59             1653.52              0.0625
                 189                8345               16455             1593.72             1653.52              0.0625
                 190                8345               18245             1567.62             1653.52              0.0625
                 191                8345               18670             1599.48             1653.52              0.0625
                 192                8345               10940             1658.74             1658.74              0.0625
                 193                8345               25790             1247.71             1658.74              0.0625
                 194                8345               16520             1551.21             1658.74              0.0625
                 195                8345               14210             1613.64             1658.74              0.0625
                 196                8345               21875             1479.34             1658.74              0.0625
                 197                8345               15810             1609.77             1658.74              0.0625
                 198                8345               20700              1535.6             1658.74              0.0625
                 199                8345               17130             1611.34             1658.74              0.0625
                 200                8345               22190              1545.5             1658.74              0.0625
                 201                8345               15165             1633.38             1658.74              0.0625
                 202                8345               20495             1508.41             1658.74              0.0625
                 203                8345               13280             1635.47             1658.74              0.0625
                 204                8345               28195             1328.22             1658.74              0.0625
                 205                8345               22350             1508.35             1658.74              0.0625
                 206                8345               15510             1630.18             1658.74              0.0625
                 207                8345               23575             1483.49             1658.74              0.0625
                 208                8345               14855             1634.07             1658.74              0.0625
                 209                8345               12105             1673.72             1673.72              0.0625
                 210                8345               34695                1252             1673.72              0.0625
                 211                8345               23930             1435.73             1673.72              0.0625
                 212                8345               16485             1603.98             1673.72              0.0625
                 213                8345               14380             1654.32             1673.72              0.0625
                 214                8345               24990             1396.06             1673.72              0.0625
                 215                8345               20700             1512.87             1673.72              0.0625
                 216                8345               17415             1619.78             1673.72              0.0625
                 217                8345               21700             1531.89             1673.72              0.0625
                 218                8345               14805             1644.51             1673.72              0.0625
                 219                8345               29295             1367.83             1673.72              0.0625
                 220                8345               16660             1629.73             1673.72              0.0625
                 221                8345               17445             1518.82             1673.72              0.0625
                 222                8345               15545             1618.34             1673.72              0.0625
                 223                8345               27360             1471.15             1673.72              0.0625
                 224                8345               19175             1575.75             1673.72              0.0625
                 225                8345               20820             1563.07             1673.72              0.0625
                 226                8345               16125             1645.28             1673.72              0.0625
                 227                8345               23650             1535.11             1673.72              0.0625
                 228                8345               16505             1636.66             1673.72              0.0625
                 229                8345               27375             1467.93             1673.72              0.0625
                 230                8345               16390             1658.54             1673.72              0.0625
                 231                8345               24865             1442.51             1673.72              0.0625
                 232                8345               16205             1645.77             1673.72              0.0625
                 233                8345               10610             1688.08             1688.08              0.0625
                 234                8345               34210             1193.83             1688.08              0.0625
                 235                8345               25065             1371.12             1688.08              0.0625
                 236                8345               16910             1580.79             1688.08              0.0625
                 237                8345               22630             1480.65             1688.08              0.0625
                 238                8345               13105             1654.93             1688.08              0.0625
                 239                8345               25365                1369             1688.08              0.0625
                 240                8345               14005             1618.51             1688.08              0.0625
                 241                8345               19330             1545.32             1688.08              0.0625
                 242                8345               13280             1617.68             1688.08              0.0625
                 243                8345               18530             1542.34             1688.08              0.0625
                 244                8345               17760              1624.1             1688.08              0.0625
                 245                8345               18325             1530.59             1688.08              0.0625
                 246                8345               18105             1652.06             1688.08              0.0625
                 247                8345               20665             1529.78             1688.08              0.0625
                 248                8345               18325             1656.37             1688.08              0.0625
                 249                8345               20590             1540.62             1688.08              0.0625
                 250                8345               18780             1636.35             1688.08              0.0625
                 251                8345               10470              1683.8             1688.08              0.0625
                 252                8345               30550             1170.51             1688.08              0.0625
                 253                8345               21455             1456.95             1688.08              0.0625
                 254                8345               17025             1543.49             1688.08              0.0625
                 255                8345               18985             1577.18             1688.08              0.0625
                 256                8345               16815             1611.74             1688.08              0.0625
                 257                8345               12870             1678.33             1688.08              0.0625
                 258                8345               28695             1364.61             1688.08              0.0625
                 259                8345               16880              1605.6             1688.08             0.03125
                 260                8345               10295             1697.33             1697.33             0.03125
                 261                8345               18105             1587.61             1697.33             0.03125
                 262                8345               14335             1629.83             1697.33             0.03125
                 263                8345               15700              1689.8             1697.33             0.03125
                 264                8345               16440              1674.6             1697.33             0.03125
                 265                8345               14035             1682.69             1697.33             0.03125
                 266                8345               19675              1654.8             1697.33             0.03125
                 267                8345               12935             1708.02             1708.02             0.03125
                 268                8345               20635             1594.15             1708.02             0.03125
                 269                8345               18355             1639.19             1708.02             0.03125
                 270                8345               12825             1700.37             1708.02             0.03125
                 271                8345               17540             1643.29             1708.02             0.03125
                 272                8345               14885             1698.17             1708.02             0.03125
                 273                8345               20620             1642.07             1708.02             0.03125
                 274                8345               11270             1708.08             1708.08             0.03125
                 275                8345               19630             1581.56             1708.08             0.03125
                 276                8345               14430              1684.9             1708.08             0.03125
                 277                8345               11710             1711.52             1711.52             0.03125
                 278                8345               25175             1555.11             1711.52             0.03125
                 279                8345               15840             1697.85             1711.52             0.03125
                 280                8345               18185             1658.97             1711.52             0.03125
                 281                8345               13895             1707.15             1711.52             0.03125
                 282                8345               19440             1648.21             1711.52             0.03125
                 283                8345               11255              1725.8              1725.8             0.03125
                 284                8345               26875             1519.59              1725.8             0.03125
                 285                8345               24170             1582.15              1725.8             0.03125
                 286                8345               18985             1697.63              1725.8             0.03125
                 287                8345               21295             1663.28              1725.8             0.03125
                 288                8345               11145             1719.62              1725.8             0.03125
                 289                8345               25520             1550.47              1725.8             0.03125
                 290                8345               20775             1627.65              1725.8             0.03125
                 291                8345               11725             1712.79              1725.8             0.03125
                 292                8345               22410             1589.51              1725.8             0.03125
                 293                8345               13815             1699.15              1725.8             0.03125
                 294                8345               16580              1665.7              1725.8             0.03125
                 295                8345               18105             1687.11              1725.8             0.03125
                 296                8345               13360             1718.34              1725.8             0.03125
                 297                8345               22050              1597.7              1725.8             0.03125
                 298                8345               17745             1657.23              1725.8             0.03125
                 299                8345               12620             1713.65              1725.8             0.03125
                 300                8345               23290             1596.79              1725.8             0.03125
                 301                8345               11270             1705.71              1725.8             0.03125
                 302                8345               10705             1723.71              1725.8             0.03125
                 303                8345               18355             1569.19              1725.8             0.03125
                 304                8345               15890             1679.31              1725.8             0.03125
                 305                8345               11285             1714.98              1725.8             0.03125
                 306                8345               18640             1593.01              1725.8             0.03125
                 307                8345               11900             1706.77              1725.8             0.03125
                 308                8345               21310             1636.53              1725.8             0.03125
                 309                8345               12605             1711.58              1725.8            0.015625
                 310                8345               16580             1718.54              1725.8            0.015625
                 311                8345               11615             1740.72             1740.72            0.015625
                 312                8345               21215             1683.45             1740.72            0.015625
                 313                8345               16910             1712.43             1740.72            0.015625
                 314                8345               14335             1737.23             1740.72            0.015625
                 315                8345               16910             1727.28             1740.72            0.015625
                 316                8345               11020             1743.92             1743.92            0.015625
                 317                8345               17065             1707.14             1743.92            0.015625
                 318                8345               11395             1750.87             1750.87            0.015625
                 319                8345                9965             1757.81             1757.81            0.015625
                 320                8345               19615             1659.03             1757.81            0.015625
                 321                8345               16645             1702.54             1757.81            0.015625
                 322                8345               14115             1733.71             1757.81            0.015625
                 323                8345               16910              1722.6             1757.81            0.015625
                 324                8345               11710             1753.14             1757.81            0.015625
                 325                8345               21500             1696.56             1757.81            0.015625
                 326                8345               13045             1742.23             1757.81            0.015625
                 327                8345               10280             1750.37             1757.81            0.015625
                 328                8345               18245             1690.36             1757.81            0.015625
                 329                8345               14160             1738.46             1757.81            0.015625
                 330                8345               17980             1729.02             1757.81            0.015625
                 331                8345               11585             1751.22             1757.81            0.015625
                 332                8345               21155             1703.12             1757.81            0.015625
                 333                8345               12935              1750.8             1757.81            0.015625
                 334                8345               15950             1707.64             1757.81            0.015625
                 335                8345               15290             1733.94             1757.81            0.015625
                 336                8345               16035             1740.31             1757.81            0.015625
                 337                8345               13925             1745.54             1757.81            0.015625
                 338                8345               17760             1713.92             1757.81            0.015625
                 339                8345               13580             1750.87             1757.81            0.015625
                 340                8345               10955             1765.48             1765.48            0.015625
                 341                8345               21500             1675.84             1765.48            0.015625
                 342                8345               18955             1699.08             1765.48            0.015625
                 343                8345               11270             1756.11             1765.48            0.015625
                 344                8345               20290              1691.4             1765.48            0.015625
                 345                8345               14145             1740.73             1765.48            0.015625
                 346                8345               18670             1730.82             1765.48            0.015625
                 347                8345               11175             1755.28             1765.48            0.015625
                 348                8345               19660             1699.98             1765.48            0.015625
                 349                8345               18010             1722.49             1765.48            0.015625
                 350                8345               11710             1753.83             1765.48            0.015625
                 351                8345                7215             1766.09             1766.09            0.015625
                 352                8345               19740             1670.87             1766.09            0.015625
                 353                8345               12905             1712.92             1766.09            0.015625
                 354                8345               10375             1721.69             1766.09            0.015625
                 355                8345               13940             1720.21             1766.09            0.015625
                 356                8345               12700             1747.12             1766.09            0.015625
                 357                8345               20585                1706             1766.09            0.015625
                 358                8345               13125             1751.76             1766.09            0.015625
                 359                8345               18090             1720.28             1766.09            0.015625
                 360                8345               11615             1761.65             1766.09            0.015625
                 361                8345               17540             1696.09             1766.09            0.015625
                 362                8345               16660             1711.72             1766.09            0.015625
                 363                8345               12810             1759.52             1766.09            0.015625
                 364                8345               16110             1732.62             1766.09            0.015625
                 365                8345               14475             1736.17             1766.09            0.015625
                 366                8345               17960             1732.49             1766.09            0.015625
                 367                8345               14255             1753.03             1766.09            0.015625
                 368                8345               18465             1727.29             1766.09            0.015625
                 369                8345               10610             1756.84             1766.09            0.015625
                 370                8345               19755             1676.13             1766.09            0.015625
                 371                8345               15545             1716.49             1766.09            0.015625
                 372                8345               13735             1747.36             1766.09            0.015625
                 373                8345               20115             1726.44             1766.09            0.015625
                 374                8345               11600             1756.53             1766.09            0.015625
                 375                8345               19600             1696.69             1766.09            0.015625
                 376                8345               13200             1748.14             1766.09            0.015625
                 377                8345               12180             1757.63             1766.09           0.0078125
                 378                8345               14695             1759.53             1766.09           0.0078125
                 379                8345               13155             1766.04             1766.09           0.0078125
                 380                8345               14900              1757.6             1766.09           0.0078125
                 381                8345                9290             1771.36             1771.36           0.0078125
                 382                8345               15355              1747.9             1771.36           0.0078125
                 383                8345               11255              1767.3             1771.36           0.0078125
                 384                8345               15715             1756.39             1771.36           0.0078125
                 385                8345               14130             1770.76             1771.36           0.0078125
                 386                8345               13420             1763.38             1771.36           0.0078125
                 387                8345               14430              1770.4             1771.36           0.0078125
                 388                8345               12225             1763.77             1771.36           0.0078125
                 389                8345               12055             1769.19             1771.36           0.0078125
                 390                8345               15950              1753.9             1771.36           0.0078125
                 391                8345                9745             1774.25             1774.25           0.0078125
                 392                8345                8080             1777.36             1777.36           0.0078125
                 393                8345               17900              1727.3             1777.36           0.0078125
                 394                8345               13280             1760.77             1777.36           0.0078125
                 395                8345               15105             1755.52             1777.36           0.0078125
                 396                8345               14430             1768.74             1777.36           0.0078125
                 397                8345               13375             1766.75             1777.36           0.0078125
                 398                8345               15200             1763.83             1777.36           0.0078125
                 399                8345               11585              1773.8             1777.36           0.0078125
                 400                8345                8645              1778.2              1778.2           0.0078125
                 401                8345               17725             1729.83              1778.2           0.0078125
                 402                8345               13910             1764.85              1778.2           0.0078125
                 403                8345               14790             1763.49              1778.2           0.0078125
                 404                8345               13110             1772.38              1778.2           0.0078125
                 405                8345               17540             1759.46              1778.2           0.0078125
                 406                8345               11365             1776.31              1778.2           0.0078125
                 407                8345               19520             1736.68              1778.2           0.0078125
                 408                8345               17335              1756.1              1778.2           0.0078125
                 409                8345               10500             1775.77              1778.2           0.0078125
                 410                8345               11460             1764.39              1778.2           0.0078125
                 411                8345               15840             1762.48              1778.2           0.0078125
                 412                8345               12400             1772.84              1778.2           0.0078125
                 413                8345               14475             1756.38              1778.2           0.0078125
                 414                8345               12165             1768.86              1778.2           0.0078125
                 415                8345               15890             1764.53              1778.2           0.0078125
                 416                8345               10815             1774.19              1778.2           0.0078125
                 417                8345               16800             1748.54              1778.2           0.0078125
                 418                8345               12275             1773.78              1778.2           0.0078125
                 419                8345               15605             1759.19              1778.2           0.0078125
                 420                8345               13155              1768.7              1778.2           0.0078125
                 421                8345               12825             1763.15              1778.2           0.0078125
                 422                8345               16535              1764.3              1778.2           0.0078125
                 423                8345               12795             1776.79              1778.2           0.0078125
                 424                8345               18545             1750.46              1778.2           0.0078125
                 425                8345               17445             1764.77              1778.2           0.0078125
                 426                8345               12385             1775.39              1778.2          0.00390625
                 427                8345               10595             1778.28             1778.28          0.00390625
                 428                8345               12605             1773.82             1778.28          0.00390625
                 429                8345               11330             1780.65             1780.65          0.00390625
                 430                8345               13580              1776.8             1780.65          0.00390625
                 431                8345               11035             1782.06             1782.06          0.00390625
                 432                8345               16645             1773.01             1782.06          0.00390625
                 433                8345                9885             1782.65             1782.65          0.00390625
                 434                8345               12180             1770.43             1782.65          0.00390625
                 435                8345               10860             1777.84             1782.65          0.00390625
                 436                8345               14710             1777.07             1782.65          0.00390625
                 437                8345               10565             1783.59             1783.59          0.00390625
                 438                8345               16705                1772             1783.59          0.00390625
                 439                8345               11380             1783.04             1783.59          0.00390625
                 440                8345               15605             1773.03             1783.59          0.00390625
                 441                8345               12950             1780.09             1783.59          0.00390625
                 442                8345               11600             1780.54             1783.59          0.00390625
                 443                8345               14065             1777.75             1783.59          0.00390625
                 444                8345               11755             1781.69             1783.59          0.00390625
                 445                8345               10705             1780.73             1783.59          0.00390625
                 446                8345                9730             1779.47             1783.59          0.00390625
                 447                8345                8835             1782.68             1783.59          0.00390625
                 448                8345               15165             1768.19             1783.59          0.00390625
                 449                8345               11805             1783.85             1783.85          0.00390625
                 450                8345               16690             1775.51             1783.85          0.00390625
                 451                8345               11095             1784.96             1784.96          0.00390625
                 452                8345               13565                1770             1784.96          0.00390625
                 453                8345               12435             1776.17             1784.96          0.00390625
                 454                8345                9870              1783.5             1784.96          0.00390625
                 455                8345               13735              1778.8             1784.96          0.00390625
                 456                8345               10390             1784.81             1784.96          0.00390625
                 457                8345               11930             1776.87             1784.96          0.00390625
                 458                8345               11805             1779.67             1784.96          0.00390625
                 459                8345               14035             1776.24             1784.96          0.00390625
                 460                8345               12920             1783.03             1784.96          0.00390625
                 461                8345               13910             1778.14             1784.96          0.00390625
                 462                8345               10265             1783.55             1784.96          0.00390625
                 463                8345               17365             1771.16             1784.96          0.00390625
                 464                8345               10075             1782.96             1784.96          0.00390625
                 465                8345               18765             1767.19             1784.96          0.00390625
                 466                8345               14050             1776.97             1784.96          0.00390625
                 467                8345               11050             1783.79             1784.96          0.00390625
                 468                8345               12840             1777.47             1784.96          0.00390625
                 469                8345               11885              1784.4             1784.96          0.00390625
                 470                8345               12980              1775.4             1784.96          0.00390625
                 471                8345               12070             1780.13             1784.96          0.00390625
                 472                8345               12370             1782.77             1784.96          0.00390625
                 473                8345                9400             1781.71             1784.96          0.00390625
                 474                8345               12825             1778.45             1784.96          0.00390625
                 475                8345               13440             1782.66             1784.96          0.00390625
                 476                8345               12085             1779.92             1784.96          0.00390625
                 477                8345                9540             1784.15             1784.96          0.00195312
                 478                8345               11930             1783.89             1784.96          0.00195312
                 479                8345                9050              1787.1              1787.1          0.00195312
                 480                8345               12685             1782.55              1787.1          0.00195312
                 481                8345               11035             1787.02              1787.1          0.00195312
                 482                8345                9415             1787.81             1787.81          0.00195312
                 483                8345               11175              1785.6             1787.81          0.00195312
                 484                8345               10375             1788.01             1788.01          0.00195312
                 485                8345               14050              1783.4             1788.01          0.00195312
                 486                8345               11080             1786.06             1788.01          0.00195312
                 487                8345               11050             1788.05             1788.05          0.00195312
                 488                8345               13785              1785.9             1788.05          0.00195312
                 489                8345               10405             1789.35             1789.35          0.00195312
                 490                8345               14395             1782.96             1789.35          0.00195312
                 491                8345               13500             1786.53             1789.35          0.00195312
                 492                8345               10485             1788.89             1789.35          0.00195312
                 493                8345               10215              1786.4             1789.35          0.00195312
                 494                8345                9400             1786.83             1789.35          0.00195312
                 495                8345                8600             1789.81             1789.81          0.00195312
                 496                8345               14675             1783.28             1789.81          0.00195312
                 497                8345               12995             1785.38             1789.81          0.00195312
                 498                8345                9620              1788.4             1789.81          0.00195312
                 499                8345               11740             1786.24             1789.81          0.00195312
                 500                8345               10765             1787.41             1789.81          0.00195312
                 501                8345               10860             1787.89             1789.81          0.00195312
                 502                8345               15370             1784.82             1789.81          0.00195312
                 503                8345                8960             1790.46             1790.46          0.00195312
                 504                8345               16330             1782.79             1790.46          0.00195312
                 505                8345               11395             1787.16             1790.46          0.00195312
                 506                8345               10845             1788.58             1790.46          0.00195312
                 507                8345               12525             1785.66             1790.46          0.00195312
                 508                8345               11240              1789.4             1790.46          0.00195312
                 509                8345                9070             1790.65             1790.65          0.00195312
                 510                8345               14035             1783.21             1790.65          0.00195312
                 511                8345               11050             1787.89             1790.65          0.00195312
                 512                8345               11050             1789.41             1790.65          0.00195312
                 513                8345               13925             1786.42             1790.65          0.00195312
                 514                8345               12320             1789.66             1790.65          0.00195312
                 515                8345               17900             1786.38             1790.65          0.00195312
                 516                8345                9180             1790.85             1790.85          0.00195312
                 517                8345               14900             1782.13             1790.85          0.00195312
                 518                8345               13580             1785.05             1790.85          0.00195312
                 519                8345                9460             1790.62             1790.85          0.00195312
                 520                8345               12275             1785.22             1790.85          0.00195312
                 521                8345               11270              1789.9             1790.85          0.00195312
                 522                8345               11945             1786.23             1790.85          0.00195312
                 523                8345               11505             1788.19             1790.85          0.00195312
                 524                8345               10860             1788.92             1790.85          0.00195312
                 525                8345               11615             1784.78             1790.85          0.00195312
                 526                8345               11615             1788.54             1790.85          0.00195312
                 527                8345               14760             1787.53             1790.85          0.00195312
                 528                8345               11145             1789.64             1790.85          0.00195312
                 529                8345               17680             1784.82             1790.85          0.00195312
                 530                8345               13265             1788.38             1790.85          0.00195312
                 531                8345               11570              1790.3             1790.85          0.00195312
                 532                8345               13830             1786.46             1790.85          0.00195312
                 533                8345               11960             1790.29             1790.85          0.00195312
                 534                8345               16330             1787.14             1790.85          0.00195312
                 535                8345               13250             1788.85             1790.85          0.00195312
                 536                8345               12965             1789.19             1790.85          0.00195312
                 537                8345               11175             1789.63             1790.85          0.00195312
                 538                8345               14240             1787.37             1790.85          0.00195312
                 539                8345                9055             1790.91             1790.91          0.00195312
                 540                8345               15890                1782             1790.91          0.00195312
                 541                8345               11820             1785.42             1790.91          0.00195312
                 542                8345                9320             1790.64             1790.91          0.00195312
                 543                8345               15515             1785.25             1790.91          0.00195312
                 544                8345               10280             1789.45             1790.91          0.00195312
                 545                8345                9525             1791.13             1791.13          0.00195312
                 546                8345               16190             1783.36             1791.13          0.00195312
                 547                8345               14775             1786.86             1791.13          0.00195312
                 548                8345                9400             1790.89             1791.13          0.00195312
                 549                8345               18120             1783.19             1791.13          0.00195312
                 550                8345               11535             1789.05             1791.13          0.00195312
                 551                8345               10860             1790.87             1791.13          0.00195312
                 552                8345               16975             1783.86             1791.13          0.00195312
                 553                8345               15435             1787.84             1791.13          0.00195312
                 554                8345               12495             1790.74             1791.13          0.00195312
                 555                8345               15120             1787.83             1791.13          0.00195312
                 556                8345                9385             1791.27             1791.27          0.00195312
                 557                8345               14535             1781.24             1791.27          0.00195312
                 558                8345               13655             1786.01             1791.27          0.00195312
                 559                8345                8615              1791.2             1791.27          0.00195312
                 560                8345               15685              1782.7             1791.27          0.00195312
                 561                8345               11145             1789.95             1791.27          0.00195312
                 562                8345               15715             1783.77             1791.27          0.00195312
                 563                8345               12400             1788.56             1791.27          0.00195312
                 564                8345                9180             1788.56             1791.27          0.00195312
                 565                8345                9745             1790.56             1791.27          0.00195312
                 566                8345               15230             1785.65             1791.27          0.00195312
                 567                8345               11820              1791.3              1791.3          0.00195312
                 568                8345               16735             1785.78              1791.3          0.00195312
                 569                8345               11110             1788.78              1791.3          0.00195312
                 570                8345               12575              1789.9              1791.3          0.00195312
                 571                8345               10640             1788.72              1791.3          0.00195312
                 572                8345               14570             1787.74              1791.3          0.00195312
                 573                8345               13060             1791.51             1791.51          0.00195312
                 574                8345               12105             1788.38             1791.51          0.00195312
                 575                8345                9275             1790.53             1791.51          0.00195312
                 576                8345               14330             1786.54             1791.51          0.00195312
                 577                8345               11270             1790.37             1791.51          0.00195312
                 578                8345               12480             1787.97             1791.51          0.00195312
                 579                8345               17100             1789.98             1791.51          0.00195312
                 580                8345               12385             1789.47             1791.51          0.00195312
                 581                8345               10925              1791.5             1791.51          0.00195312
                 582                8345               19155             1784.43             1791.51          0.00195312
                 583                8345               10860             1790.18             1791.51          0.00195312
                 584                8345               10295             1791.62             1791.62          0.00195312
                 585                8345               16015             1782.65             1791.62          0.00195312
                 586                8345               13910             1787.15             1791.62          0.00195312
                 587                8345               11535             1790.41             1791.62          0.00195312
                 588                8345               11190             1787.14             1791.62          0.00195312
                 589                8345               10735             1789.62             1791.62          0.00195312
                 590                8345               16895              1787.6             1791.62          0.00195312
                 591                8345               10310             1792.01             1792.01          0.00195312
                 592                8345               16250             1785.93             1792.01          0.00195312
                 593                8345                8410             1791.55             1792.01          0.00195312
                 594                8345                9195              1792.1              1792.1          0.00195312
                 595                8345               17070             1780.92              1792.1          0.00195312
                 596                8345               15450             1785.83              1792.1          0.00195312
                 597                8345               12980             1789.99              1792.1          0.00195312
                 598                8345               16675             1789.35              1792.1          0.00195312
                 599                8345                8930             1791.72              1792.1          0.00195312
                 600                8345               14600             1783.55              1792.1          0.00195312
                 601                8345               13390             1786.32              1792.1          0.00195312
                 602                8345                9350             1791.57              1792.1          0.00195312
                 603                8345               17885             1783.04              1792.1          0.00195312
                 604                8345               14145             1786.84              1792.1          0.00195312
                 605                8345               11050             1791.29              1792.1          0.00195312
                 606                8345               15245             1787.33              1792.1          0.00195312
                 607                8345                9525             1790.99              1792.1          0.00195312
                 608                8345                9400             1792.16             1792.16          0.00195312
                 609                8345               16645             1782.98             1792.16          0.00195312
                 610                8345               12055              1789.4             1792.16          0.00195312
                 611                8345               14380             1788.58             1792.16          0.00195312
                 612                8345               10815             1790.32             1792.16          0.00195312
                 613                8345               15840             1786.81             1792.16          0.00195312
                 614                8345               13970             1788.88             1792.16          0.00195312
                 615                8345               10970             1790.64             1792.16          0.00195312
                 616                8345               12290             1787.98             1792.16          0.00195312
                 617                8345               12290             1790.07             1792.16          0.00195312
                 618                8345               12715             1790.14             1792.16          0.00195312
                 619                8345               14130             1789.35             1792.16          0.00195312
                 620                8345               13830             1790.52             1792.16          0.00195312
                 621                8345               10720             1788.84             1792.16          0.00195312
                 622                8345               10280             1791.46             1792.16          0.00195312
                 623                8345               15715             1785.78             1792.16          0.00195312
                 624                8345                9275             1791.19             1792.16          0.00195312
                 625                8345               17115             1782.38             1792.16          0.00195312
                 626                8345               14570             1787.76             1792.16          0.00195312
                 627                8345               13280             1792.55             1792.55          0.00195312
                 628                8345               17335             1787.68             1792.55          0.00195312
                 629                8345               10735              1792.6              1792.6          0.00195312
                 630                8345               17555             1785.29              1792.6          0.00195312
                 631                8345               14445              1787.7              1792.6          0.00195312
                 632                8345                9070             1791.88              1792.6          0.00195312
                 633                8345               17995             1784.46              1792.6          0.00195312
                 634                8345               13610             1789.85              1792.6          0.00195312
                 635                8345               15715             1790.55              1792.6          0.00195312
                 636                8345               12055             1791.86              1792.6          0.00195312
                 637                8345               10185             1792.81             1792.81          0.00195312
                 638                8345               18545             1783.73             1792.81          0.00195312
                 639                8345               12150             1790.95             1792.81          0.00195312
                 640                8345                9495              1792.4             1792.81          0.00195312
                 641                8345               20005             1783.04             1792.81          0.00195312
                 642                8345               13140             1790.14             1792.81          0.00195312
                 643                8345               16205              1788.6             1792.81          0.00195312
                 644                8345               14835             1791.04             1792.81          0.00195312
                 645                8345               13425             1788.28             1792.81          0.00195312
                 646                8345               11190             1791.85             1792.81          0.00195312
                 647                8345               16440             1787.49             1792.81          0.00195312
                 648                8345                9605             1791.57             1792.81          0.00195312
                 649                8345                8805             1792.51             1792.81          0.00195312
                 650                8345               16345             1782.94             1792.81          0.00195312
                 651                8345               11615             1789.69             1792.81          0.00195312
                 652                8345               12055             1791.43             1792.81          0.00195312
                 653                8345               11975             1790.19             1792.81          0.00195312
                 654                8345               14270              1788.5             1792.81          0.00195312
                 655                8345               12070             1790.76             1792.81          0.00195312
                 656                8345               13155             1788.86             1792.81          0.00195312
                 657                8345               10735              1790.1             1792.81          0.00195312
                 658                8345               15730              1787.9             1792.81          0.00195312
                 659                8345               10845             1792.33             1792.81          0.00195312
                 660                8345               14615             1787.77             1792.81          0.00195312
                 661                8345               14600             1791.36             1792.81          0.00195312
                 662                8345                8205             1792.95             1792.95          0.00195312
                 663                8345               18670             1782.55             1792.95          0.00195312
                 664                8345               14805             1788.78             1792.95          0.00195312
                 665                8345               16095             1791.21             1792.95          0.00195312
                 666                8345               12920             1791.14             1792.95          0.00195312
                 667                8345               16675              1789.6             1792.95          0.00195312
                 668                8345               11615             1791.48             1792.95          0.00195312
                 669                8345               11630             1793.11             1793.11          0.00195312
                 670                8345               14460             1787.43             1793.11          0.00195312
                 671                8345               12355             1791.01             1793.11          0.00195312
                 672                8345               16500             1789.32             1793.11          0.00195312
                 673                8345               12510             1792.26             1793.11          0.00195312
                 674                8345               15370              1787.9             1793.11          0.00195312
                 675                8345               12370             1790.68             1793.11          0.00195312
                 676                8345               14255             1790.56             1793.11          0.00195312
                 677                8345               11915             1792.12             1793.11          0.00195312
                 678                8345               15875             1787.46             1793.11          0.00195312
                 679                8345               12400             1792.27             1793.11          0.00195312
                 680                8345               16595             1787.31             1793.11          0.00195312
                 681                8345               15495             1790.11             1793.11          0.00195312
                 682                8345                9715             1792.42             1793.11          0.00195312
                 683                8345               17225             1784.06             1793.11          0.00195312
                 684                8345               15275             1786.99             1793.11          0.00195312
                 685                8345               10610             1791.28             1793.11          0.00195312
                 686                8345               18480             1786.64             1793.11          0.00195312
                 687                8345               11440             1791.06             1793.11          0.00195312
                 688                8345               10245             1792.49             1793.11          0.00195312
                 689                8345               14870             1786.91             1793.11          0.00195312
                 690                8345               10595             1790.04             1793.11          0.00195312
                 691                8345               10045             1791.92             1793.11          0.00195312
                 692                8345               18955             1786.53             1793.11          0.00195312
                 693                8345               11600             1791.84             1793.11          0.00195312
                 694                8345               15245             1787.86             1793.11          0.00195312
                 695                8345               12260              1792.1             1793.11         0.000976562
Lagrangian Relaxation Time: 10.3181 s.
Tried aggregator 1 time.
MIP Presolve eliminated 314 rows and 728 columns.
MIP Presolve modified 63 coefficients.
Reduced MIP has 746 rows, 2855 columns, and 25684 nonzeros.
Reduced MIP has 1563 binaries, 0 generals, 0 SOSs, and 0 indicators.
Presolve time = 0.01 sec. (7.68 ticks)
Probing time = 0.00 sec. (2.74 ticks)
Tried aggregator 1 time.
MIP Presolve eliminated 55 rows and 110 columns.
Reduced MIP has 691 rows, 2745 columns, and 24955 nonzeros.
Reduced MIP has 1563 binaries, 0 generals, 0 SOSs, and 0 indicators.
Presolve time = 0.02 sec. (9.28 ticks)
Probing time = 0.01 sec. (2.71 ticks)
Clique table members: 100.
MIP emphasis: integer feasibility.
MIP search method: dynamic search.
Parallel mode: none, using 1 thread.
Root relaxation solution time = 0.83 sec. (213.83 ticks)

        Nodes                                         Cuts/
   Node  Left     Objective  IInf  Best Integer    Best Bound    ItCnt     Gap

      0     0     1821.2500    83                   1821.2500     2017         
*     0+    0                         7860.0000     1821.2500            76.83%
      0     0     1832.0502   133     7860.0000      Fract: 4     2495   76.69%
*     0+    0                         5535.0000     1832.0502            66.90%
      0     0     1837.2589   151     5535.0000       Cuts: 2     2883   66.81%
*     0+    0                         4370.0000     1837.2589            57.96%
*     0+    0                         2125.0000     1837.2589            13.54%
      0     2     1837.2589   151     2125.0000     1837.2955     2883   13.54%
Elapsed time = 2.90 sec. (757.86 ticks, tree = 0.01 MB, solutions = 4)
      3     5     1872.7083   155     2125.0000     1861.2281     4753   12.41%
      4     6     1921.7794   143     2125.0000     1861.2281     5983   12.41%
      5     7     1932.2837   147     2125.0000     1861.2281     7194   12.41%
      6     8     2008.1016   170     2125.0000     1861.2281     8365   12.41%
      7     9     1938.6458   147     2125.0000     1861.2281     8782   12.41%
      8    10     1938.0208   143     2125.0000     1861.2281     9007   12.41%
*     9     7      integral     0     1950.0000     1861.2281     9074    4.55%
     10     6        cutoff           1950.0000     1861.2281     9231    4.55%
     11     7     1863.3571   186     1950.0000     1861.2281     9289    4.55%
*    16     8      integral     0     1935.0000     1861.2281     9794    3.81%
Elapsed time = 5.93 sec. (1630.68 ticks, tree = 0.04 MB, solutions = 6)
*    33     5      integral     0     1905.0000     1872.3606    11170    1.71%
*    35     2      integral     0     1890.0000     1872.7083    11366    0.91%

Gomory fractional cuts applied:  3

Root node processing (before b&c):
  Real time             =    2.79 sec. (739.59 ticks)
Sequential b&c:
  Real time             =    3.65 sec. (1097.12 ticks)
                          ------------
Total (root+branch&cut) =    6.44 sec. (1836.70 ticks)

Root node processing (before b&c):
  Real time             =    0.00 sec. (1.03 ticks)
Sequential b&c:
  Real time             =    0.00 sec. (0.00 ticks)
                          ------------
Total (root+branch&cut) =    0.00 sec. (1.03 ticks)
Best Solution Found: 1890
Optimality Gap: 0.0540372
Solution is feasible
Total Time: 16.7503 s.
Best Solution: 1890
SubProblem Destroyed
...done!
