4
Instancias/Problem_0_369.txt
                   1               64880               65300                1500                1500                   2
                   2               29715               66105        -1.11047e+06                1500                   2
                   3               29385               65665        -1.05405e+06                1500                   2
                   4               29385               65335             -998283                1500                   2
                   5               29385               65350             -942521                1500                   2
                   6               29370               65980             -886769                1500                   2
                   7               29370               65635             -831033                1500                   2
                   8               29370               65745             -775293                1500                   2
                   9               29040               66420             -719564                1500                   2
                  10               29040               66420             -667816                1500                   2
                  11               29040               66200             -616408                1500                   2
                  12               29040               66530             -561655                1500                   2
                  13               28835               65555             -507223                1500                   2
                  14               28630               64470             -452577                1500                   2
                  15               28630               64250             -399586                1500                   2
                  16               28630               64250             -345331                1500                   2
                  17               28630               64030             -313521                1500                   2
                  18               28630               63605             -259277                1500                   2
                  19               28410               62300             -205029                1500                   2
                  20               28190               61515             -161406                1500                   2
                  21               27970               61185             -108178                1500                   2
                  22               27970               60760            -78210.1                1500                   2
                  23               26540               59345            -42492.7                1500                   2
                  24               24890               57415            -29201.9                1500                   2
                  25               23035               54420            -19918.9                1500                   2
                  26               21540               51920            -15879.3                1500                   2
                  27               18630               48005            -12844.9                1500                   1
                  28               18285               45680            -9217.39                1500                   1
                  29               17750               42400            -7104.25                1500                   1
                  30               16950               38910            -5734.11                1500                   1
                  31               16635               41515            -6087.89                1500                   1
                  32               15110               47975            -5139.24                1500                   1
                  33               13775               57490            -7295.87                1500                   1
                  34               13335               45480            -3188.81                1500                   1
                  35               13085               54315            -5762.32                1500                   1
                  36               12080               41235            -1624.07                1500                   1
                  37               11985               36575            -644.974                1500                   1
                  38               11625               43295            -1608.62                1500                   1
                  39               10415               63715            -6160.36                1500                   1
                  40               10100               56530            -3638.95                1500                   1
                  41                9550               43770            -1014.06                1500                   1
                  42                9000               55495            -3838.63                1500                   1
                  43                8890               36855            -625.637                1500                   1
                  44                8560               37600              192.79                1500                   1
                  45                8560               28310             743.738                1500                   1
                  46                8355               64200             -8307.3                1500                   1
                  47                8355               62895            -6219.96                1500                   1
                  48                8355               51050             -2855.8                1500                   1
                  49                8355               42815            -884.286                1500                   1
                  50                8245               33920             355.155                1500                   1
                  51                8245               62175            -5622.05                1500                   1
                  52                8245               46195            -1676.66                1500                   1
                  53                8245               42480            -452.285                1500                 0.5
                  54                8245               37835             356.111                1500                 0.5
                  55                8245               45185             229.555                1500                 0.5
                  56                8040               28610             1194.63                1500                 0.5
                  57                8040               58755            -1569.56                1500                 0.5
                  58                8040               42820             58.7869                1500                 0.5
                  59                8040               30230             810.512                1500                 0.5
                  60                8040               29635             1294.32                1500                 0.5
                  61                8040               47690            -1404.17                1500                 0.5
                  62                8040               36750             367.868                1500                 0.5
                  63                8040               42030             678.028                1500                 0.5
                  64                8040               38620             846.415                1500                 0.5
                  65                8040               36875             608.343                1500                 0.5
                  66                8040               26005             1267.82                1500                 0.5
                  67                8040               53265            -1254.61                1500                 0.5
                  68                8040               38825             385.388                1500                 0.5
                  69                8040               39045              864.06                1500                 0.5
                  70                8040               26130             1457.95                1500                 0.5
                  71                8040               51940            -1431.28                1500                 0.5
                  72                8040               35805             896.712                1500                 0.5
                  73                8040               26785             1519.53             1519.53                 0.5
                  74                8040               51570            -1528.26             1519.53                 0.5
                  75                8040               44265            -107.505             1519.53                 0.5
                  76                8040               30905             1160.27             1519.53                 0.5
                  77                8040               48665            -260.263             1519.53                 0.5
                  78                7930               35995             1164.64             1519.53                 0.5
                  79                7915               23020             1636.39             1636.39                 0.5
                  80                7820               49715             -2241.4             1636.39                 0.5
                  81                7820               42550            -424.656             1636.39                 0.5
                  82                7820               37345             1021.97             1636.39                 0.5
                  83                7820               38075             606.476             1636.39                 0.5
                  84                7790               38595             1019.63             1636.39                 0.5
                  85                7790               41985             889.742             1636.39                 0.5
                  86                7680               39015              1044.9             1636.39                 0.5
                  87                7680               45645              672.54             1636.39                 0.5
                  88                7680               24135             1553.33             1636.39                 0.5
                  89                7555               43820            -564.584             1636.39                 0.5
                  90                7555               31600              711.33             1636.39                 0.5
                  91                7555               41370             274.094             1636.39                 0.5
                  92                7555               26335             1434.69             1636.39                 0.5
                  93                7460               47845            -467.909             1636.39                 0.5
                  94                7460               37240             738.242             1636.39                 0.5
                  95                7460               36675             910.991             1636.39                 0.5
                  96                7460               23980             1550.46             1636.39                 0.5
                  97                7460               50250            -673.567             1636.39                 0.5
                  98                7460               35320             454.873             1636.39                 0.5
                  99                7460               41655              1153.1             1636.39                 0.5
                 100                7460               30450              1137.3             1636.39                 0.5
                 101                7460               45690             387.614             1636.39                 0.5
                 102                7460               36190             1334.39             1636.39                 0.5
                 103                7460               22155             1664.53             1664.53                 0.5
                 104                7460               60530            -2197.25             1664.53                 0.5
                 105                7460               44975             76.7638             1664.53                 0.5
                 106                7460               29525             1118.65             1664.53                 0.5
                 107                7460               43085             250.957             1664.53                 0.5
                 108                7460               29225             1292.19             1664.53                 0.5
                 109                7460               51695            -515.771             1664.53                 0.5
                 110                7460               37035             1265.21             1664.53                 0.5
                 111                7460               45940             588.912             1664.53                 0.5
                 112                7460               29290             1524.06             1664.53                 0.5
                 113                7460               52420            -685.699             1664.53                 0.5
                 114                7460               33325             1126.44             1664.53                 0.5
                 115                7460               41355             809.131             1664.53                 0.5
                 116                7460               33610             1319.53             1664.53                 0.5
                 117                7460               26585             1760.41             1760.41                 0.5
                 118                7460               49640            -1487.12             1760.41                 0.5
                 119                7460               47570            -260.788             1760.41                 0.5
                 120                7460               35130             1187.13             1760.41                 0.5
                 121                7460               42645             602.359             1760.41                 0.5
                 122                7460               28630             1445.09             1760.41                 0.5
                 123                7460               26760             1610.91             1760.41                 0.5
                 124                7460               26370             1590.56             1760.41                 0.5
                 125                7460               40650             -474.27             1760.41                 0.5
                 126                7460               34615             880.503             1760.41                 0.5
                 127                7460               41010             757.625             1760.41                 0.5
                 128                7460               37050              1269.7             1760.41                 0.5
                 129                7460               45220             462.359             1760.41                 0.5
                 130                7460               29680             1478.23             1760.41                 0.5
                 131                7460               47280            -266.004             1760.41                 0.5
                 132                7460               30845             1355.39             1760.41                 0.5
                 133                7460               17915             1819.98             1819.98                 0.5
                 134                7460               17225             1873.67             1873.67                 0.5
                 135                7460               57325            -4279.45             1873.67                 0.5
                 136                7460               52655            -2690.45             1873.67                 0.5
                 137                7460               43790            -248.488             1873.67                 0.5
                 138                7460               33640             930.932             1873.67                 0.5
                 139                7460               35995             957.555             1873.67                 0.5
                 140                7460               34830             1077.21             1873.67                 0.5
                 141                7460               25440             1595.15             1873.67                 0.5
                 142                7460               22235             1741.25             1873.67                 0.5
                 143                7350               48980            -1684.76             1873.67                 0.5
                 144                7350               44690            -537.806             1873.67                 0.5
                 145                7350               30815             1003.09             1873.67                 0.5
                 146                7350               50420             477.711             1873.67                 0.5
                 147                7350               28895             1579.95             1873.67                 0.5
                 148                7350               52200            -435.379             1873.67                 0.5
                 149                7350               38715             1058.87             1873.67                 0.5
                 150                7350               31035             1357.51             1873.67                 0.5
                 151                7350               48855            -53.5012             1873.67                 0.5
                 152                7350               34455             1305.73             1873.67                 0.5
                 153                7350               24980             1781.81             1873.67                 0.5
                 154                7350               25865             1676.28             1873.67                 0.5
                 155                7350               52810             -1103.9             1873.67                 0.5
                 156                7350               41385             320.388             1873.67                 0.5
                 157                7350               31360             1187.11             1873.67                 0.5
                 158                7350               43055             442.679             1873.67                 0.5
                 159                7350               30905              1428.2             1873.67                 0.5
                 160                7350               42505             102.327             1873.67                0.25
                 161                7350               34745             944.251             1873.67                0.25
                 162                7350               30475             1523.17             1873.67                0.25
                 163                7350               30395              1431.8             1873.67                0.25
                 164                7350               25030             1610.26             1873.67                0.25
                 165                7350               35170             1251.77             1873.67                0.25
                 166                7350               26255                1710             1873.67                0.25
                 167                7350               37430             1199.94             1873.67                0.25
                 168                7350               19505             1832.53             1873.67                0.25
                 169                7350               48050             458.919             1873.67                0.25
                 170                7350               29710             1579.16             1873.67                0.25
                 171                7350               30425              1669.3             1873.67                0.25
                 172                7350               34600             1611.34             1873.67                0.25
                 173                7350               20210             1872.07             1873.67                0.25
                 174                7350               13830             1939.77             1939.77                0.25
                 175                7350               48020            -563.483             1939.77                0.25
                 176                7350               39265             623.272             1939.77                0.25
                 177                7350               27165             1469.22             1939.77                0.25
                 178                7350               31950             1653.44             1939.77                0.25
                 179                7350               32725             1641.72             1939.77                0.25
                 180                7350               33630             1588.86             1939.77                0.25
                 181                7350               16205             1921.85             1939.77                0.25
                 182                7350               46840             72.3847             1939.77                0.25
                 183                7350               38510             844.679             1939.77                0.25
                 184                7350               23020             1722.27             1939.77                0.25
                 185                7350               32845             1247.04             1939.77                0.25
                 186                7350               27110             1744.92             1939.77                0.25
                 187                7350               33990             1496.49             1939.77                0.25
                 188                7350               23945             1831.92             1939.77                0.25
                 189                7350               38075              1087.2             1939.77                0.25
                 190                7350               30030             1691.09             1939.77                0.25
                 191                7350               36095             1606.43             1939.77                0.25
                 192                7350               22865             1803.01             1939.77                0.25
                 193                7225               47315             974.788             1939.77                0.25
                 194                7225               39835             1443.34             1939.77                0.25
                 195                7225               23635              1877.8             1939.77                0.25
                 196                7225               42680             1120.02             1939.77                0.25
                 197                7225               29435             1633.96             1939.77                0.25
                 198                7225               28975             1682.64             1939.77                0.25
                 199                7225               29970             1638.53             1939.77                0.25
                 200                7225               33845             1625.55             1939.77               0.125
                 201                7225               14255             1998.12             1998.12               0.125
                 202                7225               36460             1400.97             1998.12               0.125
                 203                7225               30455             1623.16             1998.12               0.125
                 204                7225               17915             1987.88             1998.12               0.125
                 205                7225               13315             2032.63             2032.63               0.125
                 206                7225               37885             1182.31             2032.63               0.125
                 207                7225               32590             1542.68             2032.63               0.125
                 208                7225               22110              1910.5             2032.63               0.125
                 209                7225               15920             1996.17             2032.63               0.125
                 210                7225               39475             1403.06             2032.63               0.125
                 211                7225               30550             1745.14             2032.63               0.125
                 212                7225               19440             1987.56             2032.63               0.125
                 213                7225               12340             2049.38             2049.38               0.125
                 214                7225               45335             998.218             2049.38               0.125
                 215                7225               39035              1372.9             2049.38               0.125
                 216                7225               25110             1779.41             2049.38               0.125
                 217                7225               20320             1994.03             2049.38               0.125
                 218                7225               33990             1773.25             2049.38               0.125
                 219                7225               23665             1969.24             2049.38               0.125
                 220                7225               23560             1878.39             2049.38               0.125
                 221                7225               16300             2037.55             2049.38               0.125
                 222                7225               44610             1484.65             2049.38               0.125
                 223                7225               26165             1880.28             2049.38               0.125
                 224                7225               19410             1996.98             2049.38               0.125
                 225                7225               11050              2091.2              2091.2               0.125
                 226                7225               43215              670.03              2091.2               0.125
                 227                7225               40120             1171.16              2091.2               0.125
                 228                7225               29055             1633.08              2091.2               0.125
                 229                7225               25805             1881.33              2091.2               0.125
                 230                7225               20085             1967.13              2091.2               0.125
                 231                7225               34475             1697.58              2091.2               0.125
                 232                7225               23885             1953.15              2091.2               0.125
                 233                7225               26605             1945.96              2091.2               0.125
                 234                7225               19945             1959.61              2091.2               0.125
                 235                7225               13360             2074.31              2091.2               0.125
                 236                7225               39045             1255.58              2091.2               0.125
                 237                7225               35510              1439.5              2091.2               0.125
                 238                7225               28220             1877.02              2091.2               0.125
                 239                7225               24580             1959.86              2091.2               0.125
                 240                7225               14065             2080.16              2091.2               0.125
                 241                7225               38170             1304.58              2091.2               0.125
                 242                7225               31255             1653.43              2091.2               0.125
                 243                7225               21515             2004.88              2091.2               0.125
                 244                7225               30170             1771.67              2091.2               0.125
                 245                7225               25850             1924.89              2091.2               0.125
                 246                7225               26385             1990.26              2091.2               0.125
                 247                7225               29685             1887.06              2091.2               0.125
                 248                7225               17915             2050.07              2091.2               0.125
                 249                7225               33830             1625.41              2091.2               0.125
                 250                7225               28930              1832.8              2091.2               0.125
                 251                7225               26320                1932              2091.2              0.0625
                 252                7225               15985             2078.24              2091.2              0.0625
                 253                7225               30630             1931.06              2091.2              0.0625
                 254                7225               15295             2101.66             2101.66              0.0625
                 255                7225               27505             1921.39             2101.66              0.0625
                 256                7225               19805             2035.46             2101.66              0.0625
                 257                7225               18155             2073.91             2101.66              0.0625
                 258                7225               10235             2125.21             2125.21              0.0625
                 259                7225               30380             1709.14             2125.21              0.0625
                 260                7225               26875             1846.11             2125.21              0.0625
                 261                7225               18230             2055.81             2125.21              0.0625
                 262                7225               21595             2075.79             2125.21              0.0625
                 263                7225               14335             2124.87             2125.21              0.0625
                 264                7225               11790             2140.64             2140.64              0.0625
                 265                7225               12765             2144.85             2144.85              0.0625
                 266                7225               35455              1737.1             2144.85              0.0625
                 267                7225               22790             1992.36             2144.85              0.0625
                 268                7225               12795             2111.72             2144.85              0.0625
                 269                7225               27470             1839.67             2144.85              0.0625
                 270                7225               22835              1973.7             2144.85              0.0625
                 271                7225               19065             2050.17             2144.85              0.0625
                 272                7225               20620             2073.49             2144.85              0.0625
                 273                7225               22475             2080.16             2144.85              0.0625
                 274                7225               18700             2118.17             2144.85              0.0625
                 275                7225               24455             1987.22             2144.85              0.0625
                 276                7225               17510             2092.33             2144.85              0.0625
                 277                7225               26135              2009.3             2144.85              0.0625
                 278                7225               18765             2075.02             2144.85              0.0625
                 279                7225               19145             2052.11             2144.85              0.0625
                 280                7225               14525             2110.88             2144.85              0.0625
                 281                7225               24670             1850.64             2144.85              0.0625
                 282                7225               22660             1989.02             2144.85              0.0625
                 283                7225               16425             2130.71             2144.85              0.0625
                 284                7225               24385             1976.88             2144.85              0.0625
                 285                7225               20050             2095.58             2144.85              0.0625
                 286                7225               19695             2088.31             2144.85              0.0625
                 287                7225               25095             2079.08             2144.85              0.0625
                 288                7225               15890             2128.91             2144.85              0.0625
                 289                7225               29075             1921.27             2144.85              0.0625
                 290                7225               25665             2011.75             2144.85              0.0625
                 291                7225               12670             2143.73             2144.85             0.03125
                 292                7225               20275             2082.97             2144.85             0.03125
                 293                7225               16535             2129.75             2144.85             0.03125
                 294                7225               12700             2166.05             2166.05             0.03125
                 295                7225               18720             2058.88             2166.05             0.03125
                 296                7225               16725             2115.86             2166.05             0.03125
                 297                7225               16250             2140.44             2166.05             0.03125
                 298                7225               11365             2165.43             2166.05             0.03125
                 299                7225               17415             2058.25             2166.05             0.03125
                 300                7225               13895              2132.4             2166.05             0.03125
                 301                7225               16330             2136.66             2166.05             0.03125
                 302                7225               10485             2170.93             2170.93             0.03125
                 303                7225               20825             2042.73             2170.93             0.03125
                 304                7225               18075             2117.77             2170.93             0.03125
                 305                7225               13235             2168.22             2170.93             0.03125
                 306                7225               10940             2180.36             2180.36             0.03125
                 307                7225               23685             1999.97             2180.36             0.03125
                 308                7225               22350             2073.62             2180.36             0.03125
                 309                7225               13015              2153.5             2180.36             0.03125
                 310                7225               20040             2128.82             2180.36             0.03125
                 311                7225               18815              2154.6             2180.36             0.03125
                 312                7225               16630             2153.03             2180.36             0.03125
                 313                7225               12340              2172.5             2180.36             0.03125
                 314                7225               26655             2011.88             2180.36             0.03125
                 315                7225               22820              2096.8             2180.36             0.03125
                 316                7225               14445             2167.29             2180.36             0.03125
                 317                7225               21910             2079.01             2180.36             0.03125
                 318                7225               17825             2141.42             2180.36             0.03125
                 319                7225               15750             2164.36             2180.36             0.03125
                 320                7225               10800             2184.86             2184.86             0.03125
                 321                7225               26415             1964.18             2184.86             0.03125
                 322                7225               22865             2053.83             2184.86             0.03125
                 323                7225               19300             2109.85             2184.86             0.03125
                 324                7225               14225             2162.71             2184.86             0.03125
                 325                7225               13550             2183.82             2184.86             0.03125
                 326                7225               27000             2078.89             2184.86             0.03125
                 327                7225               16175             2164.26             2184.86             0.03125
                 328                7225               12120             2181.48             2184.86             0.03125
                 329                7225               25050             2017.82             2184.86             0.03125
                 330                7225               20950             2123.16             2184.86             0.03125
                 331                7225               12260             2176.15             2184.86             0.03125
                 332                7225                9480             2185.32             2185.32             0.03125
                 333                7225               25965             1962.17             2185.32             0.03125
                 334                7225               21770             2084.09             2185.32             0.03125
                 335                7225               16440             2145.44             2185.32             0.03125
                 336                7225               13770             2170.47             2185.32             0.03125
                 337                7225               18390             2091.75             2185.32             0.03125
                 338                7225               17305             2145.33             2185.32             0.03125
                 339                7225               19395             2156.99             2185.32             0.03125
                 340                7225               16285             2150.72             2185.32             0.03125
                 341                7225               12435              2185.6              2185.6             0.03125
                 342                7225               25380             2094.28              2185.6             0.03125
                 343                7225               13690             2178.19              2185.6             0.03125
                 344                7225               21985             2057.26              2185.6             0.03125
                 345                7225               20555             2140.69              2185.6             0.03125
                 346                7225               14320             2167.97              2185.6             0.03125
                 347                7225               13755             2185.28              2185.6             0.03125
                 348                7225               28145              2029.3              2185.6             0.03125
                 349                7225               21735             2123.67              2185.6             0.03125
                 350                7225               15420             2179.48              2185.6             0.03125
                 351                7225                7390             2196.93             2196.93             0.03125
                 352                7225               24155             2000.65             2196.93             0.03125
                 353                7225               20605             2077.65             2196.93             0.03125
                 354                7225               16250             2173.88             2196.93             0.03125
                 355                7225               16065             2096.85             2196.93             0.03125
                 356                7225               15420             2152.99             2196.93             0.03125
                 357                7225               13645             2165.84             2196.93             0.03125
                 358                7225               20790             2123.64             2196.93             0.03125
                 359                7225               14130                2177             2196.93             0.03125
                 360                7225               11270             2193.87             2196.93             0.03125
                 361                7225               25760             2026.77             2196.93             0.03125
                 362                7225               22915             2095.57             2196.93             0.03125
                 363                7225               17510             2170.72             2196.93             0.03125
                 364                7225               19975             2143.05             2196.93             0.03125
                 365                7225               17070             2140.12             2196.93             0.03125
                 366                7225               13330             2194.07             2196.93             0.03125
                 367                7225               28175                2026             2196.93             0.03125
                 368                7225               23635             2095.49             2196.93             0.03125
                 369                7225               21780             2133.12             2196.93             0.03125
                 370                7225               12105             2180.02             2196.93             0.03125
                 371                7225               10800             2194.38             2196.93             0.03125
                 372                7225                8490             2199.57             2199.57             0.03125
                 373                7225               30410             1939.04             2199.57             0.03125
                 374                7225               25005             2009.14             2199.57             0.03125
                 375                7225               19315             2111.46             2199.57             0.03125
                 376                7225               17195             2150.78             2199.57             0.03125
                 377                7225               18985             2136.72             2199.57             0.03125
                 378                7225               12215              2184.4             2199.57             0.03125
                 379                7225               26670             2105.76             2199.57             0.03125
                 380                7225               18090              2159.3             2199.57             0.03125
                 381                7225               16440             2182.28             2199.57             0.03125
                 382                7225               22145             2100.99             2199.57             0.03125
                 383                7225               19160             2150.05             2199.57             0.03125
                 384                7225               13785             2194.79             2199.57             0.03125
                 385                7225               27125             2060.44             2199.57             0.03125
                 386                7225               21860             2141.22             2199.57             0.03125
                 387                7225               17005             2190.45             2199.57             0.03125
                 388                7225               10785             2207.79             2207.79             0.03125
                 389                7225               31870             1947.04             2207.79             0.03125
                 390                7225               27375             2054.28             2207.79             0.03125
                 391                7225               21545             2106.54             2207.79             0.03125
                 392                7225               13045             2185.32             2207.79             0.03125
                 393                7225               11475             2196.57             2207.79             0.03125
                 394                7225               21800             2052.18             2207.79             0.03125
                 395                7225               20810             2132.28             2207.79             0.03125
                 396                7225               19690             2170.48             2207.79             0.03125
                 397                7225               14540             2191.96             2207.79             0.03125
                 398                7225               23540             2067.58             2207.79             0.03125
                 399                7225               18435             2137.01             2207.79             0.03125
                 400                7225               16880              2179.9             2207.79             0.03125
                 401                7225                8710             2203.12             2207.79             0.03125
                 402                7225               29735             1887.07             2207.79             0.03125
                 403                7225               26765             2029.64             2207.79             0.03125
                 404                7225               23135             2081.79             2207.79             0.03125
                 405                7225               15310             2168.31             2207.79             0.03125
                 406                7225               19615             2143.59             2207.79             0.03125
                 407                7225               16565             2178.16             2207.79             0.03125
                 408                7225               20120             2127.22             2207.79             0.03125
                 409                7225               18690             2157.61             2207.79             0.03125
                 410                7225               17540             2182.04             2207.79             0.03125
                 411                7225                9825             2207.36             2207.79             0.03125
                 412                7225               25820             1954.64             2207.79             0.03125
                 413                7225               25065             2068.68             2207.79             0.03125
                 414                7225               22425             2116.17             2207.79            0.015625
                 415                7225               15670             2161.11             2207.79            0.015625
                 416                7225               13125             2171.95             2207.79            0.015625
                 417                7225               16315             2191.69             2207.79            0.015625
                 418                7225               16410             2193.58             2207.79            0.015625
                 419                7225               13785             2203.75             2207.79            0.015625
                 420                7225               18215             2182.65             2207.79            0.015625
                 421                7225               14680              2197.4             2207.79            0.015625
                 422                7225               16080             2211.83             2211.83            0.015625
                 423                7225               16300             2185.19             2211.83            0.015625
                 424                7225               14760             2208.72             2211.83            0.015625
                 425                7225               16205             2203.28             2211.83            0.015625
                 426                7225               13675             2212.05             2212.05            0.015625
                 427                7225               17165             2195.97             2212.05            0.015625
                 428                7225               14760             2199.04             2212.05            0.015625
                 429                7225               11130             2218.93             2218.93            0.015625
                 430                7225                8695             2222.03             2222.03            0.015625
                 431                7225               25710             2118.54             2222.03            0.015625
                 432                7225               24830             2148.99             2222.03            0.015625
                 433                7225               15765             2203.38             2222.03            0.015625
                 434                7225               18280             2207.39             2222.03            0.015625
                 435                7225               16395             2200.78             2222.03            0.015625
                 436                7225               13880             2215.75             2222.03            0.015625
                 437                7225               20070             2187.09             2222.03            0.015625
                 438                7225               13895             2209.66             2222.03            0.015625
                 439                7225               16740              2192.9             2222.03            0.015625
                 440                7225               12640             2216.73             2222.03            0.015625
                 441                7225               20415             2179.22             2222.03            0.015625
                 442                7225               18655              2199.4             2222.03            0.015625
                 443                7225               10705             2222.83             2222.83            0.015625
                 444                7225               24345             2134.88             2222.83            0.015625
                 445                7225               23245             2168.33             2222.83            0.015625
                 446                7225               20920             2192.01             2222.83            0.015625
                 447                7225               12825             2218.91             2222.83            0.015625
                 448                7225                9920             2222.17             2222.83            0.015625
                 449                7225               25100             2124.89             2222.83            0.015625
                 450                7225               24000             2148.93             2222.83            0.015625
                 451                7225               16975             2211.11             2222.83            0.015625
                 452                7225               18340             2219.76             2222.83            0.015625
                 453                7225               15295             2200.92             2222.83            0.015625
                 454                7225               11885             2218.93             2222.83            0.015625
                 455                7225               14070             2188.98             2222.83            0.015625
                 456                7225               14415             2201.98             2222.83            0.015625
                 457                7225               16000             2212.91             2222.83            0.015625
                 458                7225               13220             2206.85             2222.83            0.015625
                 459                7225               12890             2216.16             2222.83            0.015625
                 460                7225               19175             2195.67             2222.83            0.015625
                 461                7225               14745             2213.66             2222.83            0.015625
                 462                7225               22440             2191.08             2222.83            0.015625
                 463                7225               16220             2214.89             2222.83            0.015625
                 464                7225               18265             2213.52             2222.83            0.015625
                 465                7225               16645             2209.18             2222.83            0.015625
                 466                7225               14430              2219.3             2222.83            0.015625
                 467                7225               16645             2197.99             2222.83            0.015625
                 468                7225               14555             2214.09             2222.83            0.015625
                 469                7225               18500             2198.75             2222.83           0.0078125
                 470                7225               12010             2224.64             2224.64           0.0078125
                 471                7225               13190              2216.1             2224.64           0.0078125
                 472                7225               11870             2230.48             2230.48           0.0078125
                 473                7225               14430             2210.32             2230.48           0.0078125
                 474                7225               13770             2226.59             2230.48           0.0078125
                 475                7225               14320              2228.1             2230.48           0.0078125
                 476                7225               10990             2233.49             2233.49           0.0078125
                 477                7225               19395             2201.43             2233.49           0.0078125
                 478                7225               16975             2222.04             2233.49           0.0078125
                 479                7225               11570             2232.15             2233.49           0.0078125
                 480                7225                9935             2236.22             2236.22           0.0078125
                 481                7225               17745             2188.48             2236.22           0.0078125
                 482                7225               17525             2215.34             2236.22           0.0078125
                 483                7225               15200             2223.65             2236.22           0.0078125
                 484                7225               14145              2233.4             2236.22           0.0078125
                 485                7225               10940             2237.23             2237.23           0.0078125
                 486                7225               15485             2210.31             2237.23           0.0078125
                 487                7225               12845             2221.89             2237.23           0.0078125
                 488                7225               15075             2221.18             2237.23           0.0078125
                 489                7225               10470             2235.69             2237.23           0.0078125
                 490                7225               18785             2212.38             2237.23           0.0078125
                 491                7225               17025             2223.36             2237.23           0.0078125
                 492                7225               12040             2232.28             2237.23           0.0078125
                 493                7225                9245             2238.62             2238.62           0.0078125
                 494                7225               21485             2175.85             2238.62           0.0078125
                 495                7225               20070             2198.06             2238.62           0.0078125
                 496                7225               15735             2227.81             2238.62           0.0078125
                 497                7225               15985             2229.51             2238.62           0.0078125
                 498                7225                9560             2239.06             2239.06           0.0078125
                 499                7225                8710             2240.37             2240.37           0.0078125
                 500                7225               22790             2175.04             2240.37           0.0078125
                 501                7225               21345             2201.74             2240.37           0.0078125
                 502                7225               17855             2210.33             2240.37           0.0078125
                 503                7225               11335             2230.34             2240.37           0.0078125
                 504                7225                8790             2234.19             2240.37           0.0078125
                 505                7225               21155             2193.77             2240.37           0.0078125
                 506                7225               16315              2223.1             2240.37           0.0078125
                 507                7225               10785             2239.98             2240.37           0.0078125
                 508                7225                8160             2240.54             2240.54           0.0078125
                 509                7225               22460             2174.58             2240.54           0.0078125
                 510                7225               21155             2201.14             2240.54           0.0078125
                 511                7225               20275             2210.51             2240.54           0.0078125
                 512                7225               13645             2228.99             2240.54           0.0078125
                 513                7225               11240             2233.35             2240.54           0.0078125
                 514                7225               16380             2221.31             2240.54           0.0078125
                 515                7225               13960             2232.07             2240.54           0.0078125
                 516                7225               16990             2230.58             2240.54           0.0078125
                 517                7225               14555             2236.68             2240.54           0.0078125
                 518                7225               17385             2223.92             2240.54           0.0078125
                 519                7225               12545             2238.06             2240.54           0.0078125
                 520                7225               19600             2220.11             2240.54           0.0078125
                 521                7225               18610             2229.89             2240.54           0.0078125
                 522                7225               13205             2236.78             2240.54           0.0078125
                 523                7225                9890                2239             2240.54           0.0078125
                 524                7225                9480             2240.11             2240.54           0.0078125
                 525                7225               18925             2214.11             2240.54           0.0078125
                 526                7225               15845             2222.82             2240.54           0.0078125
                 527                7225               14665             2236.62             2240.54           0.0078125
                 528                7225               17935             2224.84             2240.54           0.0078125
                 529                7225               15405              2233.4             2240.54           0.0078125
                 530                7225               16880             2229.44             2240.54           0.0078125
                 531                7225               13645             2235.24             2240.54           0.0078125
                 532                7225               20700             2227.22             2240.54           0.0078125
                 533                7225                8475             2240.62             2240.62           0.0078125
                 534                7225                6260             2242.06             2242.06           0.0078125
                 535                7225                6165             2242.38             2242.38           0.0078125
                 536                7225               22130             2155.09             2242.38           0.0078125
                 537                7225               20150             2178.96             2242.38           0.0078125
                 538                7225               18295             2192.47             2242.38           0.0078125
                 539                7225               12295             2223.65             2242.38           0.0078125
                 540                7225               13235              2231.2             2242.38           0.0078125
                 541                7225               11035             2240.27             2242.38           0.0078125
                 542                7225               15355             2219.34             2242.38           0.0078125
                 543                7225               13030             2229.84             2242.38           0.0078125
                 544                7225               20920             2220.58             2242.38           0.0078125
                 545                7225               17400             2228.12             2242.38           0.0078125
                 546                7225               14180             2239.23             2242.38           0.0078125
                 547                7225               20730             2221.89             2242.38           0.0078125
                 548                7225               15890             2236.88             2242.38           0.0078125
                 549                7225               15105             2235.41             2242.38           0.0078125
                 550                7225               10470             2239.87             2242.38           0.0078125
                 551                7225               21075             2215.67             2242.38           0.0078125
                 552                7225               17650             2227.71             2242.38           0.0078125
                 553                7225               11240             2237.83             2242.38           0.0078125
                 554                7225                9575             2240.76             2242.38           0.0078125
                 555                7225               24125             2180.77             2242.38           0.0078125
                 556                7225               21705             2212.51             2242.38           0.0078125
                 557                7225               19835             2224.37             2242.38           0.0078125
                 558                7225               12230             2240.11             2242.38           0.0078125
                 559                7225               19835             2204.22             2242.38           0.0078125
                 560                7225               19285             2222.55             2242.38           0.0078125
                 561                7225               14400             2239.38             2242.38          0.00390625
                 562                7225               13315             2241.27             2242.38          0.00390625
                 563                7225               13015             2241.57             2242.38          0.00390625
                 564                7225               11130             2243.27             2243.27          0.00390625
                 565                7225                7925             2244.63             2244.63          0.00390625
                 566                7225               18925             2227.16             2244.63          0.00390625
                 567                7225               14430             2236.05             2244.63          0.00390625
                 568                7225               10000             2246.38             2246.38          0.00390625
                 569                7225               13975             2231.29             2246.38          0.00390625
                 570                7225               13975             2242.76             2246.38          0.00390625
                 571                7225               14085             2238.65             2246.38          0.00390625
                 572                7225               10755             2245.12             2246.38          0.00390625
                 573                7225               11680             2246.47             2246.47          0.00390625
                 574                7225               18785             2235.29             2246.47          0.00390625
                 575                7225               16710             2241.38             2246.47          0.00390625
                 576                7225                9840             2244.71             2246.47          0.00390625
                 577                7225                9180             2246.74             2246.74          0.00390625
                 578                7225               19350             2231.74             2246.74          0.00390625
                 579                7225               16710              2238.8             2246.74          0.00390625
                 580                7225               10220             2244.86             2246.74          0.00390625
                 581                7225                9575             2246.75             2246.75          0.00390625
                 582                7225               16770             2227.28             2246.75          0.00390625
                 583                7225               14570             2240.25             2246.75          0.00390625
                 584                7225               11475             2243.23             2246.75          0.00390625
                 585                7225               15670             2244.57             2246.75          0.00390625
                 586                7225               14070             2245.62             2246.75          0.00390625
                 587                7225               11130             2248.06             2248.06          0.00390625
                 588                7225               20275             2224.49             2248.06          0.00390625
                 589                7225               19945             2236.09             2248.06          0.00390625
                 590                7225                9525             2247.23             2248.06          0.00390625
                 591                7225                9070             2248.54             2248.54          0.00390625
                 592                7225               15750              2226.5             2248.54          0.00390625
                 593                7225               13535              2237.5             2248.54          0.00390625
                 594                7225               11555             2246.07             2248.54          0.00390625
                 595                7225               10140             2247.48             2248.54          0.00390625
                 596                7225                9590             2247.49             2248.54          0.00390625
                 597                7225                8255             2248.24             2248.54          0.00390625
                 598                7225               20400              2221.3             2248.54          0.00390625
                 599                7225               19740             2230.81             2248.54          0.00390625
                 600                7225               13910             2242.64             2248.54          0.00390625
                 601                7225               10720             2246.31             2248.54          0.00390625
                 602                7225               16615             2238.97             2248.54          0.00390625
                 603                7225               13975             2244.04             2248.54          0.00390625
                 604                7225               15530             2245.19             2248.54          0.00390625
                 605                7225               12200             2247.65             2248.54          0.00390625
                 606                7225               18325              2233.6             2248.54          0.00390625
                 607                7225               17760             2242.53             2248.54          0.00390625
                 608                7225               11445              2249.6              2249.6          0.00390625
                 609                7225               19160             2232.37              2249.6          0.00390625
                 610                7225               16960             2241.58              2249.6          0.00390625
                 611                7225               10990             2247.86              2249.6          0.00390625
                 612                7225                9985             2249.33              2249.6          0.00390625
                 613                7225                6825              2249.6              2249.6          0.00390625
                 614                7225                6700             2250.16             2250.16          0.00390625
                 615                7225               22160             2207.72             2250.16          0.00390625
                 616                7225               20745             2223.67             2250.16          0.00390625
                 617                7225               19755             2229.54             2250.16          0.00390625
                 618                7225               14365             2241.92             2250.16          0.00390625
                 619                7225               13155             2243.32             2250.16          0.00390625
                 620                7225               14555              2245.5             2250.16          0.00390625
                 621                7225               15405             2244.16             2250.16          0.00390625
                 622                7225               12765              2246.9             2250.16          0.00390625
                 623                7225               16945             2243.63             2250.16          0.00390625
                 624                7225               14100             2247.34             2250.16          0.00390625
                 625                7225               16600             2244.06             2250.16          0.00390625
                 626                7225               13440             2247.24             2250.16          0.00390625
                 627                7225               18955             2240.41             2250.16          0.00390625
                 628                7225               16615             2244.67             2250.16          0.00390625
                 629                7225               11320             2247.12             2250.16          0.00390625
                 630                7225                9135             2250.09             2250.16          0.00390625
                 631                7225               21265             2232.72             2250.16          0.00390625
                 632                7225               18390             2236.63             2250.16          0.00390625
                 633                7225               11475             2248.24             2250.16          0.00390625
                 634                7225               14085             2239.15             2250.16          0.00390625
                 635                7225               13535                2246             2250.16          0.00390625
                 636                7225               11005             2246.13             2250.16          0.00390625
                 637                7225               10815                2248             2250.16          0.00390625
                 638                7225               17165             2236.81             2250.16          0.00390625
                 639                7225               15420             2242.68             2250.16          0.00390625
                 640                7225                9275             2249.85             2250.16          0.00195312
                 641                7225                7940             2250.46             2250.46          0.00195312
                 642                7225               15295             2243.25             2250.46          0.00195312
                 643                7225               15295             2247.22             2250.46          0.00195312
                 644                7225               10235             2250.43             2250.46          0.00195312
                 645                7225                9605             2252.22             2252.22          0.00195312
                 646                7225               16380              2241.7             2252.22          0.00195312
                 647                7225               16380             2246.28             2252.22          0.00195312
                 648                7225               11995             2250.98             2252.22          0.00195312
                 649                7225                9905             2251.64             2252.22          0.00195312
                 650                7225               16095             2244.62             2252.22          0.00195312
                 651                7225               15985             2249.44             2252.22          0.00195312
                 652                7225               11195              2252.1             2252.22          0.00195312
                 653                7225               16470             2242.01             2252.22          0.00195312
                 654                7225               14600             2248.72             2252.22          0.00195312
                 655                7225               10925             2250.53             2252.22          0.00195312
                 656                7225               13345             2248.84             2252.22          0.00195312
                 657                7225               12245             2251.82             2252.22          0.00195312
                 658                7225               14335             2248.94             2252.22          0.00195312
                 659                7225               14650             2250.25             2252.22          0.00195312
                 660                7225               10895              2252.1             2252.22          0.00195312
                 661                7225               12765              2243.8             2252.22          0.00195312
                 662                7225               11790             2250.41             2252.22          0.00195312
                 663                7225               12310             2244.95             2252.22          0.00195312
                 664                7225               11980             2250.65             2252.22          0.00195312
                 665                7225                9905             2252.04             2252.22          0.00195312
                 666                7225               14445             2246.88             2252.22          0.00195312
                 667                7225               12120             2250.53             2252.22          0.00195312
                 668                7225               11885              2251.5             2252.22          0.00195312
                 669                7225                9905              2252.1             2252.22          0.00195312
                 670                7225               17825              2245.6             2252.22          0.00195312
                 671                7225               15060             2249.77             2252.22         0.000976562
Lagrangian Relaxation Time: 6.97101 s.
Tried aggregator 1 time.
MIP Presolve eliminated 333 rows and 770 columns.
MIP Presolve modified 6 coefficients.
Reduced MIP has 727 rows, 3024 columns, and 28976 nonzeros.
Reduced MIP has 1770 binaries, 0 generals, 0 SOSs, and 0 indicators.
Presolve time = 0.04 sec. (7.80 ticks)
Probing time = 0.01 sec. (2.80 ticks)
Tried aggregator 1 time.
MIP Presolve eliminated 46 rows and 92 columns.
Reduced MIP has 681 rows, 2932 columns, and 28402 nonzeros.
Reduced MIP has 1770 binaries, 0 generals, 0 SOSs, and 0 indicators.
Presolve time = 0.06 sec. (10.31 ticks)
Probing time = 0.01 sec. (2.78 ticks)
Clique table members: 100.
MIP emphasis: integer feasibility.
MIP search method: dynamic search.
Parallel mode: none, using 1 thread.
Root relaxation solution time = 1.27 sec. (307.14 ticks)

        Nodes                                         Cuts/
   Node  Left     Objective  IInf  Best Integer    Best Bound    ItCnt     Gap

      0     0     2303.5381   174                   2303.5381     2298         
*     0+    0                         5680.0000     2303.5381            59.44%
      0     0     2306.2772   172     5680.0000      Fract: 1     2503   59.40%
      0     0     2306.8561   176     5680.0000      Fract: 1     2598   59.39%
*     0+    0                         4580.0000     2306.8561            49.63%
      0     2     2306.8561   176     4580.0000     2306.8586     2598   49.63%
Elapsed time = 3.54 sec. (744.16 ticks, tree = 0.01 MB, solutions = 2)
      4     6     2315.0000    32     4580.0000     2314.6024     5058   49.46%
      5     7     2315.0000    28     4580.0000     2314.6024     6058   49.46%
      6     8     2330.0000   117     4580.0000     2314.6024     7517   49.46%
*     7     2      integral     0     2315.0000     2314.6024     7879    0.02%

Gomory fractional cuts applied:  2

Root node processing (before b&c):
  Real time             =    3.43 sec. (725.74 ticks)
Sequential b&c:
  Real time             =    2.81 sec. (759.41 ticks)
                          ------------
Total (root+branch&cut) =    6.24 sec. (1485.15 ticks)

Root node processing (before b&c):
  Real time             =    0.00 sec. (0.52 ticks)
Sequential b&c:
  Real time             =    0.00 sec. (0.00 ticks)
                          ------------
Total (root+branch&cut) =    0.00 sec. (0.52 ticks)
Best Solution Found: 2315
Optimality Gap: 0.0278754
Solution is feasible
Total Time: 13.2057 s.
Best Solution: 2315
SubProblem Destroyed
...done!
