4
Instancias/Problem_0_737.txt
                   1               65380               66510                1500                1500                   2
                   2               31020               62820        -1.21751e+06                1500                   2
                   3               30690               62270        -1.15848e+06                1500                   2
                   4               30690               62270         -1.1001e+06                1500                   2
                   5               30690               62050        -1.04172e+06                1500                   2
                   6               30690               61955             -983344                1500                   2
                   7               30485               62080             -924969                1500                   2
                   8               30485               61860             -867000                1500                   2
                   9               30155               60650             -809034                1500                   2
                  10               30155               60980             -751724                1500                   2
                  11               30155               60650             -694424                1500                   2
                  12               29935               59315             -661709                1500                   2
                  13               29605               59425             -605144                1500                   2
                  14               29605               59645             -548948                1500                   2
                  15               29495               58985             -493045                1500                   2
                  16               29495               58765             -437059                1500                   2
                  17               29495               58875             -381084                1500                   2
                  18               29040               58075             -329328                1500                   2
                  19               29040               58185             -278725                1500                   2
                  20               28695               57620             -224326                1500                   2
                  21               28240               55735             -171277                1500                   2
                  22               28130               55295             -136806                1500                   2
                  23               28020               55185            -83597.2                1500                   2
                  24               27510               52545            -57724.4                1500                   2
                  25               26960               52605            -34237.7                1500                   2
                  26               26055               52335            -25120.5                1500                   2
                  27               25490               53120            -20785.4                1500                   2
                  28               23305               44430            -14900.3                1500                   2
                  29               22425               46050            -12478.8                1500                   2
                  30               21575               44005            -11301.9                1500                   2
                  31               20775               45455            -10320.7                1500                   2
                  32               19785               50450            -18198.3                1500                   2
                  33               19315               46945            -8857.41                1500                   2
                  34               17805               65895            -56671.7                1500                   2
                  35               17805               65675            -34949.8                1500                   2
                  36               17380               62120            -17824.3                1500                   2
                  37               16075               51045            -8949.13                1500                   2
                  38               15430               62570            -20572.4                1500                   2
                  39               14800               56240              -10289                1500                   2
                  40               14045               53170            -12222.2                1500                   2
                  41               13935               46095            -6103.41                1500                   2
                  42               12945               66425            -19728.5                1500                   2
                  43               12725               60910            -12046.3                1500                   2
                  44               11830               44350            -5671.44                1500                   2
                  45               11595               38045            -2044.68                1500                   2
                  46               10935               64180              -27897                1500                   2
                  47               10935               61855            -17394.9                1500                   2
                  48               10840               59065            -10661.7                1500                   2
                  49               10605               46335            -4328.09                1500                   2
                  50               10290               49100            -3125.62                1500                   2
                  51               10180               37390            -2234.77                1500                   2
                  52               10070               53140            -4789.37                1500                   2
                  53                9850               37560            -2632.13                1500                   2
                  54                9850               45250            -2476.32                1500                   2
                  55                9740               35805            -1796.43                1500                   2
                  56                9740               43495            -3345.61                1500                   2
                  57                9740               54190            -11330.6                1500                   2
                  58                9505               47280            -4805.26                1500                   2
                  59                9505               56060            -6599.41                1500                   2
                  60                9505               43300            -2893.07                1500                   2
                  61                9395               60415              -11915                1500                   2
                  62                9395               56375            -6678.74                1500                   2
                  63                9065               53530            -4045.67                1500                   2
                  64                9065               35100            -864.411                1500                   2
                  65                9065               68190            -15396.6                1500                   2
                  66                9065               61370            -10540.5                1500                   2
                  67                8955               42155            -2601.22                1500                   2
                  68                8955               40760            -1248.46                1500                   2
                  69                8845               36310            -642.571                1500                   2
                  70                8845               53485            -13140.6                1500                   2
                  71                8845               52055            -7292.94                1500                   2
                  72                8845               47335            -2554.42                1500                   2
                  73                8735               33175            -503.457                1500                   2
                  74                8735               71480            -19432.4                1500                   2
                  75                8735               66685            -12235.1                1500                   2
                  76                8625               51505            -4755.16                1500                   2
                  77                8625               41340             -1605.9                1500                   1
                  78                8625               34765            -94.3521                1500                   1
                  79                8515               51805            -3427.78                1500                   1
                  80                8295               40030            -630.755                1500                   1
                  81                8295               32710             140.875                1500                   1
                  82                8295               45940             -2740.1                1500                   1
                  83                8295               38950            -874.363                1500                   1
                  84                8295               41120            -1877.55                1500                   1
                  85                8295               29965             53.5226                1500                   1
                  86                8185               52370            -3929.02                1500                   1
                  87                8185               29960             52.4372                1500                   1
                  88                8185               49495            -2705.77                1500                   1
                  89                8075               39580            -305.601                1500                   1
                  90                8075               40555            -1636.18                1500                   1
                  91                8075               32190             182.909                1500                   1
                  92                7965               54990            -2907.64                1500                   1
                  93                7855               39490            -313.451                1500                   1
                  94                7855               31695             722.355                1500                   1
                  95                7855               51980            -3252.45                1500                   1
                  96                7855               27170             358.311                1500                   1
                  97                7855               28945             615.888                1500                   1
                  98                7855               23940              916.51                1500                   1
                  99                7855               50740            -5751.36                1500                   1
                 100                7855               40575            -3154.41                1500                   1
                 101                7855               33520            -1218.86                1500                   1
                 102                7855               30815             -115.57                1500                   1
                 103                7855               29980             530.775                1500                   1
                 104                7840               49260            -3361.32                1500                   1
                 105                7840               35085            -406.853                1500                   1
                 106                7840               47670            -2254.22                1500                   1
                 107                7620               32775             185.951                1500                   1
                 108                7620               43275            -2200.49                1500                   1
                 109                7620               37540             -192.49                1500                   1
                 110                7620               42475            -1019.94                1500                   1
                 111                7510               33045               106.8                1500                   1
                 112                7510               48065            -1879.82                1500                   1
                 113                7510               32650            -214.525                1500                   1
                 114                7510               41535            -1353.28                1500                   1
                 115                7510               27450             368.035                1500                   1
                 116                7510               53805            -3313.58                1500                   1
                 117                7510               38545            -15.2783                1500                   1
                 118                7510               40745             -1009.2                1500                   1
                 119                7510               36015            -130.064                1500                   1
                 120                7510               32890             -488.77                1500                   1
                 121                7510               43460            -1444.99                1500                   1
                 122                7510               32820             515.037                1500                   1
                 123                7510               42485               -2350                1500                   1
                 124                7510               33120            -680.486                1500                   1
                 125                7510               35705            -761.294                1500                   1
                 126                7510               44405            -605.198                1500                   1
                 127                7510               31645             192.993                1500                   1
                 128                7510               47200            -2095.99                1500                   1
                 129                7510               32260              490.71                1500                   1
                 130                7510               47990            -2105.93                1500                   1
                 131                7510               29695             316.175                1500                   1
                 132                7510               38950             -1232.7                1500                   1
                 133                7510               24415             355.501                1500                   1
                 134                7510               50830            -4133.84                1500                   1
                 135                7510               44465             -1995.8                1500                   1
                 136                7510               34210            -27.1932                1500                   1
                 137                7510               41030            -2608.32                1500                   1
                 138                7510               27735             297.006                1500                   1
                 139                7510               43510            -2760.54                1500                   1
                 140                7510               36815            -1113.07                1500                   1
                 141                7510               37835            -453.855                1500                   1
                 142                7510               26620              795.18                1500                   1
                 143                7510               48460            -4446.88                1500                   1
                 144                7510               38575            -2147.79                1500                   1
                 145                7510               29600             219.625                1500                   1
                 146                7510               42600            -1846.56                1500                   1
                 147                7510               28455             52.1311                1500                   1
                 148                7510               47135            -2569.27                1500                   1
                 149                7510               30840             285.371                1500                   1
                 150                7510               26475             785.994                1500                   1
                 151                7510               58905            -5099.22                1500                   1
                 152                7510               44385             -2396.1                1500                   1
                 153                7510               29505             392.492                1500                 0.5
                 154                7510               33220             530.303                1500                 0.5
                 155                7510               27215             741.001                1500                 0.5
                 156                7510               17740             1185.77                1500                 0.5
                 157                7510               43170            -1470.86                1500                 0.5
                 158                7510               36300            -287.014                1500                 0.5
                 159                7510               27565             1039.48                1500                 0.5
                 160                7510               38720            -73.1577                1500                 0.5
                 161                7510               23855             1152.95                1500                 0.5
                 162                7510               37035            -444.374                1500                 0.5
                 163                7510               28160             885.759                1500                 0.5
                 164                7510               31745             533.013                1500                 0.5
                 165                7510               24295             917.231                1500                 0.5
                 166                7510               32450             62.7692                1500                 0.5
                 167                7510               27675             754.286                1500                 0.5
                 168                7510               29305             591.514                1500                 0.5
                 169                7510               27580             914.057                1500                 0.5
                 170                7510               35545             358.396                1500                 0.5
                 171                7510               23840             1116.16                1500                 0.5
                 172                7510               39235            -200.481                1500                 0.5
                 173                7510               24780             1228.65                1500                 0.5
                 174                7510               18810             1490.57                1500                 0.5
                 175                7510               40135            -1152.21                1500                 0.5
                 176                7510               31870             62.0888                1500                 0.5
                 177                7510               29950             765.007                1500                 0.5
                 178                7510               21385             1333.75                1500                 0.5
                 179                7510               24780             1310.29                1500                 0.5
                 180                7510               32655             -482.37                1500                 0.5
                 181                7510               28900             452.562                1500                 0.5
                 182                7510               34085             325.941                1500                 0.5
                 183                7510               21670             1204.23                1500                 0.5
                 184                7510               33755            -410.474                1500                 0.5
                 185                7510               22185              1213.1                1500                 0.5
                 186                7510               40070            -739.313                1500                 0.5
                 187                7510               23270             1031.95                1500                 0.5
                 188                7510               35575             74.5997                1500                 0.5
                 189                7510               23585             1106.59                1500                 0.5
                 190                7510               43305            -375.393                1500                 0.5
                 191                7510               27125             917.583                1500                 0.5
                 192                7510               31190             247.147                1500                 0.5
                 193                7510               22675              1103.3                1500                 0.5
                 194                7510               28855             -23.607                1500                 0.5
                 195                7510               21890             877.501                1500                 0.5
                 196                7510               25850             1359.65                1500                 0.5
                 197                7510               35450             -382.82                1500                 0.5
                 198                7510               27715             1069.01                1500                 0.5
                 199                7510               19325             1430.45                1500                 0.5
                 200                7510               42550            -1440.74                1500                 0.5
                 201                7510               31110            -185.455                1500                 0.5
                 202                7510               27280             653.708                1500                 0.5
                 203                7510               29910             581.718                1500                 0.5
                 204                7510               26385             952.982                1500                 0.5
                 205                7510               31520             295.756                1500                 0.5
                 206                7510               25520             1115.38                1500                 0.5
                 207                7510               35090             192.807                1500                 0.5
                 208                7510               22845             1046.15                1500                 0.5
                 209                7510               34055            -422.166                1500                 0.5
                 210                7510               27800             1051.16                1500                 0.5
                 211                7510               31505             220.723                1500                 0.5
                 212                7510               22690             1040.78                1500                 0.5
                 213                7510               17600             1548.62             1548.62                 0.5
                 214                7510               44810            -2147.61             1548.62                 0.5
                 215                7510               33595            -848.175             1548.62                 0.5
                 216                7510               33360            -109.741             1548.62                 0.5
                 217                7510               30045             769.058             1548.62                 0.5
                 218                7510               33835             496.213             1548.62                 0.5
                 219                7510               34490             985.079             1548.62                 0.5
                 220                7510               35250             579.868             1548.62                 0.5
                 221                7510               29555             870.671             1548.62                 0.5
                 222                7510               27800             681.942             1548.62                 0.5
                 223                7510               31935             630.439             1548.62                 0.5
                 224                7510               29340             972.901             1548.62                 0.5
                 225                7510               31540             508.026             1548.62                 0.5
                 226                7510               24910             1043.62             1548.62                 0.5
                 227                7510               33000            -53.0908             1548.62                 0.5
                 228                7510               26370             719.314             1548.62                 0.5
                 229                7510               29890             563.903             1548.62                 0.5
                 230                7510               31505             888.464             1548.62                 0.5
                 231                7510               29215             634.471             1548.62                 0.5
                 232                7510               22270             1293.48             1548.62                 0.5
                 233                7510               41125            -718.729             1548.62                 0.5
                 234                7510               24105             976.907             1548.62                 0.5
                 235                7510               35305             85.7586             1548.62                 0.5
                 236                7510               21780             1321.74             1548.62                 0.5
                 237                7510               38500            -977.916             1548.62                 0.5
                 238                7510               34070            -88.0884             1548.62                 0.5
                 239                7510               27090             1196.32             1548.62                 0.5
                 240                7510               34980             43.2149             1548.62                 0.5
                 241                7510               25095             1210.24             1548.62                 0.5
                 242                7510               34930             326.983             1548.62                 0.5
                 243                7510               18885             1213.33             1548.62                 0.5
                 244                7510               41435            -1085.82             1548.62                 0.5
                 245                7510               38040            -272.878             1548.62                 0.5
                 246                7510               28535             1021.02             1548.62                 0.5
                 247                7510               22490             1272.46             1548.62                 0.5
                 248                7510               19925             1372.15             1548.62                 0.5
                 249                7510               32045            -864.645             1548.62                 0.5
                 250                7510               24245             922.597             1548.62                 0.5
                 251                7510               33785              241.39             1548.62                 0.5
                 252                7510               25145             1037.67             1548.62                 0.5
                 253                7510               36020             -356.48             1548.62                 0.5
                 254                7510               25695             711.232             1548.62                 0.5
                 255                7510               28585             687.166             1548.62                 0.5
                 256                7510               27780             776.748             1548.62                 0.5
                 257                7510               31320             505.813             1548.62                 0.5
                 258                7510               24105             1049.29             1548.62                 0.5
                 259                7510               37450            -5.03596             1548.62                 0.5
                 260                7510               22425             1190.83             1548.62                 0.5
                 261                7400               35375            -59.6886             1548.62                 0.5
                 262                7400               25580             1143.87             1548.62                 0.5
                 263                7400               33580            -198.791             1548.62                 0.5
                 264                7400               28615              890.65             1548.62                 0.5
                 265                7400               26545             727.528             1548.62                 0.5
                 266                7400               35655             396.923             1548.62                 0.5
                 267                7400               20930             1272.44             1548.62                 0.5
                 268                7400               17835             1566.55             1566.55                 0.5
                 269                7290               41170             -2397.4             1566.55                 0.5
                 270                7290               39505             -1066.7             1566.55                 0.5
                 271                7290               25975             516.366             1566.55                 0.5
                 272                7290               30470             429.656             1566.55                 0.5
                 273                7290               22845             1199.34             1566.55                 0.5
                 274                7290               33255            -360.991             1566.55                 0.5
                 275                7290               31245             278.215             1566.55                 0.5
                 276                7290               24640             1236.01             1566.55                 0.5
                 277                7290               30645            -70.0154             1566.55                 0.5
                 278                7290               21025             1354.67             1566.55                 0.5
                 279                7290               37840            -730.301             1566.55                 0.5
                 280                7290               28285             842.081             1566.55                 0.5
                 281                7290               27155             744.384             1566.55                 0.5
                 282                7290               22345             1315.16             1566.55                 0.5
                 283                7290               22520             1477.76             1566.55                 0.5
                 284                7290               19740             1556.78             1566.55                 0.5
                 285                7290               38970            -1234.37             1566.55                 0.5
                 286                7290               30295            -241.495             1566.55                 0.5
                 287                7290               26465             721.485             1566.55                 0.5
                 288                7290               21845             1258.36             1566.55                 0.5
                 289                7290               37525            -438.226             1566.55                 0.5
                 290                7290               23870             1223.28             1566.55                 0.5
                 291                7290               33280            -510.926             1566.55                 0.5
                 292                7290               29150             456.708             1566.55                 0.5
                 293                7290               27405             929.382             1566.55                 0.5
                 294                7290               32320             562.428             1566.55                 0.5
                 295                7290               28895             1058.06             1566.55                 0.5
                 296                7290               32590             403.803             1566.55                 0.5
                 297                7290               20725             1157.46             1566.55                 0.5
                 298                7290               36045            -68.0498             1566.55                 0.5
                 299                7290               26950             1128.48             1566.55                 0.5
                 300                7290               34680             112.513             1566.55                 0.5
                 301                7290               21750             1308.68             1566.55                 0.5
                 302                7290               34915            -388.167             1566.55                 0.5
                 303                7290               25425             654.029             1566.55                 0.5
                 304                7195               36160             323.117             1566.55                 0.5
                 305                7195               23040             1192.65             1566.55                 0.5
                 306                7195               34760            -27.0785             1566.55                 0.5
                 307                7195               28975             752.161             1566.55                 0.5
                 308                7085               19530             1469.82             1566.55                 0.5
                 309                7085               17430             1600.21             1600.21                 0.5
                 310                7085               46640            -2675.77             1600.21                 0.5
                 311                7085               41390            -1132.13             1600.21                 0.5
                 312                7085               26145             679.389             1600.21                 0.5
                 313                7085               29085             744.393             1600.21                 0.5
                 314                7085               28095              828.17             1600.21                 0.5
                 315                7085               28430             717.998             1600.21                 0.5
                 316                7085               26760             942.502             1600.21                 0.5
                 317                7085               16830             1524.06             1600.21                 0.5
                 318                7085               38800            -1605.45             1600.21                 0.5
                 319                7085               25175             389.979             1600.21                 0.5
                 320                7085               25505             1194.29             1600.21                 0.5
                 321                7085               32280             244.537             1600.21                 0.5
                 322                7085               23260             850.476             1600.21                 0.5
                 323                7085               32420             390.243             1600.21                 0.5
                 324                7085               23525             1258.57             1600.21                 0.5
                 325                7085               38875            -588.584             1600.21                 0.5
                 326                7085               23775             1184.94             1600.21                 0.5
                 327                7085               36975            -282.099             1600.21                 0.5
                 328                7085               31085             469.776             1600.21                 0.5
                 329                7085               24800             1088.65             1600.21                 0.5
                 330                7085               27925             676.708             1600.21                 0.5
                 331                7085               20440             1232.19             1600.21                 0.5
                 332                7085               39095            -316.188             1600.21                 0.5
                 333                7085               30125             520.384             1600.21                 0.5
                 334                7085               29165             938.904             1600.21                 0.5
                 335                7085               18685             1486.46             1600.21                 0.5
                 336                7085               42645            -1138.76             1600.21                 0.5
                 337                7085               33985             9.53942             1600.21                 0.5
                 338                7085               26920             791.779             1600.21                 0.5
                 339                7085               27795             669.235             1600.21                 0.5
                 340                7085               26135             909.008             1600.21                 0.5
                 341                7085               30185             675.771             1600.21                 0.5
                 342                7085               26135             1039.17             1600.21                 0.5
                 343                7085               18620             1500.26             1600.21                 0.5
                 344                7085               41710            -1491.16             1600.21                 0.5
                 345                7085               33600            -176.421             1600.21                 0.5
                 346                7085               24905             945.439             1600.21                 0.5
                 347                7085               30690             439.465             1600.21                 0.5
                 348                7085               26730             1197.73             1600.21                 0.5
                 349                7085               29825             486.863             1600.21                 0.5
                 350                7085               21955             1122.66             1600.21                 0.5
                 351                7085               35655            -276.745             1600.21                 0.5
                 352                7085               24265             1206.89             1600.21                 0.5
                 353                7085               32230             108.165             1600.21                 0.5
                 354                7085               27550             1237.68             1600.21                 0.5
                 355                7085               33975              250.07             1600.21                 0.5
                 356                7085               22975             1302.17             1600.21                 0.5
                 357                7085               37760             -635.12             1600.21                 0.5
                 358                7085               30030             425.242             1600.21                 0.5
                 359                7085               26150             1110.86             1600.21                 0.5
                 360                7085               30895             537.219             1600.21                 0.5
                 361                7085               28240             951.418             1600.21                 0.5
                 362                7085               17065             1528.91             1600.21                 0.5
                 363                7085               53520            -1966.83             1600.21                 0.5
                 364                7085               44660            -874.086             1600.21                 0.5
                 365                7085               27750             690.883             1600.21                 0.5
                 366                7085               25710             1124.34             1600.21                 0.5
                 367                7085               30440             144.143             1600.21                 0.5
                 368                7085               25505             798.671             1600.21                 0.5
                 369                7085               33330             502.467             1600.21                 0.5
                 370                7085               22220              1195.4             1600.21                 0.5
                 371                7085               33125             -11.899             1600.21                 0.5
                 372                7085               25615             819.841             1600.21                 0.5
                 373                7085               28175             805.759             1600.21                 0.5
                 374                7085               29605             682.242             1600.21                 0.5
                 375                7085               29605             862.917             1600.21                 0.5
                 376                7085               32105             687.784             1600.21                 0.5
                 377                7085               26400             1163.62             1600.21                 0.5
                 378                7085               29765             311.389             1600.21                 0.5
                 379                7085               21075             1158.91             1600.21                 0.5
                 380                7085               29335             70.6985             1600.21                 0.5
                 381                7085               27530              1004.8             1600.21                 0.5
                 382                7085               29075             703.148             1600.21                 0.5
                 383                7085               32640             654.455             1600.21                 0.5
                 384                7085               18810             1411.04             1600.21                 0.5
                 385                7085               17350             1550.61             1600.21                0.25
                 386                7085               33535             520.309             1600.21                0.25
                 387                7085               20365             1471.17             1600.21                0.25
                 388                7085               26215             980.365             1600.21                0.25
                 389                7085               21265             1373.98             1600.21                0.25
                 390                7085               27815             1090.24             1600.21                0.25
                 391                7085               23540             1399.63             1600.21                0.25
                 392                7085               22365             1293.29             1600.21                0.25
                 393                7085               21040             1448.84             1600.21                0.25
                 394                7085               26595             973.712             1600.21                0.25
                 395                7085               22885             1423.77             1600.21                0.25
                 396                7085               28945             1072.47             1600.21                0.25
                 397                7085               21060              1622.3              1622.3                0.25
                 398                7085               36520             642.687              1622.3                0.25
                 399                7085               25035              1169.6              1622.3                0.25
                 400                7085               22820             1505.61              1622.3                0.25
                 401                7085               26435             1068.55              1622.3                0.25
                 402                7085               19235             1622.32             1622.32                0.25
                 403                7085               34195             421.704             1622.32                0.25
                 404                7085               30440             957.903             1622.32                0.25
                 405                7085               21485             1542.24             1622.32                0.25
                 406                7085               28115             1044.11             1622.32                0.25
                 407                7085               19110             1589.32             1622.32                0.25
                 408                7085               32405             730.681             1622.32                0.25
                 409                7085               21815             1575.27             1622.32                0.25
                 410                7085               17115             1709.47             1709.47                0.25
                 411                7085               30485             480.433             1709.47                0.25
                 412                7085               26605             952.471             1709.47                0.25
                 413                7085               20510             1540.99             1709.47                0.25
                 414                7085               27865              885.59             1709.47                0.25
                 415                7085               20810             1358.46             1709.47                0.25
                 416                7085               23355             1286.42             1709.47                0.25
                 417                7085               22130             1451.03             1709.47                0.25
                 418                7085               28270             1118.13             1709.47                0.25
                 419                7085               20100             1526.93             1709.47                0.25
                 420                7085               22695             1087.55             1709.47                0.25
                 421                7085               22945             1550.19             1709.47                0.25
                 422                7085               26135             1276.15             1709.47                0.25
                 423                7085               22930             1570.36             1709.47                0.25
                 424                7085               26640             1175.35             1709.47                0.25
                 425                7085               21940              1489.5             1709.47                0.25
                 426                7085               27455             1172.71             1709.47                0.25
                 427                7085               22425             1552.72             1709.47                0.25
                 428                7085               16140             1747.53             1747.53                0.25
                 429                7085               38125             206.941             1747.53                0.25
                 430                7085               33050             822.937             1747.53                0.25
                 431                7085               21720             1467.19             1747.53                0.25
                 432                7085               26010             1168.91             1747.53                0.25
                 433                7085               21025              1600.6             1747.53                0.25
                 434                7085               27535             1119.29             1747.53                0.25
                 435                7085               20305             1609.66             1747.53                0.25
                 436                7085               31270             993.589             1747.53                0.25
                 437                7085               20055             1582.86             1747.53                0.25
                 438                7085               16360             1746.96             1747.53                0.25
                 439                7085               29060             492.345             1747.53                0.25
                 440                7085               24600             1046.04             1747.53                0.25
                 441                7085               23210             1379.89             1747.53                0.25
                 442                7085               21295             1391.03             1747.53                0.25
                 443                7085               18075             1575.26             1747.53                0.25
                 444                7085               15390             1763.55             1763.55                0.25
                 445                7085               35045             196.061             1763.55                0.25
                 446                7085               24970             1219.19             1763.55                0.25
                 447                7085               24895             1420.91             1763.55                0.25
                 448                7085               25725             1358.78             1763.55                0.25
                 449                7085               21500             1467.11             1763.55                0.25
                 450                7085               24280             1290.35             1763.55                0.25
                 451                7085               20275             1556.66             1763.55                0.25
                 452                7085               14490             1760.96             1763.55                0.25
                 453                7085               42210            -52.8256             1763.55                0.25
                 454                7085               34635             450.078             1763.55                0.25
                 455                7085               21825             1406.82             1763.55                0.25
                 456                7085               24785             1260.22             1763.55                0.25
                 457                7085               25080              1505.7             1763.55                0.25
                 458                7085               26735             1286.76             1763.55                0.25
                 459                7085               16535             1655.94             1763.55                0.25
                 460                7085               33975             425.286             1763.55                0.25
                 461                7085               29985             814.125             1763.55                0.25
                 462                7085               20855              1614.2             1763.55                0.25
                 463                7085               28365             1021.07             1763.55                0.25
                 464                7085               19850             1685.43             1763.55                0.25
                 465                7085               25350             986.518             1763.55                0.25
                 466                7085               19755             1464.01             1763.55                0.25
                 467                7085               27785             1162.15             1763.55                0.25
                 468                7085               23795             1359.78             1763.55                0.25
                 469                7085               19410             1598.62             1763.55                0.25
                 470                7085               29670             850.859             1763.55                0.25
                 471                7085               21830             1349.37             1763.55                0.25
                 472                7085               28535             1311.16             1763.55                0.25
                 473                7085               22255              1488.5             1763.55                0.25
                 474                7085               15860             1781.78             1781.78                0.25
                 475                7085               33160             255.631             1781.78                0.25
                 476                7085               26510             824.188             1781.78                0.25
                 477                7085               19770             1619.67             1781.78                0.25
                 478                7085               28145              963.72             1781.78                0.25
                 479                7085               20825             1569.67             1781.78                0.25
                 480                7085               30630             1065.97             1781.78                0.25
                 481                7085               24250             1445.93             1781.78                0.25
                 482                7085               24185              1403.1             1781.78                0.25
                 483                7085               24530             1300.93             1781.78                0.25
                 484                7085               17385             1676.36             1781.78                0.25
                 485                7085               26195              931.98             1781.78                0.25
                 486                7085               20540             1339.25             1781.78                0.25
                 487                7085               27045             1268.45             1781.78                0.25
                 488                7085               19850             1651.16             1781.78                0.25
                 489                7085               27975             939.822             1781.78                0.25
                 490                7085               23780              1303.1             1781.78                0.25
                 491                7085               26355             1354.12             1781.78                0.25
                 492                7085               24425              1447.3             1781.78                0.25
                 493                7085               28915              1290.7             1781.78                0.25
                 494                7085               22065             1655.28             1781.78                0.25
                 495                7085               28615             1009.19             1781.78                0.25
                 496                7085               19255             1696.17             1781.78                0.25
                 497                7085               30705             1061.17             1781.78                0.25
                 498                7085               22585             1329.07             1781.78                0.25
                 499                7085               25790             1412.32             1781.78                0.25
                 500                7085               20070             1669.35             1781.78                0.25
                 501                7085               30815              975.35             1781.78                0.25
                 502                7085               24815             1283.55             1781.78                0.25
                 503                7085               21405             1491.27             1781.78                0.25
                 504                7085               27330             1280.77             1781.78                0.25
                 505                7085               22395             1470.49             1781.78                0.25
                 506                7085               17665             1763.38             1781.78                0.25
                 507                7085               28620             513.786             1781.78                0.25
                 508                7085               26310             931.052             1781.78                0.25
                 509                7085               23715             1609.39             1781.78                0.25
                 510                7085               29800             1224.56             1781.78                0.25
                 511                7085               24690             1536.87             1781.78                0.25
                 512                7085               23445              1287.9             1781.78                0.25
                 513                7085               24750             1497.65             1781.78                0.25
                 514                7085               26075             1348.15             1781.78                0.25
                 515                7085               19945             1487.84             1781.78                0.25
                 516                7085               16330             1691.91             1781.78                0.25
                 517                7085               32310              756.78             1781.78                0.25
                 518                7085               20790             1415.14             1781.78                0.25
                 519                7085               17255             1599.82             1781.78                0.25
                 520                7085               26995             731.179             1781.78                0.25
                 521                7085               24970             1183.89             1781.78                0.25
                 522                7085               22930             1545.22             1781.78                0.25
                 523                7085               27250             1309.34             1781.78                0.25
                 524                7085               20290             1591.54             1781.78                0.25
                 525                7085               32545              895.26             1781.78                0.25
                 526                7085               18575             1613.43             1781.78                0.25
                 527                7085               25995             949.172             1781.78                0.25
                 528                7085               21280             1534.47             1781.78                0.25
                 529                7085               25070             1258.04             1781.78                0.25
                 530                7085               20745             1585.58             1781.78                0.25
                 531                7085               28305             1116.46             1781.78                0.25
                 532                7085               20775             1487.55             1781.78                0.25
                 533                7085               16960             1679.52             1781.78                0.25
                 534                7085               32375             803.276             1781.78                0.25
                 535                7085               24800             1221.13             1781.78                0.25
                 536                7085               20795             1474.17             1781.78                0.25
                 537                7085               24815              1312.3             1781.78                0.25
                 538                7085               21265             1508.33             1781.78                0.25
                 539                7085               31445             919.007             1781.78                0.25
                 540                7085               23950              1456.2             1781.78                0.25
                 541                7085               17275             1668.85             1781.78                0.25
                 542                7085               34305             628.652             1781.78                0.25
                 543                7085               24470             1227.65             1781.78                0.25
                 544                7085               24325             1431.74             1781.78                0.25
                 545                7085               22835             1443.73             1781.78                0.25
                 546                7085               26795             1121.97             1781.78                0.25
                 547                7085               20525              1519.8             1781.78                0.25
                 548                7085               28840             1110.52             1781.78                0.25
                 549                7085               18075              1486.4             1781.78                0.25
                 550                7085               27910             1113.83             1781.78               0.125
                 551                7085               18655             1556.46             1781.78               0.125
                 552                7085               17085             1704.23             1781.78               0.125
                 553                7085               13660             1786.67             1786.67               0.125
                 554                7085               27940             1217.07             1786.67               0.125
                 555                7085               18545             1642.93             1786.67               0.125
                 556                7085               20920             1611.27             1786.67               0.125
                 557                7085               19660             1722.38             1786.67               0.125
                 558                7085               20385             1594.26             1786.67               0.125
                 559                7085               22050             1711.65             1786.67               0.125
                 560                7085               24110             1671.19             1786.67               0.125
                 561                7085               20590             1712.93             1786.67               0.125
                 562                7085               25495             1630.01             1786.67               0.125
                 563                7085               18120             1804.69             1804.69               0.125
                 564                7085               27190             1464.73             1804.69               0.125
                 565                7085               21595             1639.94             1804.69               0.125
                 566                7085               16000             1760.35             1804.69               0.125
                 567                7085               26890             1393.44             1804.69               0.125
                 568                7085               18735             1798.69             1804.69               0.125
                 569                7085               23905             1478.88             1804.69               0.125
                 570                7085               18845             1681.64             1804.69               0.125
                 571                7085               21265             1651.13             1804.69               0.125
                 572                7085               21610             1657.32             1804.69               0.125
                 573                7085               23905             1725.28             1804.69               0.125
                 574                7085               21565             1674.77             1804.69               0.125
                 575                7085               17040             1806.17             1806.17               0.125
                 576                7085               29325             1374.79             1806.17               0.125
                 577                7085               23040              1596.6             1806.17               0.125
                 578                7085               22205             1746.85             1806.17               0.125
                 579                7085               11790             1877.84             1877.84               0.125
                 580                7085               28635             1176.69             1877.84               0.125
                 581                7085               23275             1391.57             1877.84               0.125
                 582                7085               20590             1685.61             1877.84               0.125
                 583                7085               24455             1629.63             1877.84               0.125
                 584                7085               16990             1793.58             1877.84               0.125
                 585                7085               23040             1531.69             1877.84               0.125
                 586                7085               16725             1773.46             1877.84               0.125
                 587                7085               12010              1849.1             1877.84               0.125
                 588                7085               11525             1877.94             1877.94               0.125
                 589                7085               25020              1236.6             1877.94               0.125
                 590                7085               21360             1444.23             1877.94               0.125
                 591                7085               21185             1573.75             1877.94               0.125
                 592                7085               15780             1740.41             1877.94               0.125
                 593                7085               24060             1447.74             1877.94               0.125
                 594                7085               21405             1622.62             1877.94               0.125
                 595                7085               20560             1766.13             1877.94               0.125
                 596                7085               24345             1577.56             1877.94               0.125
                 597                7085               18970             1812.42             1877.94               0.125
                 598                7085               22695             1534.79             1877.94               0.125
                 599                7085               19490             1817.26             1877.94               0.125
                 600                7085               25760             1532.98             1877.94               0.125
                 601                7085               21720             1707.02             1877.94               0.125
                 602                7085               20180             1739.29             1877.94               0.125
                 603                7085               23135              1615.8             1877.94               0.125
                 604                7085               18060             1721.54             1877.94               0.125
                 605                7085               24295             1600.49             1877.94               0.125
                 606                7085               16395             1819.78             1877.94               0.125
                 607                7085               29435             1276.34             1877.94               0.125
                 608                7085               28555             1451.45             1877.94               0.125
                 609                7085               18390             1828.02             1877.94               0.125
                 610                7085               29435             1522.36             1877.94               0.125
                 611                7085               16960             1775.26             1877.94               0.125
                 612                7085               11555             1853.17             1877.94               0.125
                 613                7085               33800             924.116             1877.94               0.125
                 614                7085               29055             1258.83             1877.94               0.125
                 615                7085               17745             1651.15             1877.94               0.125
                 616                7085               28275             1511.74             1877.94               0.125
                 617                7085               15875              1841.2             1877.94               0.125
                 618                7085               26545             1214.88             1877.94               0.125
                 619                7085               25335             1452.96             1877.94               0.125
                 620                7085               15970             1794.77             1877.94               0.125
                 621                7085               11885             1860.32             1877.94               0.125
                 622                7085               23965             1218.92             1877.94               0.125
                 623                7085               22190             1392.21             1877.94               0.125
                 624                7085               22035             1645.09             1877.94               0.125
                 625                7085               24470             1632.71             1877.94               0.125
                 626                7085               19315             1781.33             1877.94               0.125
                 627                7085               14430             1855.35             1877.94               0.125
                 628                7085               10280             1898.18             1898.18               0.125
                 629                7085               25270             785.548             1898.18               0.125
                 630                7085               23935             1190.34             1898.18               0.125
                 631                7085               19395             1575.39             1898.18               0.125
                 632                7085               15750              1694.4             1898.18               0.125
                 633                7085               25190             1560.24             1898.18               0.125
                 634                7085               19425             1673.66             1898.18               0.125
                 635                7085               25195             1599.39             1898.18               0.125
                 636                7085               19680             1827.48             1898.18               0.125
                 637                7085               25665             1514.33             1898.18               0.125
                 638                7085               17635             1814.59             1898.18               0.125
                 639                7085               26370             1505.18             1898.18               0.125
                 640                7085               17165             1772.98             1898.18               0.125
                 641                7085               15830             1838.35             1898.18               0.125
                 642                7085               26730              1348.4             1898.18               0.125
                 643                7085               15385             1789.54             1898.18               0.125
                 644                7085               22100             1422.94             1898.18               0.125
                 645                7085               21990             1599.23             1898.18               0.125
                 646                7085               18750             1711.81             1898.18               0.125
                 647                7085               15735             1774.71             1898.18               0.125
                 648                7085               15845             1851.93             1898.18               0.125
                 649                7085               24930             1431.48             1898.18               0.125
                 650                7085               18170             1712.68             1898.18               0.125
                 651                7085               21470             1608.19             1898.18               0.125
                 652                7085               15670             1808.08             1898.18               0.125
                 653                7085               27190             1385.87             1898.18               0.125
                 654                7085               21690             1615.45             1898.18               0.125
                 655                7085               22820             1702.11             1898.18               0.125
                 656                7085               19380             1709.15             1898.18               0.125
                 657                7085               17730             1830.83             1898.18               0.125
                 658                7085               22240             1540.27             1898.18               0.125
                 659                7085               21595             1722.03             1898.18               0.125
                 660                7085               16710             1847.33             1898.18               0.125
                 661                7085               25115             1445.87             1898.18               0.125
                 662                7085               19975             1660.11             1898.18               0.125
                 663                7085               24345             1681.62             1898.18               0.125
                 664                7085               19065             1772.96             1898.18               0.125
                 665                7085               24550             1515.29             1898.18               0.125
                 666                7085               22490             1716.51             1898.18               0.125
                 667                7085               21550             1721.57             1898.18               0.125
                 668                7085               23450             1698.27             1898.18               0.125
                 669                7085               17980             1789.16             1898.18               0.125
                 670                7085               22980             1578.03             1898.18               0.125
                 671                7085               18360             1818.71             1898.18               0.125
                 672                7085               22915             1545.31             1898.18               0.125
                 673                7085               17605             1694.93             1898.18               0.125
                 674                7085               15515             1785.51             1898.18               0.125
                 675                7085               27910                1367             1898.18               0.125
                 676                7085               22755              1622.7             1898.18               0.125
                 677                7085               19630             1780.59             1898.18               0.125
                 678                7085               24125             1571.64             1898.18               0.125
                 679                7085               19125             1761.65             1898.18               0.125
                 680                7085               12685             1871.52             1898.18               0.125
                 681                7085               28555             1160.68             1898.18               0.125
                 682                7085               26230             1373.72             1898.18               0.125
                 683                7085               19520             1650.47             1898.18               0.125
                 684                7085               16725             1761.88             1898.18               0.125
                 685                7085               25930             1551.87             1898.18               0.125
                 686                7085               21125             1747.85             1898.18               0.125
                 687                7085               16065             1852.74             1898.18               0.125
                 688                7085               29435             1337.63             1898.18               0.125
                 689                7085               20635             1720.11             1898.18               0.125
                 690                7085               21800             1630.66             1898.18               0.125
                 691                7085               20230             1788.32             1898.18               0.125
                 692                7085               23670             1553.36             1898.18               0.125
                 693                7085               20700             1740.12             1898.18               0.125
                 694                7085               24515             1608.51             1898.18               0.125
                 695                7085               19710              1800.2             1898.18               0.125
                 696                7085               26765             1437.02             1898.18               0.125
                 697                7085               23495              1646.3             1898.18               0.125
                 698                7085               17510             1759.03             1898.18               0.125
                 699                7085               24910             1559.74             1898.18               0.125
                 700                7085               20025             1781.07             1898.18               0.125
                 701                7085               14525                1871             1898.18               0.125
                 702                7085               27880             1246.45             1898.18               0.125
                 703                7085               26560             1475.83             1898.18               0.125
                 704                7085               20370             1751.19             1898.18              0.0625
Lagrangian Relaxation Time: 4.44971 s.
Tried aggregator 1 time.
MIP Presolve eliminated 263 rows and 628 columns.
MIP Presolve modified 52 coefficients.
Reduced MIP has 797 rows, 3671 columns, and 37185 nonzeros.
Reduced MIP has 2277 binaries, 0 generals, 0 SOSs, and 0 indicators.
Presolve time = 0.02 sec. (10.87 ticks)
Probing time = 0.00 sec. (2.96 ticks)
Tried aggregator 1 time.
MIP Presolve eliminated 48 rows and 96 columns.
Reduced MIP has 749 rows, 3575 columns, and 36380 nonzeros.
Reduced MIP has 2277 binaries, 0 generals, 0 SOSs, and 0 indicators.
Presolve time = 0.02 sec. (13.11 ticks)
Probing time = 0.00 sec. (2.93 ticks)
Clique table members: 100.
MIP emphasis: integer feasibility.
MIP search method: dynamic search.
Parallel mode: none, using 1 thread.
Root relaxation solution time = 0.47 sec. (432.03 ticks)

        Nodes                                         Cuts/
   Node  Left     Objective  IInf  Best Integer    Best Bound    ItCnt     Gap

      0     0     2016.6667    75                   2016.6667     3269         
*     0+    0                         6025.0000     2016.6667            66.53%
      0     0     2020.4814   147     6025.0000      Fract: 1     3663   66.47%
*     0+    0                         5725.0000     2020.4814            64.71%
      0     0     2023.2088   152     5725.0000      Fract: 2     4016   64.66%
*     0+    0                         3055.0000     2023.2088            33.77%
*     0+    0                         2725.0000     2023.2088            25.75%
      0     2     2023.2088   152     2725.0000     2023.2088     4016   25.75%
Elapsed time = 1.32 sec. (1082.94 ticks, tree = 0.01 MB, solutions = 4)
      1     3     2061.1765   139     2725.0000     2023.2088     5476   25.75%
      2     4     2025.1825   167     2725.0000     2025.1984     5743   25.68%
      3     5     2030.6498   154     2725.0000     2025.6607     5979   25.66%
*     4     4      integral     0     2065.0000     2030.6498     7124    1.66%
      5     5     2031.2500   135     2065.0000     2030.6755     7927    1.66%
      6     4        cutoff           2065.0000     2030.6755     8944    1.66%
      7     3        cutoff           2065.0000     2030.6755    10006    1.66%
      8     4     2057.5000    62     2065.0000     2057.5000    10712    0.36%

Gomory fractional cuts applied:  2

Root node processing (before b&c):
  Real time             =    1.28 sec. (1054.35 ticks)
Sequential b&c:
  Real time             =    1.27 sec. (1145.25 ticks)
                          ------------
Total (root+branch&cut) =    2.55 sec. (2199.61 ticks)

Root node processing (before b&c):
  Real time             =    0.00 sec. (0.85 ticks)
Sequential b&c:
  Real time             =    0.00 sec. (0.00 ticks)
                          ------------
Total (root+branch&cut) =    0.00 sec. (0.85 ticks)
Best Solution Found: 2065
Optimality Gap: 0.0878853
Solution is feasible
Total Time: 6.99881 s.
Best Solution: 2065
SubProblem Destroyed
...done!
